Data,Hora UTC,"PRECIPITAÇÃO TOTAL, HORÁRIO (mm)","PRESSAO ATMOSFERICA AO NIVEL DA ESTACAO, HORARIA (mB)",PRESSÃO ATMOSFERICA MAX.NA HORA ANT. (AUT) (mB),PRESSÃO ATMOSFERICA MIN. NA HORA ANT. (AUT) (mB),RADIACAO GLOBAL (Kj/m²),"TEMPERATURA DO AR - BULBO SECO, HORARIA (°C)",TEMPERATURA DO PONTO DE ORVALHO (°C),TEMPERATURA MÁXIMA NA HORA ANT. (AUT) (°C),TEMPERATURA MÍNIMA NA HORA ANT. (AUT) (°C),TEMPERATURA ORVALHO MAX. NA HORA ANT. (AUT) (°C),TEMPERATURA ORVALHO MIN. NA HORA ANT. (AUT) (°C),UMIDADE REL. MAX. NA HORA ANT. (AUT) (%),UMIDADE REL. MIN. NA HORA ANT. (AUT) (%),"UMIDADE RELATIVA DO AR, HORARIA (%)","VENTO, DIREÇÃO HORARIA (gr) (° (gr))","VENTO, RAJADA MAXIMA (m/s)","VENTO, VELOCIDADE HORARIA (m/s)"
2022/01/01,0000 UTC,0,884,884,"882,9",,"19,2","17,4","19,2",19,"17,4","17,2",90,89,89,356,"4,4","1,9"
2022/01/01,0100 UTC,"0,4","884,4","884,4",884,,19,"17,7","19,5",19,"17,7","17,4",92,88,92,350,"5,2","2,1"
2022/01/01,0200 UTC,0,"884,2","884,4","884,2",,"19,1","17,6","19,1","18,8","17,7","17,6",93,91,91,6,"5,1","2,6"
2022/01/01,0300 UTC,0,884,"884,2",884,,"18,8","17,2","19,2","18,8","17,6","17,2",91,89,91,2,"5,8","2,8"
2022/01/01,0400 UTC,0,"883,2",884,"883,2",,"18,5","17,2","18,8","18,4","17,3","17,1",92,91,92,11,"4,3","1,3"
2022/01/01,0500 UTC,0,"882,8","883,2","882,8",,"18,7","17,3","18,7","18,4","17,4","17,2",93,92,92,12,"4,7","2,9"
2022/01/01,0600 UTC,"0,8","882,7","882,8","882,7",,"18,3","17,4","18,7","18,3","17,4","17,3",94,92,94,350,"5,6","2,7"
2022/01/01,0700 UTC,"0,4","882,6","882,7","882,5",,"18,3","17,5","18,4","18,3","17,5","17,4",95,94,95,350,"6,1","3,1"
2022/01/01,0800 UTC,0,"882,8","882,9","882,6",,"18,3","17,4","18,4","18,3","17,5","17,4",95,95,95,356,"6,4","3,4"
2022/01/01,0900 UTC,0,"883,3","883,3","882,8","1,5","18,3","17,5","18,3","18,2","17,5","17,4",95,95,95,2,"6,4","2,2"
2022/01/01,1000 UTC,"0,2","883,9","883,9","883,3","79,4","18,6","17,7","18,6","18,3","17,7","17,5",95,95,95,5,"5,1","2,9"
2022/01/01,1100 UTC,0,"884,4","884,4","883,9","328,5","18,9","17,9","19,1","18,6","18,1","17,7",95,93,94,6,"6,8","3,5"
2022/01/01,1200 UTC,"0,6","884,8","884,8","884,4","361,6",19,18,19,"18,9",18,"17,8",94,93,94,355,"7,7","4,3"
2022/01/01,1300 UTC,"0,2",885,885,"884,8","998,5","20,6","18,4","20,6",19,"18,7",18,94,87,87,355,"7,9","4,9"
2022/01/01,1400 UTC,0,"884,9",885,"884,9","1239,2","20,2",18,21,"20,1","18,9","17,8",90,84,87,345,"9,1","4,3"
2022/01/01,1500 UTC,"5,2","884,3","884,9","884,3","1142,4","20,9","19,8","20,9","19,3","19,9","18,1",95,87,94,341,"9,1","3,6"
2022/01/01,1600 UTC,0,"883,6","884,3","883,6",2221,"22,3","18,7","22,9","20,8","19,8","18,1",94,79,81,324,"8,3","3,3"
2022/01/01,1700 UTC,"3,2","883,3","883,7","883,3","955,3","20,8","18,5","22,4","19,8","19,2","16,9",91,79,87,342,10,4
2022/01/01,1800 UTC,0,"882,7","883,4","882,7","1098,9","20,8","18,3","21,2","20,5","18,8","18,2",89,84,85,341,"7,5","3,5"
2022/01/01,1900 UTC,0,"882,6","882,7","882,5","903,6","20,3",18,"21,2","20,3","18,4","17,6",86,81,86,343,"7,4",4
2022/01/01,2000 UTC,"10,2","882,8","882,9","882,6","218,7",19,"18,1","20,3","18,9","18,3","17,7",95,86,95,352,"6,9","3,1"
2022/01/01,2100 UTC,"3,8","883,2","883,2","882,8","103,1",19,"18,2",19,"18,8","18,2",18,95,95,95,332,"5,5","2,3"
2022/01/01,2200 UTC,"0,8","883,7","883,8","883,1","32,5","18,6","17,4",19,"18,6","18,2","17,4",95,93,93,332,7,"3,3"
2022/01/01,2300 UTC,0,"884,2","884,2","883,7",,"18,3","17,2","18,6","18,3","17,4","17,2",93,93,93,334,"5,8","2,9"
2022/01/02,0000 UTC,"0,2","884,7","884,7","884,1",,"18,1","17,2","18,3",18,"17,3","17,1",94,93,94,350,"5,6","2,6"
2022/01/02,0100 UTC,0,"885,3","885,3","884,7",,"18,4","17,4","18,5","18,1","17,6","17,2",95,94,94,340,"5,9","3,5"
2022/01/02,0200 UTC,0,"885,6","885,8","885,3",,"18,3","17,4","18,4","18,3","17,4","17,3",94,94,94,347,"6,2","2,7"
2022/01/02,0300 UTC,0,"884,6","885,6","884,6",,"18,3","17,4","18,3","18,2","17,5","17,4",95,94,95,14,5,"2,9"
2022/01/02,0400 UTC,0,"884,5","884,8","884,5",,"18,3","17,5","18,3","18,3","17,5","17,4",95,95,95,357,"5,8","2,5"
2022/01/02,0500 UTC,0,"884,1","884,5","884,1",,"18,1","17,3","18,4","18,1","17,5","17,3",95,95,95,356,6,"2,4"
2022/01/02,0600 UTC,0,"883,8","884,1","883,7",,"18,1","17,3","18,1","17,9","17,3",17,95,95,95,349,"4,8","2,3"
2022/01/02,0700 UTC,0,"883,9","883,9","883,7",,"18,2","17,3","18,2","18,1","17,3","17,3",95,95,95,340,"4,7","1,8"
2022/01/02,0800 UTC,0,"884,3","884,3","883,9",,"18,1","17,2","18,3","18,1","17,4","17,2",95,94,94,346,"4,5","1,9"
2022/01/02,0900 UTC,"0,2","884,9","884,9","884,3","2,4","18,2","17,4","18,2","18,1","17,4","17,2",95,94,95,355,"3,7","1,9"
2022/01/02,1000 UTC,"0,2","885,4","885,4","884,9",119,"18,5","17,6","18,5","18,2","17,6","17,4",95,95,95,354,"5,4","3,3"
2022/01/02,1100 UTC,0,886,886,"885,4","630,1","19,4",18,"19,6","18,4","18,5","17,6",95,91,92,357,7,"3,9"
2022/01/02,1200 UTC,1,"886,5","886,5",886,650,"19,8","18,6","19,9","18,8","19,1","17,8",95,92,93,348,7,"2,4"
2022/01/02,1300 UTC,"0,8","886,7","886,8","886,5","927,5","20,5","18,5","21,1","19,6","19,3","18,1",93,86,89,346,6,3
2022/01/02,1400 UTC,0,"886,2","886,7","886,2","1557,5","21,8","18,1","22,5","20,5","19,3","17,9",89,76,80,335,"7,6",3
2022/01/02,1500 UTC,0,"885,3","886,2","885,3","3182,1","24,3","18,2","24,5","21,8","19,1","17,8",80,67,69,3,"7,3","4,5"
2022/01/02,1600 UTC,0,"884,6","885,3","884,6","2803,8","25,1","18,2","25,2","23,5","19,3","17,5",73,64,65,343,"8,6","4,5"
2022/01/02,1700 UTC,"1,2","884,4","884,8","884,4","1043,7","21,2","20,1","25,2",20,"20,1","17,1",94,62,93,8,"8,8","4,3"
2022/01/02,1800 UTC,"0,2",883,"884,4",883,"2123,8","21,4",19,"21,9","20,1","20,5","18,4",94,83,86,1,"8,9","4,3"
2022/01/02,1900 UTC,0,883,"883,1","882,9","1259,3",22,"18,8",22,"21,1","19,6","18,1",87,79,82,337,"9,2","4,1"
2022/01/02,2000 UTC,0,883,883,"882,8","1391,6","22,5","17,7","23,6","21,9","18,8","17,4",82,71,75,346,"7,9","4,2"
2022/01/02,2100 UTC,0,"883,7","883,7",883,"292,9","21,3","17,9","22,5","21,3","17,9","17,5",81,74,81,327,"7,6","2,3"
2022/01/02,2200 UTC,0,"884,7","884,7","883,7","39,7","19,8","16,8","21,3","19,8","18,2","16,6",85,81,83,305,"5,7",2
2022/01/02,2300 UTC,0,"885,5","885,5","884,7",,"19,7","17,9","19,8","19,7","17,9","16,8",89,83,89,315,"5,5","2,1"
2022/01/03,0000 UTC,0,"885,9","885,9","885,5",,"19,3","17,7","19,7","19,3","17,9","17,7",91,89,91,323,"4,8","2,5"
2022/01/03,0100 UTC,0,"886,2","886,2","885,9",,"19,2","17,8","19,3","19,1","17,8","17,7",92,91,92,326,"4,2",2
2022/01/03,0200 UTC,0,"886,5","886,5",886,,"18,9","17,8","19,2","18,9","17,8","17,7",93,92,93,328,"5,1","2,7"
2022/01/03,0300 UTC,"0,2","886,2","886,5","886,1",,"18,9","17,8",19,"18,9","17,9","17,7",94,93,94,330,"5,5","2,4"
2022/01/03,0400 UTC,0,"885,6","886,2","885,6",,"18,8","17,7",19,"18,8","17,9","17,6",94,93,93,338,"4,8","2,7"
2022/01/03,0500 UTC,0,"885,2","885,6","885,2",,"18,6","17,5","18,9","18,6","17,8","17,4",94,93,93,340,"6,1","3,6"
2022/01/03,0600 UTC,0,885,"885,2",885,,"18,6","17,6","18,7","18,5","17,6","17,5",94,93,94,330,"6,1","1,9"
2022/01/03,0700 UTC,0,885,885,"884,9",,"18,8","17,6","18,9","18,6","17,7","17,5",94,93,93,320,"3,9","1,4"
2022/01/03,0800 UTC,0,"885,3","885,3",885,,"18,4","17,2","18,9","18,4","17,6","17,2",93,92,93,318,"3,6","1,4"
2022/01/03,0900 UTC,0,"885,9","885,9","885,3","1,8","18,7","17,6","18,7","18,4","17,6","17,3",94,93,93,314,"3,5","1,4"
2022/01/03,1000 UTC,0,"886,2","886,3","885,9","151,9","19,4",18,"19,4","18,7",18,"17,6",93,91,92,341,"3,2","1,4"
2022/01/03,1100 UTC,0,"886,3","886,5","886,2","685,7","20,7",18,"20,7","19,4","18,4","17,9",92,85,85,330,"5,8","3,1"
2022/01/03,1200 UTC,0,"886,9","886,9","886,3","871,2","21,8","18,5","21,8","20,7","18,6","17,8",86,80,81,324,"5,8","2,7"
2022/01/03,1300 UTC,0,"886,6","886,9","886,6","2073,8","23,5","17,9","23,7","21,4","18,8","17,4",82,70,71,314,"6,9","2,6"
2022/01/03,1400 UTC,0,886,"886,6",886,"2974,7",24,"17,1","24,7","22,9","18,5","16,8",71,63,65,293,"6,4",3
2022/01/03,1500 UTC,"2,2","885,3",886,"885,3","2093,2","22,7","19,5","25,4","21,6","19,6","16,8",84,62,82,18,"6,3","0,9"
2022/01/03,1600 UTC,"7,4","884,5","885,3","884,5","1337,3","22,1","19,8",24,"19,6",20,"17,8",93,71,87,350,"7,8",2
2022/01/03,1700 UTC,0,883,"884,5",883,"3432,6","24,5","18,1","25,4","22,1","20,8","17,7",88,66,68,305,"7,3","3,3"
2022/01/03,1800 UTC,0,"882,4",883,"882,4","3276,9","27,1","17,4","27,3","24,5","19,2","17,1",69,55,55,277,"7,2","2,9"
2022/01/03,1900 UTC,"2,4","881,6","882,4","881,6","1631,5","25,9","18,7","27,1","22,1","20,2","16,8",83,55,65,277,"7,6","2,6"
2022/01/03,2000 UTC,0,"881,7","881,7","881,5","1092,9","23,3","18,1","25,9","21,8","18,8","17,3",78,61,73,321,"8,8","2,7"
2022/01/03,2100 UTC,0,"882,1","882,1","881,7","888,3","22,9","17,5","24,2","22,6","18,4","17,1",74,68,71,356,"5,9","2,5"
2022/01/03,2200 UTC,0,"882,6","882,7","882,1","134,6","21,5","17,4","22,9","21,5",18,"17,3",77,71,77,319,"4,8","1,7"
2022/01/03,2300 UTC,0,"883,7","883,7","882,6",,"20,4","17,7","21,6","20,3","17,8","17,4",85,77,85,339,"3,6","1,5"
2022/01/04,0000 UTC,0,"884,4","884,4","883,7",,"19,9",18,"20,4","19,7",18,"17,6",89,85,89,348,"2,5","1,6"
2022/01/04,0100 UTC,0,"884,6","884,7","884,4",,"20,3","18,3","20,4","19,9","18,3",18,90,87,88,320,"2,9","1,6"
2022/01/04,0200 UTC,0,"884,9","885,1","884,6",,"20,3","18,6","20,3","20,1","18,6","18,2",90,88,90,322,"3,3","1,7"
2022/01/04,0300 UTC,0,"884,5","884,9","884,5",,"19,9","18,2","20,4","19,8","18,8","18,1",91,88,90,295,"4,8",2
2022/01/04,0400 UTC,0,"883,8","884,5","883,8",,"19,5","17,9","19,9","19,5","18,2","17,9",91,90,91,302,"5,3",2
2022/01/04,0500 UTC,"2,2","883,6","883,8","883,5",,"18,6","17,6","19,5","18,6","17,9","17,5",94,90,94,318,"4,5",2
2022/01/04,0600 UTC,"0,6",883,"883,6","882,9",,"18,3","17,4","18,6","18,3","17,6","17,4",95,94,95,308,4,"1,7"
2022/01/04,0700 UTC,0,"882,8",883,"882,8",,"18,3","17,3","18,4","18,2","17,5","17,3",95,94,94,333,"3,5","1,7"
2022/01/04,0800 UTC,0,883,883,"882,8",,"18,2","17,4","18,3","18,2","17,4","17,3",95,94,95,326,5,"2,2"
2022/01/04,0900 UTC,"0,2","883,7","883,7",883,"2,5","18,3","17,5","18,3","18,2","17,5","17,4",95,95,95,342,"5,6",2
2022/01/04,1000 UTC,0,"884,5","884,5","883,7","125,9","18,7","17,9","18,7","18,3","17,9","17,5",95,95,95,329,"4,9","2,1"
2022/01/04,1100 UTC,0,"884,9","884,9","884,5","440,4","19,7","18,3","19,7","18,7","18,3","17,9",95,92,92,315,"4,5",2
2022/01/04,1200 UTC,0,"885,4","885,4","884,9","627,3","20,3","18,5","20,4","19,7","18,7","18,1",92,88,90,316,5,"2,5"
2022/01/04,1300 UTC,0,"885,4","885,5","885,3","1266,8","22,9","19,2","22,9","20,2","19,3","18,3",90,78,79,330,"7,2","3,5"
2022/01/04,1400 UTC,0,"885,1","885,4",885,"2020,3","21,8","18,5","23,1","21,8","19,3",18,82,76,82,319,"7,5","3,6"
2022/01/04,1500 UTC,"0,2","884,3","885,1","884,3","3222,1",24,"18,7","24,3","21,3","19,4","17,9",87,70,72,332,"7,8","3,7"
2022/01/04,1600 UTC,0,"883,8","884,3","883,8","3233,1","23,8",18,"25,1","23,1","19,1","17,5",76,64,70,321,9,"4,6"
2022/01/04,1700 UTC,0,"883,2","883,8","883,2","2881,7",24,"18,1","25,3","23,5","19,2","17,7",74,65,69,323,"9,6","4,6"
2022/01/04,1800 UTC,0,"882,2","883,2","882,2",1758,"23,2","17,8","24,4","22,8","18,7","17,3",73,69,72,317,"9,4","4,3"
2022/01/04,1900 UTC,0,"881,8","882,2","881,7","1830,3","23,7","17,8","24,3","23,2","18,2",17,72,66,70,312,"9,4","4,1"
2022/01/04,2000 UTC,0,"881,3","881,8","881,3","1185,8","23,5","17,2","23,9","23,1","18,4","17,1",73,67,68,303,"8,8","3,4"
2022/01/04,2100 UTC,0,"881,8","881,8","881,3","491,8","22,5","18,1","23,5","22,5","18,3","17,1",77,68,76,330,"7,4","2,1"
2022/01/04,2200 UTC,0,"882,4","882,4","881,8","64,8","21,5","18,7","22,5","21,5","18,7","17,9",84,76,84,360,"4,9","2,2"
2022/01/04,2300 UTC,0,"883,2","883,2","882,4",,"20,8","18,3","21,6","20,7","18,8","18,2",86,84,86,4,"5,1","1,9"
2022/01/05,0000 UTC,0,"883,9","883,9","883,2",,"20,5","18,5","20,8","20,5","18,6","18,2",89,86,88,8,"3,8","1,9"
2022/01/05,0100 UTC,0,"884,7","884,7","883,9",,"19,9","18,3","20,5","19,9","18,5","18,3",91,88,90,5,"3,8","2,1"
2022/01/05,0200 UTC,0,885,"885,1","884,7",,"19,6",18,20,"19,6","18,3",18,91,90,90,341,"4,2","2,2"
2022/01/05,0300 UTC,0,"884,4",885,"884,4",,"19,1","17,7","19,6",19,18,"17,6",92,90,92,344,"4,6","2,6"
2022/01/05,0400 UTC,0,"883,8","884,4","883,7",,"18,7","17,6","19,1","18,7","17,8","17,6",94,92,94,340,"4,8","2,4"
2022/01/05,0500 UTC,0,"883,4","883,8","883,4",,"18,5","17,5","18,7","18,4","17,6","17,4",94,94,94,345,5,"2,9"
2022/01/05,0600 UTC,0,"883,2","883,4","883,2",,18,"17,1","18,5",18,"17,5","17,1",95,94,95,333,"5,9","2,4"
2022/01/05,0700 UTC,0,"882,9","883,2","882,9",,"17,9",17,18,"17,8","17,1",17,95,95,95,348,"4,8","2,5"
2022/01/05,0800 UTC,0,"883,2","883,2","882,9",,"17,6","16,7","17,9","17,6",17,"16,7",95,95,95,324,"4,5","1,8"
2022/01/05,0900 UTC,0,"883,7","883,7","883,2","4,1","17,5","16,7","17,6","17,3","16,7","16,6",95,95,95,318,"4,1","2,2"
2022/01/05,1000 UTC,0,"884,3","884,3","883,7",232,"18,1","17,4","18,1","17,5","17,4","16,7",96,95,96,314,"4,2","2,1"
2022/01/05,1100 UTC,0,"884,9","884,9","884,3",1031,"20,2","17,9","20,5",18,"18,9","17,4",96,86,87,322,"5,8","2,7"
2022/01/05,1200 UTC,0,"885,3","885,3","884,9","2013,9","22,6","17,3",23,"20,2","18,8","17,3",87,72,72,315,7,"3,1"
2022/01/05,1300 UTC,0,"885,4","885,4","885,3","2334,9","23,7","17,5","24,3","22,2","18,3","17,1",75,67,68,315,"7,4","3,6"
2022/01/05,1400 UTC,0,"885,2","885,5","885,2",2638,"25,3","17,3","25,4","23,1","18,3","16,4",72,60,61,311,"7,4","3,7"
2022/01/05,1500 UTC,0,"884,3","885,2","884,3","2687,4","25,5","16,9","26,1","24,1","18,3","16,4",66,58,59,302,"7,3","3,1"
2022/01/05,1600 UTC,0,"883,4","884,3","883,4","3747,2","26,4","16,7","26,9","24,9","18,5","16,4",64,54,55,317,"7,5","2,9"
2022/01/05,1700 UTC,0,"882,2","883,4","882,2","2967,4","27,4","15,5","28,3","25,3","18,1","15,3",63,47,48,295,"7,5","3,2"
2022/01/05,1800 UTC,0,"881,3","882,3","881,3","3383,3","27,8","15,7","28,4",27,"17,7","15,4",55,46,48,304,"7,7",3
2022/01/05,1900 UTC,0,"880,9","881,3","880,9","2442,3","27,7","16,7","28,2","26,7","16,9","14,5",52,46,51,329,"8,6","3,6"
2022/01/05,2000 UTC,0,881,881,"880,8","1989,6","27,3","17,1","27,8","27,1","17,1","15,8",54,49,54,333,"8,1",3
2022/01/05,2100 UTC,0,"881,1","881,1",881,"842,7","25,8","16,5","27,5","25,8","17,1","15,1",57,47,57,311,"6,9","2,8"
2022/01/05,2200 UTC,0,882,882,"881,1","95,6","23,6","17,9","25,8","23,6","17,9","16,3",70,57,70,332,"5,2","2,3"
2022/01/05,2300 UTC,0,"882,7","882,7",882,,"22,7",18,"23,6","22,6",18,"17,9",75,70,75,323,"5,1","1,9"
2022/01/06,0000 UTC,0,"883,6","883,6","882,7",,"21,8","18,1","22,6","21,7","18,1","17,9",80,75,79,315,"5,4","2,8"
2022/01/06,0100 UTC,0,"884,1","884,2","883,6",,21,"18,8","21,8","20,9","18,8","18,1",88,79,88,321,7,"2,6"
2022/01/06,0200 UTC,0,"884,2","884,4","884,1",,"20,5","18,7",21,"20,5","18,9","18,7",89,88,89,325,"5,6","2,6"
2022/01/06,0300 UTC,0,"883,6","884,2","883,6",,"20,2","18,5","20,5","20,1","18,7","18,5",90,89,90,326,"5,4",2
2022/01/06,0400 UTC,0,"883,2","883,6","883,2",,20,"18,6","20,2","19,8","18,6","18,4",92,90,92,338,"4,7","1,9"
2022/01/06,0500 UTC,0,883,"883,3","882,9",,"19,5","18,3",20,"19,4","18,6","18,3",93,92,93,328,"3,3","1,4"
2022/01/06,0600 UTC,0,"882,7",883,"882,6",,"19,3","17,7","19,6","19,3","18,4","17,7",93,90,91,332,"4,1",2
2022/01/06,0700 UTC,0,"882,6","882,7","882,6",,"18,9","17,4","19,3","18,9","17,8","17,4",92,90,91,354,"4,5","2,2"
2022/01/06,0800 UTC,0,"882,9","882,9","882,6",,19,"17,6",19,"18,9","17,6","17,4",92,91,92,354,"4,5","1,5"
2022/01/06,0900 UTC,0,"883,7","883,7","882,8","0,6","18,7","17,5",19,"18,7","17,6","17,4",93,92,93,324,"3,1","1,6"
2022/01/06,1000 UTC,0,"884,2","884,2","883,7","205,3","19,7","17,8","19,7","18,7","17,8","17,5",93,89,89,341,"4,9","2,3"
2022/01/06,1100 UTC,0,"884,5","884,5","884,2","875,8","20,7","17,9","21,1","19,7","18,5","17,7",89,83,84,330,"6,3","3,3"
2022/01/06,1200 UTC,0,"884,8","884,8","884,5","1466,5","22,8","17,8","22,8","20,7","18,8","17,1",84,73,73,337,"7,1","3,4"
2022/01/06,1300 UTC,0,885,885,"884,8","2043,4","23,7","17,6","23,8","22,2","18,6","17,3",75,68,69,335,"8,4","4,3"
2022/01/06,1400 UTC,0,"884,6",885,"884,5","3037,3","25,1","18,3","25,2","23,7","18,5","17,2",70,64,66,332,"9,9","4,9"
2022/01/06,1500 UTC,0,884,"884,6",884,"3385,2","23,6","18,3","26,2","23,3","19,1","17,3",73,61,72,327,"9,5","3,4"
2022/01/06,1600 UTC,"2,6","883,6",884,"883,5","2255,8","22,2","18,4",25,"19,5","21,3","16,7",91,67,79,308,"11,1","3,9"
2022/01/06,1700 UTC,1,883,"883,7",883,"1678,9",21,"19,1","22,2","20,1","19,4","18,1",92,79,89,327,"9,3","3,8"
2022/01/06,1800 UTC,0,"882,3",883,"882,3","1989,5","22,9",19,"22,9",21,"19,8","18,1",90,77,79,334,"8,9","4,6"
2022/01/06,1900 UTC,0,882,"882,3",882,"2286,3","22,7","18,2","24,2","22,7","19,4","17,5",79,69,76,331,"12,2","3,7"
2022/01/06,2000 UTC,0,"882,2","882,2","881,9","1146,3","22,2","17,9","23,1","22,2","18,6","17,7",77,72,77,342,"8,2","4,3"
2022/01/06,2100 UTC,0,"882,4","882,4","882,2","490,2","21,8","17,9","22,5","21,8","18,4","17,9",79,76,79,329,"7,3","3,9"
2022/01/06,2200 UTC,0,"883,2","883,2","882,4",88,21,"18,1","21,8",21,"18,1","17,8",83,79,83,335,"7,4","2,9"
2022/01/06,2300 UTC,0,"883,5","883,6","883,2",,"20,2","17,8",21,"20,2","18,1","17,8",86,83,86,329,"6,5","2,8"
2022/01/07,0000 UTC,0,"884,2","884,2","883,4",,"19,8","17,9","20,2","19,8","17,9","17,8",89,86,89,329,"5,3","2,8"
2022/01/07,0100 UTC,0,"884,7","884,7","884,2",,"19,8",18,20,"19,7","18,1","17,9",90,89,89,329,"5,8","2,9"
2022/01/07,0200 UTC,0,"884,6","884,8","884,6",,"19,5","17,9","19,8","19,5",18,"17,9",91,89,91,341,6,"2,5"
2022/01/07,0300 UTC,0,884,"884,6",884,,"19,1","17,8","19,5","19,1",18,"17,8",92,91,92,340,"6,5","3,4"
2022/01/07,0400 UTC,0,"883,6",884,"883,6",,"19,2","17,8","19,3","19,1","17,9","17,8",92,92,92,338,"6,3","3,2"
2022/01/07,0500 UTC,0,"883,2","883,6","883,2",,"19,3",18,"19,3","19,2",18,"17,9",93,92,92,335,"6,4",3
2022/01/07,0600 UTC,0,"882,8","883,2","882,8",,"19,5","18,1","19,5","19,2","18,1",18,93,92,92,329,"5,9","2,4"
2022/01/07,0700 UTC,0,"882,6","882,8","882,6",,"19,4","18,2","19,5","19,4","18,2","18,1",93,92,93,333,6,"2,9"
2022/01/07,0800 UTC,0,"882,8","882,8","882,6",,"19,4","18,3","19,4","19,3","18,3","18,1",93,93,93,332,"6,2","2,9"
2022/01/07,0900 UTC,0,"883,5","883,5","882,8",,"19,4","18,1","19,6","19,4","18,3","18,1",93,92,92,331,"7,4","2,9"
2022/01/07,1000 UTC,"0,6","883,9","883,9","883,5","94,3","19,5","18,5","19,5","19,4","18,5","18,2",94,92,94,335,"6,1","2,1"
2022/01/07,1100 UTC,"0,2","884,3","884,3","883,9",344,"19,9","18,8","19,9","19,5","18,8","18,5",94,93,93,337,"6,2","2,9"
2022/01/07,1200 UTC,0,"884,8","884,8","884,3","538,9","20,3","18,5","20,5","19,8","18,9","18,4",93,89,89,329,"6,8","3,5"
2022/01/07,1300 UTC,"1,4","885,3","885,3","884,8","805,8","19,6","17,5","21,6","19,6","19,2","17,5",89,83,88,329,"8,6","3,1"
2022/01/07,1400 UTC,"5,8","885,3","885,4","885,1","680,9","19,4","18,3","20,5","19,2","19,5","17,5",94,88,93,318,"8,6",3
2022/01/07,1500 UTC,"2,4","884,8","885,3","884,8","446,8","19,8","18,8","19,9","19,4","18,8","18,4",94,93,94,327,"6,1","2,9"
2022/01/07,1600 UTC,"0,4","884,2","884,8","884,1","1134,6","21,5","19,5","21,5","19,8","19,7","18,8",94,88,89,319,"5,9","2,6"
2022/01/07,1700 UTC,"2,8","883,6","884,2","883,6",504,"19,6","18,5","21,5","19,6","19,4","18,3",93,87,93,306,"7,9","2,6"
2022/01/07,1800 UTC,3,883,"883,6","882,8","700,5","20,4","18,9","20,4","19,5","19,2","18,5",94,92,92,312,"8,4","3,5"
2022/01/07,1900 UTC,"0,2","882,3",883,"882,3","1154,9","20,9","18,7","21,3","20,3","19,3","18,4",92,86,87,314,"8,4","2,5"
2022/01/07,2000 UTC,0,"882,3","882,4","882,1","497,1","20,1","18,2","20,9","20,1","18,7","18,1",89,87,89,319,"7,3",3
2022/01/07,2100 UTC,0,"882,1","882,3",882,"302,3","19,9","18,6","20,1","19,9","18,6","18,2",92,89,92,330,"6,4","3,1"
2022/01/07,2200 UTC,0,"882,8","882,8","882,1","66,4","19,7","18,1",20,"19,7","18,6","18,1",92,90,91,311,"5,9","2,5"
2022/01/07,2300 UTC,0,"883,8","883,8","882,8",,"19,4","18,2","19,7","19,4","18,2","18,1",93,91,93,323,"5,8","2,3"
2022/01/08,0000 UTC,0,"884,3","884,3","883,8",,"19,3","18,1","19,4","19,3","18,2","18,1",93,93,93,320,"5,5","1,5"
2022/01/08,0100 UTC,"0,2","884,9","884,9","884,3",,"19,2","18,2","19,3","19,2","18,4","18,1",94,93,94,328,"5,1","2,3"
2022/01/08,0200 UTC,0,885,"885,1","884,8",,19,"18,2","19,2",19,"18,3","18,2",95,94,95,330,"5,4","2,6"
2022/01/08,0300 UTC,"0,2","884,5","885,1","884,5",,"19,1","18,2","19,1",19,"18,2","18,1",95,95,95,323,"5,4","2,5"
2022/01/08,0400 UTC,0,"883,9","884,5","883,9",,"18,9",18,"19,1","18,9","18,2",18,95,95,95,328,"6,5","2,3"
2022/01/08,0500 UTC,0,"883,5","883,9","883,4",,"18,8",18,19,"18,8","18,1",18,95,95,95,337,"4,7","2,1"
2022/01/08,0600 UTC,0,"882,9","883,5","882,9",,"18,8",18,"18,8","18,7",18,"17,9",95,95,95,330,"4,9","2,4"
2022/01/08,0700 UTC,0,"882,6","882,9","882,6",,19,"18,2",19,"18,8","18,2",18,95,95,95,330,5,"2,5"
2022/01/08,0800 UTC,0,"882,8","882,8","882,6",,19,"18,2","19,1",19,"18,3","18,2",95,95,95,338,"5,6","2,7"
2022/01/08,0900 UTC,0,"883,3","883,3","882,8",,19,"18,2","19,1",19,"18,3","18,2",95,95,95,343,"5,7","3,1"
2022/01/08,1000 UTC,"0,2","883,8","883,8","883,3","182,6","19,1","18,4","19,2","18,9","18,4","18,1",95,95,95,354,"6,2","3,3"
2022/01/08,1100 UTC,"1,2","884,1","884,1","883,8",292,"19,5","18,6","19,5","19,1","18,6","18,2",95,94,94,334,"6,8","2,3"
2022/01/08,1200 UTC,0,"884,7","884,7","884,1","645,4","20,4","18,5","20,4","19,4",19,"18,2",94,89,89,330,6,"2,9"
2022/01/08,1300 UTC,0,"884,7","884,9","884,7","1042,3","20,1","17,6","21,1","19,5","18,7","17,6",92,84,85,336,"7,2",4
2022/01/08,1400 UTC,0,"884,4","884,8","884,4","1393,5","21,9","18,6","21,9",20,"18,7","17,7",88,80,81,322,"8,3","2,9"
2022/01/08,1500 UTC,0,"883,8","884,4","883,8","2526,3","23,5","18,5","23,7","21,8","19,3","17,9",82,72,74,338,"8,2","3,6"
2022/01/08,1600 UTC,3,"883,5","883,8","883,5","1767,2",20,"18,9","24,4","19,8","19,8","17,8",93,71,93,328,"10,6","3,5"
2022/01/08,1700 UTC,"0,8","882,7","883,5","882,7","2318,4","22,8",19,"23,1",20,"20,1","18,8",93,79,79,349,"7,9","4,2"
2022/01/08,1800 UTC,"0,2","882,4","882,7","882,3","1442,7","20,9","18,8","23,2","20,9","19,5","18,1",88,75,88,325,"8,6","2,5"
2022/01/08,1900 UTC,"6,8","882,6","882,6","882,3",138,"19,3","18,3","20,9","19,1","19,1",18,94,88,94,303,"7,5","2,3"
2022/01/08,2000 UTC,"3,4","882,9","882,9","882,6","100,3","19,3","18,4","19,3","19,2","18,4","18,3",95,94,95,327,"7,6","2,6"
2022/01/08,2100 UTC,1,883,883,"882,9","143,8","19,3","18,4","19,5","19,3","18,6","18,4",95,94,94,321,"6,9","2,4"
2022/01/08,2200 UTC,"0,2","883,4","883,4",883,"35,3","19,2","18,2","19,4","19,2","18,4","18,2",94,94,94,319,"6,8","2,5"
2022/01/08,2300 UTC,0,"883,9","883,9","883,4",,"19,1","18,1","19,2","19,1","18,2",18,94,94,94,321,"5,4","2,4"
2022/01/09,0000 UTC,"0,2","884,5","884,5","883,9",,19,"18,2","19,1",19,"18,2",18,95,94,95,326,"5,4","2,8"
2022/01/09,0100 UTC,0,"884,9","884,9","884,5",,"19,2","18,2","19,3",19,"18,3","18,2",95,94,94,341,"5,3",3
2022/01/09,0200 UTC,0,885,"885,1","884,9",,"19,1","18,1","19,3",19,"18,2",18,94,93,94,350,"6,6","3,2"
2022/01/09,0300 UTC,"1,6","884,7",885,"884,7",,"18,9","18,1","19,1","18,9","18,2","18,1",95,94,95,353,"7,1","4,3"
2022/01/09,0400 UTC,0,"884,1","884,7","884,1",,"18,7","17,8","18,9","18,7",18,"17,8",95,94,95,355,8,"4,1"
2022/01/09,0500 UTC,"0,2","883,5","884,1","883,5",,"18,5","17,7","18,7","18,4","17,8","17,6",95,95,95,354,"7,1",4
2022/01/09,0600 UTC,0,"883,3","883,5","883,3",,"18,5","17,7","18,5","18,4","17,7","17,7",95,95,95,345,"7,4","3,5"
2022/01/09,0700 UTC,0,"883,2","883,3","883,1",,"18,5","17,7","18,6","18,5","17,8","17,7",95,95,95,343,"7,1","3,9"
2022/01/09,0800 UTC,"0,2","883,5","883,5","883,2",,"18,4","17,6","18,5","18,4","17,8","17,6",95,95,95,353,"7,1","4,6"
2022/01/09,0900 UTC,"0,2","883,9","883,9","883,5","1,2","18,5","17,7","18,5","18,4","17,7","17,6",96,95,95,353,"7,5","4,1"
2022/01/09,1000 UTC,0,"884,3","884,3","883,9","100,1","18,7","17,9","18,7","18,5","17,9","17,7",96,95,95,351,"7,4","4,1"
2022/01/09,1100 UTC,"0,6","884,8","884,8","884,3","263,2",19,"18,2",19,"18,6","18,3","17,9",96,95,95,346,"8,3","3,8"
2022/01/09,1200 UTC,"0,8","885,3","885,3","884,8","411,8","19,3","18,4","19,3",19,"18,6","18,3",95,95,95,333,"8,3","3,8"
2022/01/09,1300 UTC,"2,6","885,8","885,8","885,4","441,9","19,3","18,4","19,4","19,1","18,5","18,1",95,94,95,335,"8,6","3,9"
2022/01/09,1400 UTC,"0,8","885,8","885,9","885,7","476,3","19,1","17,9","19,4","19,1","18,4","17,8",95,92,93,326,"12,3","5,3"
2022/01/09,1500 UTC,3,"885,3","885,8","885,3","552,1","19,3","18,2","19,3",19,"18,2","17,8",94,93,94,324,"12,3","4,4"
2022/01/09,1600 UTC,1,"884,8","885,3","884,8","683,7","19,4","18,2","19,6","19,3","18,4","18,1",94,92,92,324,"11,3","4,6"
2022/01/09,1700 UTC,"0,4","883,9","884,9","883,9","872,2","19,9","18,6",20,"19,4","18,7","18,2",93,92,92,328,"10,2",4
2022/01/09,1800 UTC,0,"882,8","883,9","882,8","920,9","20,5","18,4","20,5","19,9","18,8","18,4",92,88,88,320,10,"4,5"
2022/01/09,1900 UTC,0,"882,3","882,8","882,2","859,8","20,6","18,1","20,8","20,4","18,5",18,88,85,86,323,"10,2","4,6"
2022/01/09,2000 UTC,0,"882,6","882,6","882,2","694,8","21,2","18,2","21,2","20,5","18,4",18,86,83,83,320,9,"3,7"
2022/01/09,2100 UTC,0,"882,8","882,8","882,6","716,3","21,1","18,1","21,6","20,9","18,5","17,9",85,82,83,317,"8,7","3,6"
2022/01/09,2200 UTC,0,"883,4","883,4","882,8","227,7","19,9","17,9","21,1","19,9","18,4","17,8",89,82,89,325,"8,6","2,3"
2022/01/09,2300 UTC,0,"884,1","884,1","883,4",,"19,4","17,8","19,9","19,4","17,9","17,8",91,89,91,325,"5,9","2,6"
2022/01/10,0000 UTC,0,"884,6","884,6","884,1",,19,"17,8","19,4",19,"17,8","17,7",92,91,92,335,"5,5","2,1"
2022/01/10,0100 UTC,0,"884,9","884,9","884,6",,"19,1","17,8","19,1",19,"17,9","17,8",93,92,92,324,5,"2,4"
2022/01/10,0200 UTC,0,885,885,"884,9",,"19,2","17,8","19,2",19,"17,9","17,8",92,92,92,335,"5,5","2,9"
2022/01/10,0300 UTC,0,"884,8","885,1","884,8",,"19,1",18,"19,2",19,18,"17,8",93,92,93,339,"5,6",3
2022/01/10,0400 UTC,0,"884,3","884,8","884,2",,"19,1",18,"19,1",19,"18,1","17,9",94,93,94,344,"6,3","3,6"
2022/01/10,0500 UTC,0,884,"884,3",884,,"18,8",18,"19,1","18,8",18,18,95,94,95,332,"7,7","2,8"
2022/01/10,0600 UTC,0,"883,8",884,"883,8",,"18,8",18,"18,8","18,8",18,18,95,95,95,329,"5,2","2,5"
2022/01/10,0700 UTC,0,"883,6","883,8","883,6",,"18,7","17,8","18,8","18,7",18,"17,8",95,95,95,331,"6,2",3
2022/01/10,0800 UTC,0,"883,7","883,7","883,6",,"18,6","17,6","18,8","18,6","17,8","17,6",95,94,94,336,"6,6","3,2"
2022/01/10,0900 UTC,"0,2","883,9","883,9","883,6",,"18,7","17,6","18,7","18,6","17,6","17,5",94,93,93,330,"6,2","2,9"
2022/01/10,1000 UTC,0,"884,4","884,5","883,9","162,9","19,2","17,9","19,2","18,7","17,9","17,6",94,92,92,329,"5,3","2,5"
2022/01/10,1100 UTC,0,"885,2","885,2","884,4","522,5","19,7","18,1","19,8","19,2","18,2","17,8",92,89,91,335,"6,3","3,6"
2022/01/10,1200 UTC,0,"885,8","885,8","885,2","723,9","20,3","17,7","20,6","19,7","18,3","17,7",91,85,85,325,"6,8","3,6"
2022/01/10,1300 UTC,0,"885,9",886,"885,8",924,21,"17,8","21,1","19,7","18,2","17,5",89,82,82,325,"8,4","2,8"
2022/01/10,1400 UTC,0,"885,6","885,9","885,6",1209,"21,7","18,1","22,1","20,9","18,4","17,7",84,77,80,343,"7,2","3,2"
2022/01/10,1500 UTC,0,"885,2","885,6","885,2","1382,8","20,7","18,7",23,"20,6","18,7","17,5",88,74,88,310,"9,5","4,1"
2022/01/10,1600 UTC,"0,2","884,8","885,2","884,8",2143,"21,9","19,4",23,"20,6","19,6","17,9",90,78,86,323,"9,5","2,9"
2022/01/10,1700 UTC,"1,6","884,1","884,8","884,1",841,"19,6","18,2","22,1","19,3","19,4","17,7",92,83,92,312,"10,3","3,3"
2022/01/10,1800 UTC,"1,8","883,5","884,1","883,4","771,1","20,1","18,8","20,4","19,5","18,8","18,2",92,89,92,309,"7,5","2,7"
2022/01/10,1900 UTC,0,"882,8","883,5","882,8","1378,5","20,8",18,"21,1","20,1",19,"17,9",92,83,84,317,"8,6","2,9"
2022/01/10,2000 UTC,0,"882,1","882,8","882,1","667,8","20,6","17,6",21,"20,4","18,4","17,5",86,82,83,345,8,"3,9"
2022/01/10,2100 UTC,0,"882,4","882,4","882,1","383,6","20,1","17,8","20,7","20,1","17,9","17,5",87,82,86,328,"7,8","3,1"
2022/01/10,2200 UTC,0,883,"883,1","882,4","111,4","19,7","17,9","20,1","19,7",18,"17,7",89,86,89,334,"7,1","2,7"
2022/01/10,2300 UTC,0,"884,1","884,1",883,,"19,5","18,2","19,7","19,4","18,2","17,9",92,89,92,331,"5,3","2,3"
2022/01/11,0000 UTC,"0,2","884,7","884,7","884,1",,"19,3","18,3","19,6","19,3","18,3","18,1",94,91,94,338,"5,2","2,8"
2022/01/11,0100 UTC,"0,2","885,1","885,2","884,7",,"19,3","18,2","19,4","19,3","18,4","18,2",94,93,94,343,"6,5","2,9"
2022/01/11,0200 UTC,0,"885,3","885,4","885,1",,"19,1",18,"19,3","19,1","18,2",18,94,93,94,339,"5,5","2,6"
2022/01/11,0300 UTC,0,"884,8","885,4","884,8",,"19,1","18,1","19,2",19,"18,1",18,94,93,94,338,"5,4","3,1"
2022/01/11,0400 UTC,0,"884,1","884,8","884,1",,"19,1",18,"19,1",19,"18,1",18,94,94,94,355,"5,3","3,1"
2022/01/11,0500 UTC,0,"883,8","884,1","883,8",,"18,9",18,"19,1","18,9",18,18,95,94,95,349,"6,1","3,5"
2022/01/11,0600 UTC,0,883,"883,8",883,,"18,7","17,8","18,9","18,7",18,"17,8",95,94,95,353,"6,5","3,4"
2022/01/11,0700 UTC,"0,2","882,5",883,"882,5",,"18,6","17,7","18,7","18,5","17,8","17,7",95,95,95,352,"5,4","3,6"
2022/01/11,0800 UTC,0,883,883,"882,5",,"18,5","17,5","18,6","18,4","17,7","17,5",95,94,94,345,"6,3","3,3"
2022/01/11,0900 UTC,0,"883,6","883,6",883,"1,2","18,4","17,5","18,5","18,4","17,6","17,5",95,94,95,349,"6,6","3,4"
2022/01/11,1000 UTC,0,"884,3","884,3","883,6","90,7","18,8","17,7","18,8","18,4","17,7","17,5",95,94,94,356,"6,4","3,6"
2022/01/11,1100 UTC,"0,4","884,8","884,8","884,3",327,"18,8","17,9","18,8","18,7","17,9","17,5",94,93,94,342,"7,6","3,1"
2022/01/11,1200 UTC,0,"885,3","885,4","884,8","1139,4","21,2","18,5","21,2","18,8","18,8","17,9",94,84,85,357,"7,2","3,7"
2022/01/11,1300 UTC,0,"885,7","885,7","885,4","1873,8","21,9",18,"22,1","20,5","18,9","17,6",85,78,78,355,"8,1",5
2022/01/11,1400 UTC,"3,8","885,5","885,7","885,5","1286,7","20,1","18,9","22,8","19,5","18,9","17,1",93,75,93,317,"9,7","3,2"
2022/01/11,1500 UTC,"0,2","885,3","885,5","885,3","2501,7",22,"18,8","23,1","20,2","20,2",18,93,78,82,286,"8,3","3,5"
2022/01/11,1600 UTC,"12,2","886,2","886,2","885,1","413,8","17,3","16,4","22,3","17,3","18,9","16,4",95,80,94,249,"9,7","3,7"
2022/01/11,1700 UTC,"1,6","884,6","886,2","884,6","1710,7","18,9","16,1","18,9","17,2","17,4","15,9",94,83,84,228,"9,2","2,2"
2022/01/11,1800 UTC,"0,8","884,3","884,7","884,3","661,5","18,5","16,5","18,9","18,3","16,8","15,7",89,82,88,343,"4,5","1,7"
2022/01/11,1900 UTC,"0,2","883,6","884,3","883,6",660,"18,8","16,9","18,9","18,3","17,2","16,3",91,88,89,328,4,"2,2"
2022/01/11,2000 UTC,0,"883,5","883,6","883,5","495,3","18,7","17,2","18,9","18,7","17,2","16,7",91,88,91,318,"5,5","2,8"
2022/01/11,2100 UTC,"0,6","883,8","883,8","883,5","139,3","18,5","17,3","18,7","18,4","17,4","17,2",93,91,93,334,"5,9","2,4"
2022/01/11,2200 UTC,0,"884,8","884,8","883,8","48,5","18,3","17,2","18,5","18,2","17,4","17,1",93,93,93,355,"4,4","1,3"
2022/01/11,2300 UTC,"0,2","885,6","885,6","884,8",,18,17,"18,3",18,"17,3",17,94,93,94,323,"3,3","1,4"
2022/01/12,0000 UTC,"0,6","886,1","886,1","885,6",,"17,9","17,1",18,"17,9","17,1",17,95,94,95,312,"2,8","1,4"
2022/01/12,0100 UTC,0,"886,7","886,7","886,1",,18,"17,1","18,1","17,9","17,2","17,1",95,95,95,349,"3,5","2,1"
2022/01/12,0200 UTC,0,"886,8","886,9","886,7",,"18,1","17,3","18,2",18,"17,4","17,1",95,95,95,351,"4,7","2,8"
2022/01/12,0300 UTC,0,"886,5","886,8","886,5",,"17,9","17,1","18,1","17,9","17,3","17,1",95,95,95,333,"4,7",2
2022/01/12,0400 UTC,0,"885,7","886,5","885,7",,"18,2","17,4","18,2","17,9","17,4","17,1",95,95,95,338,"4,1","1,9"
2022/01/12,0500 UTC,"0,2","885,1","885,7","885,1",,"18,1","17,4","18,2","18,1","17,4","17,3",95,95,95,336,"3,4","1,7"
2022/01/12,0600 UTC,"0,2","884,8","885,1","884,8",,"18,1","17,3","18,2","18,1","17,4","17,3",95,95,95,320,"3,3","1,8"
2022/01/12,0700 UTC,"0,4",885,885,"884,7",,18,"17,3","18,1",18,"17,3","17,3",95,95,95,333,"3,8","1,8"
2022/01/12,0800 UTC,"0,4","885,6","885,6",885,,"18,1","17,4","18,1",18,"17,4","17,2",95,95,95,353,"4,5","2,8"
2022/01/12,0900 UTC,"0,2","886,2","886,2","885,6",,18,"17,2","18,2",18,"17,4","17,2",95,95,95,2,"5,2","2,7"
2022/01/12,1000 UTC,0,"886,8","886,8","886,2","87,6","18,1","17,2","18,1",18,"17,2","17,1",95,94,95,350,"4,3","2,5"
2022/01/12,1100 UTC,0,"887,1","887,1","886,8","387,6","18,8","17,8","18,8","18,1","17,8","17,2",95,94,94,351,"4,7","2,5"
2022/01/12,1200 UTC,"0,2","887,5","887,5","887,1","694,2","19,3","17,5","19,5","18,7","17,9","17,5",94,89,89,334,"5,9",3
2022/01/12,1300 UTC,0,"887,5","887,6","887,4","1379,6","21,2","18,1","21,2","19,3","18,6","17,5",90,82,83,329,"5,9",2
2022/01/12,1400 UTC,0,"887,3","887,7","887,3","1198,2","21,4","18,1","21,6","20,8","18,5","17,3",84,79,82,317,"6,1","1,8"
2022/01/12,1500 UTC,0,887,"887,4",887,"2813,4","23,2","16,3",24,"21,2","18,9",16,82,63,65,2,"8,1","4,9"
2022/01/12,1600 UTC,0,"886,4",887,"886,4","2638,9","22,9","17,3","24,5","22,6",18,"16,1",71,62,71,321,"8,7","3,9"
2022/01/12,1700 UTC,1,"886,2","886,4","886,2",996,"19,3",18,"23,8","19,2",18,"16,6",92,67,92,24,"8,7","2,6"
2022/01/12,1800 UTC,"0,6","885,5","886,2","885,5","1182,7","20,4","18,1","20,8","19,2","19,1","17,8",93,86,87,345,6,"3,8"
2022/01/12,1900 UTC,0,885,"885,5",885,"1133,3","21,2","17,7","21,7","20,3","18,8","17,7",88,79,80,19,"7,1","3,1"
2022/01/12,2000 UTC,0,"884,8",885,"884,6","903,1","21,3","17,5","22,1","21,1","18,5","17,4",82,78,79,351,"7,1","2,3"
2022/01/12,2100 UTC,0,"885,6","885,6","884,8","433,7",21,"17,6","21,5",21,18,"17,2",81,77,81,354,"5,2","2,3"
2022/01/12,2200 UTC,0,"886,2","886,3","885,6",93,"20,5","17,4",21,"20,4","17,8","17,3",84,80,83,13,"3,9","2,3"
2022/01/12,2300 UTC,0,"886,6","886,6","886,1",,"19,8","17,2","20,5","19,8","17,5","17,1",85,82,85,357,"8,6",5
2022/01/13,0000 UTC,"0,2","887,6","887,6","886,6",,19,"17,4","19,8",19,"17,4","17,1",91,85,91,358,"8,6","1,9"
2022/01/13,0100 UTC,0,888,888,"887,5",,"19,1","17,5","19,2","18,9","17,7","17,3",91,90,91,336,"4,2","2,4"
2022/01/13,0200 UTC,0,"888,6","888,6",888,,"18,8","17,4","19,1","18,8","17,6","17,4",92,91,92,327,"4,9","2,2"
2022/01/13,0300 UTC,0,"888,3","888,6","888,3",,"18,5","17,4","18,8","18,5","17,5","17,2",93,92,93,319,"4,7","2,2"
2022/01/13,0400 UTC,0,"887,6","888,3","887,6",,"18,1","17,1","18,5","18,1","17,4","17,1",94,93,94,316,"4,6","1,6"
2022/01/13,0500 UTC,0,"887,3","887,6","887,2",,18,"16,9","18,2","17,9","17,2","16,9",94,93,93,345,"4,4","2,4"
2022/01/13,0600 UTC,0,"886,6","887,3","886,5",,"17,5","16,5",18,"17,4","16,8","16,4",94,93,94,326,"3,9","1,5"
2022/01/13,0700 UTC,0,"886,9","886,9","886,6",,"17,3","16,3","17,6","17,3","16,6","16,3",94,94,94,16,"3,4",1
2022/01/13,0800 UTC,0,"887,4","887,4","886,9",,17,"16,3","17,3","16,7","16,4","15,8",95,94,95,23,"2,2",1
2022/01/13,0900 UTC,0,"887,9","887,9","887,4","0,9","17,8","16,8","17,8",17,"16,9","16,3",95,94,94,13,"3,9","1,8"
2022/01/13,1000 UTC,0,"888,6","888,6","887,9","124,6",18,"16,9","18,1","17,8",17,"16,8",94,93,93,354,"3,9","1,4"
2022/01/13,1100 UTC,0,"889,4","889,4","888,6","766,5","19,5","17,3","19,5",18,"17,5","16,8",93,87,87,352,5,"2,9"
2022/01/13,1200 UTC,0,"889,9",890,"889,4","1896,4","21,4",17,"21,7","19,5","17,8",17,88,76,76,5,"6,6",4
2022/01/13,1300 UTC,0,"890,3","890,3","889,9","2856,2","23,8","16,9",24,"21,4","17,8","16,2",77,65,66,3,8,"3,9"
2022/01/13,1400 UTC,0,"890,2","890,4","890,2","3493,4","24,9","16,5","25,2","23,2","17,7","15,9",69,60,60,358,"8,6","4,2"
2022/01/13,1500 UTC,0,"889,8","890,2","889,8","2704,3","24,7",17,25,"23,8","17,4","15,7",65,58,62,356,"8,3","3,8"
2022/01/13,1600 UTC,0,"889,3","889,9","889,3","2350,6","24,7","16,3","25,7","24,4","17,1","15,6",63,56,59,351,"7,8","2,9"
2022/01/13,1700 UTC,0,"889,1","889,4","889,1","971,1","23,6","17,6",25,"22,8","18,1","15,9",72,58,69,49,"6,5",2
2022/01/13,1800 UTC,0,"888,7","889,1","888,5","2893,2","24,7",17,"25,6","23,5","18,9","15,7",72,57,62,351,8,4
2022/01/13,1900 UTC,0,"888,5",889,"888,5","712,9","20,4","17,7","25,2","20,2","18,3","16,1",88,58,84,360,"10,4","2,9"
2022/01/13,2000 UTC,0,"888,4","888,5","888,3","391,2","22,5","16,5","22,5","20,4","17,8","16,3",85,68,69,9,"5,4",2
2022/01/13,2100 UTC,0,"888,2","888,4","887,8","377,9","21,9","18,1","22,7","21,9","18,4","16,5",81,69,79,105,"3,8","1,8"
2022/01/13,2200 UTC,0,889,889,"888,2","77,2","20,6","17,7","22,1","20,6","18,4","17,2",83,74,83,50,3,"0,7"
2022/01/13,2300 UTC,0,"889,1","889,1","888,9",,"19,1","17,4","20,6","19,1","18,5","17,4",91,83,90,56,2,"0,2"
2022/01/14,0000 UTC,0,"889,5","889,5","889,1",,"19,3","18,2","19,8","18,9","18,4","17,4",93,90,93,104,"1,9","0,9"
2022/01/14,0100 UTC,0,890,890,"889,5",,"19,7","18,4","19,7","18,7","18,5","17,4",94,92,93,117,"1,9","1,2"
2022/01/14,0200 UTC,0,"890,1","890,2",890,,"19,7",18,"19,9","19,4","18,4","17,9",93,89,90,105,"2,5","1,5"
2022/01/14,0300 UTC,0,"889,8","890,2","889,8",,"18,3","16,9",20,"18,3","18,4","16,9",92,90,92,301,"3,2","0,4"
2022/01/14,0400 UTC,0,"889,4","889,8","889,4",,"17,8","16,9","18,4","17,8","17,6","16,9",95,92,95,135,"1,4",1
2022/01/14,0500 UTC,0,"889,2","889,4","889,1",,"18,6","17,7","18,7","17,6","17,9","16,8",95,94,95,149,"2,4","1,6"
2022/01/14,0600 UTC,0,889,"889,2",889,,"17,3","16,5","18,6","17,3","17,8","16,5",95,94,95,127,"2,5","0,6"
2022/01/14,0700 UTC,0,"889,1","889,2",889,,"17,9","17,2","17,9","16,9","17,2","16,1",96,95,96,124,"1,9","1,4"
2022/01/14,0800 UTC,0,"889,3","889,3","889,1",,"16,5","15,8",18,"16,3","17,3","15,6",96,95,96,360,"1,9","0,7"
2022/01/14,0900 UTC,0,"889,9","889,9","889,3","4,1","16,7",16,"16,8","16,1","16,1","15,4",96,96,96,120,1,"0,7"
2022/01/14,1000 UTC,0,"890,5","890,5","889,9","444,5","20,4","18,7","20,5","16,7","19,5",16,96,90,90,138,"1,6","0,8"
2022/01/14,1100 UTC,0,891,891,"890,5","1129,9","22,2","16,6","22,3","20,4","18,4","16,5",90,70,71,115,"3,8","2,2"
2022/01/14,1200 UTC,0,"891,5","891,5",891,"2098,3","23,4","18,1","23,4","22,2","18,2","16,6",74,68,72,123,"5,8","3,3"
2022/01/14,1300 UTC,0,"891,8","891,8","891,5","2556,7","24,9","18,2","24,9","23,1","18,7","17,6",74,65,66,87,"7,4",3
2022/01/14,1400 UTC,0,"891,6","891,8","891,6","3233,8","26,3","17,9","26,4","24,6",19,"17,7",68,60,60,92,"9,2","3,5"
2022/01/14,1500 UTC,0,891,"891,7","890,9","3519,4","26,5","16,5","27,1","25,5","18,4","16,5",63,54,54,89,"7,9","3,2"
2022/01/14,1600 UTC,0,"890,5",891,"890,5","2830,4","26,3","17,2","27,6","25,8","18,4","16,4",60,53,57,83,7,"3,3"
2022/01/14,1700 UTC,0,"889,7","890,5","889,7","3949,8","28,1","17,6","28,3","26,3","18,7",16,58,49,53,104,"8,3","3,5"
2022/01/14,1800 UTC,0,"889,3","889,8","889,2","3300,2",29,"17,4","29,1","27,2","18,1","15,7",54,46,50,132,"7,2","3,9"
2022/01/14,1900 UTC,0,889,"889,3",889,"2747,2","28,3","15,8",29,"28,1","17,6","15,2",51,44,47,107,"8,1","4,3"
2022/01/14,2000 UTC,0,889,"889,1",889,"1858,1","27,8","14,4",29,"27,8","16,1","13,5",47,40,44,111,"7,4","4,1"
2022/01/14,2100 UTC,0,"889,1","889,1","888,9","897,9","26,6","15,1","27,9","26,6","15,3","14,4",50,44,49,117,"7,7","3,6"
2022/01/14,2200 UTC,0,"889,2","889,2",889,"156,9","24,8","14,5","26,6","24,8","15,3","14,4",53,49,53,125,7,"2,2"
2022/01/14,2300 UTC,0,"889,6","889,6","889,2",,"23,6","14,6","24,8","23,5","14,7","14,3",58,53,57,129,"4,3","2,3"
2022/01/15,0000 UTC,0,"890,1","890,1","889,6",,"22,3",13,"23,6","22,3","14,6","12,9",57,55,56,132,"4,3","2,2"
2022/01/15,0100 UTC,0,"890,5","890,6",890,,"21,7","12,5","22,3","21,6",13,"12,5",56,54,56,108,"6,3","2,8"
2022/01/15,0200 UTC,0,"890,6","890,9","890,5",,"20,9","12,6","21,7","20,9","12,7","12,3",59,56,59,113,"6,3","2,7"
2022/01/15,0300 UTC,0,"890,3","890,7","890,3",,"20,5","12,5","21,1","20,5","12,9","12,5",62,58,60,105,"5,9",3
2022/01/15,0400 UTC,0,"889,9","890,3","889,9",,"19,9","11,9","20,9","19,8","12,4","11,8",60,58,60,102,"5,4","1,9"
2022/01/15,0500 UTC,0,"889,5","889,9","889,5",,"18,8","11,7","19,9","17,5","11,9","11,6",69,60,63,83,"4,2","1,4"
2022/01/15,0600 UTC,0,"889,5","889,5","889,2",,"18,3","11,7","19,6","17,2",12,"11,6",70,60,66,74,"3,4","1,3"
2022/01/15,0700 UTC,0,"889,5","889,5","889,4",,"17,9",12,19,"17,5",12,"11,7",69,63,68,48,"2,9","1,2"
2022/01/15,0800 UTC,0,"889,7","889,7","889,5",,"16,3","12,1","18,8","16,3","12,2","11,8",76,64,76,45,3,"0,8"
2022/01/15,0900 UTC,0,"889,9","889,9","889,7",,"15,8",12,"17,3","15,7","12,6","11,8",80,72,78,86,"2,2","1,2"
2022/01/15,1000 UTC,0,"890,3","890,4","889,9","356,4","20,6","13,5","20,6","15,3","13,6",12,82,64,64,107,"3,3","1,9"
2022/01/15,1100 UTC,0,"890,6","890,6","890,3","1253,7",22,"13,3","22,2","20,6",14,13,65,57,58,89,"7,2","4,2"
2022/01/15,1200 UTC,0,"891,1","891,1","890,6","2166,7","23,4","14,3","23,7",22,"14,8","13,3",60,55,57,91,"8,4","3,6"
2022/01/15,1300 UTC,0,"891,1","891,2","891,1","2938,8","24,8",15,"24,9","23,2","15,6",14,59,53,54,79,"7,2","4,3"
2022/01/15,1400 UTC,0,"890,9","891,1","890,9","3535,1","25,6","14,1","25,7","24,6","15,7","12,9",57,46,49,100,"9,2","4,5"
2022/01/15,1500 UTC,0,"890,5",891,"890,5",3924,"26,8","16,3","26,8","25,3","16,3","13,2",53,46,53,99,9,"3,2"
2022/01/15,1600 UTC,0,"890,7","890,8","890,2","3975,3",27,"14,1","27,8","26,2",16,"12,7",52,42,45,108,"8,7","3,8"
2022/01/15,1700 UTC,0,"889,3","891,8","889,3","3826,9","27,7",13,"28,3","26,7","15,6","12,1",49,38,40,90,"8,7","3,7"
2022/01/15,1800 UTC,0,"888,8","889,4","888,7","3378,3","27,7","14,2","28,2","27,3","14,8","12,4",46,38,43,81,"8,6","4,3"
2022/01/15,1900 UTC,0,"888,4","888,8","888,4","2688,5","28,2","13,1","28,4","27,2",15,"12,9",45,39,40,80,"7,7","2,7"
2022/01/15,2000 UTC,0,"887,7","888,4","887,7","1926,2","27,3","11,7","28,3","27,2","12,5","10,4",40,33,38,79,"7,8","4,3"
2022/01/15,2100 UTC,0,"887,4","887,7","887,3","1020,8","26,4","10,8","27,4","26,4","12,6","9,9",40,34,38,92,8,"3,6"
2022/01/15,2200 UTC,0,"888,1","888,1","887,4","159,8","24,6","11,8","26,4","24,6","11,9","10,7",45,38,45,108,"6,6","2,6"
2022/01/15,2300 UTC,0,"888,2","888,2","887,8",,"23,3","13,1","24,8","23,3","13,1","11,8",53,44,53,95,"4,8",2
2022/01/16,0000 UTC,0,"888,6","888,6","888,1",,"22,6","13,3","23,5","22,5","13,4","12,8",56,51,56,96,"4,3","1,9"
2022/01/16,0100 UTC,0,"889,1","889,1","888,6",,"22,1","13,5","22,6",22,"13,5","13,3",58,56,58,107,"4,4","2,3"
2022/01/16,0200 UTC,0,"889,5","889,5",889,,"21,4","13,9","22,1","21,4",14,"13,5",63,58,63,110,"4,4",2
2022/01/16,0300 UTC,0,"888,9","889,5","888,9",,"20,7","13,9","21,5","20,7",14,"13,8",65,62,65,111,4,2
2022/01/16,0400 UTC,0,889,"889,1","888,8",,"20,1",14,"21,1","20,1",14,"13,9",68,64,68,120,"3,9","1,7"
2022/01/16,0500 UTC,0,"888,4",889,"888,4",,"19,9","13,4","20,2","19,8",14,"13,4",69,66,66,101,"3,9","2,2"
2022/01/16,0600 UTC,0,"888,1","888,5","887,5",,"18,6","13,8",20,"16,9","14,1","13,2",82,66,74,60,"5,7","1,5"
2022/01/16,0700 UTC,0,"888,1","888,4",888,,"19,1","13,5","19,5","18,6","13,8","13,4",74,69,70,85,"4,1","1,9"
2022/01/16,0800 UTC,0,"887,9","888,1","887,7",,"18,6","13,5","19,4","18,4","13,5","13,4",73,69,72,67,4,"1,4"
2022/01/16,0900 UTC,0,"888,3","888,3","887,9",,"15,9","13,1","18,6","15,9","13,5","12,9",83,72,83,44,"2,6","0,8"
2022/01/16,1000 UTC,0,"888,7","888,8","888,3","327,6","20,1","13,7","20,1","15,7","14,8","13,1",86,67,67,358,"1,5","1,1"
2022/01/16,1100 UTC,0,"889,1","889,1","888,7",1208,"22,5","13,7","22,5","20,1","14,3",13,68,56,58,8,"3,9","1,9"
2022/01/16,1200 UTC,0,"889,6","889,6","889,1","2130,3","24,2","13,3","24,5","22,5","14,2","12,9",58,50,51,12,"4,9","2,5"
2022/01/16,1300 UTC,0,"889,7","889,8","889,6","2911,9","25,8",13,"25,8",24,"14,5","12,1",54,44,45,48,"5,7","2,9"
2022/01/16,1400 UTC,0,"889,3","889,7","889,3","3481,5","26,1","11,8","26,9","25,5","13,8","11,5",46,40,41,23,"7,9","2,4"
2022/01/16,1500 UTC,0,"888,8","889,3","888,8","3265,6","26,5","13,3","27,3","25,4","14,4","11,8",48,40,44,81,"6,9","2,9"
2022/01/16,1600 UTC,0,"888,1","888,8","888,1","3332,4","26,8","13,2",28,"26,2","14,4","11,3",46,38,43,82,"6,7","2,9"
2022/01/16,1700 UTC,0,"887,3","888,1","887,3","2651,5","27,1","13,3","28,3","26,6","14,8","11,8",45,37,42,21,"7,1","2,2"
2022/01/16,1800 UTC,0,"886,6","887,3","886,6","2508,1","27,6","12,9","28,2","27,1","14,5","11,6",45,36,40,36,"5,8","2,4"
2022/01/16,1900 UTC,0,"885,9","886,6","885,9","1620,5",27,"12,5","27,8","26,8","14,1","12,3",43,39,41,346,"5,9","3,1"
2022/01/16,2000 UTC,0,"885,4","885,9","885,4","1892,5","26,8","12,1","28,1","26,8","13,7","11,7",43,37,40,347,"6,3","3,3"
2022/01/16,2100 UTC,0,"885,6","885,6","885,4","428,2","25,5","13,9","26,8","25,5","14,2","12,1",49,40,49,327,"6,1","2,2"
2022/01/16,2200 UTC,0,"885,8","885,8","885,6",130,"23,3","14,3","25,5","23,3","14,7","13,7",57,48,57,348,"3,9","1,5"
2022/01/16,2300 UTC,0,"886,3","886,3","885,8",,"20,5",15,"23,3","20,5","15,5","14,2",71,57,71,4,"2,2","0,8"
2022/01/17,0000 UTC,0,"887,3","887,3","886,3",,21,15,21,"20,1","16,3",15,78,69,69,120,"2,3","1,1"
2022/01/17,0100 UTC,0,"887,9","887,9","887,3",,"20,1","15,5","21,2","19,6","15,9","14,8",80,67,75,128,"2,3","0,6"
2022/01/17,0200 UTC,0,"888,4","888,4","887,9",,19,"16,4","20,3","18,9","16,6","15,3",85,74,85,232,"1,7","0,8"
2022/01/17,0300 UTC,0,"888,4","888,4","888,2",,"20,9","16,2","21,1",19,"17,2","16,1",85,74,75,136,"2,7","1,8"
2022/01/17,0400 UTC,0,"888,1","888,5","888,1",,"20,4","16,6","20,9","19,6","16,6","15,8",80,75,79,139,"3,1","1,7"
2022/01/17,0500 UTC,0,"887,6","888,1","887,6",,"19,6","16,2",21,"19,6","16,8","16,2",81,76,81,119,"2,7","1,3"
2022/01/17,0600 UTC,0,887,"887,6",887,,"20,6","16,9","21,1","19,4",17,"16,1",82,77,79,126,"3,3","1,9"
2022/01/17,0700 UTC,0,"886,8","887,1","886,8",,"20,6","16,6","20,7","20,3",17,"16,6",80,78,78,100,"4,7","2,4"
2022/01/17,0800 UTC,0,"887,2","887,2","886,7",,"19,1",16,"20,6","19,1","16,6",16,82,78,82,104,"4,7","0,7"
2022/01/17,0900 UTC,0,"887,7","887,7","887,1",,"19,5","16,4","20,1","18,9","16,6",16,84,79,82,140,"3,6","2,3"
2022/01/17,1000 UTC,0,888,"888,1","887,7",161,"19,8","16,7","19,8","19,2","16,7","16,4",84,82,83,141,"4,6","2,6"
2022/01/17,1100 UTC,0,"888,3","888,3",888,"1032,9","21,1","16,9","21,5","19,8","17,4","16,6",83,76,77,125,"5,7","2,7"
2022/01/17,1200 UTC,0,"888,5","888,6","888,2","2025,9","23,2","17,4","23,4","20,8",18,"16,8",79,69,70,93,"6,2","4,1"
2022/01/17,1300 UTC,0,"888,6","888,7","888,5","2873,1","23,9","16,5","24,8","22,9","17,8","15,7",71,59,63,64,"7,2","3,9"
2022/01/17,1400 UTC,0,"888,8","888,8","888,6","3205,6","25,9","15,6","25,9","23,9","17,2","15,5",64,53,53,91,"12,1",4
2022/01/17,1500 UTC,0,"888,2","888,8","888,2",3814,"27,1","14,2","27,1","25,5","16,2","13,1",54,43,45,62,"7,8","3,5"
2022/01/17,1600 UTC,0,"887,8","888,2","887,8","3529,9",26,"13,1",28,"25,9","15,2","12,9",47,41,45,20,"6,9","3,3"
2022/01/17,1700 UTC,0,887,"887,8",887,"2458,4","27,3","14,5","28,2",26,16,"13,3",49,43,45,60,"8,5","3,2"
2022/01/17,1800 UTC,0,"885,9",887,"885,8","2822,7","28,2",14,"28,6","26,6","15,3","13,6",48,41,42,55,7,"2,4"
2022/01/17,1900 UTC,0,"885,5",886,"885,5","2162,6","27,8","14,2",29,"26,8","14,9","13,5",47,39,43,53,"6,5",3
2022/01/17,2000 UTC,0,"885,1","885,5","885,1","1058,8","27,9","13,2","28,4","26,8","14,8","13,2",48,40,41,44,"6,7","2,1"
2022/01/17,2100 UTC,0,"885,1","885,1","884,8",753,"26,9","13,8",28,"26,4","14,9","13,3",47,41,45,76,"5,8","1,9"
2022/01/17,2200 UTC,0,"885,6","885,6","885,1",48,"25,3","14,4","26,9","25,2","14,6","13,6",52,44,51,53,4,"1,2"
2022/01/17,2300 UTC,0,"886,4","886,4","885,6",,24,"14,8","25,4","23,8",15,"14,2",57,51,57,46,"3,3","1,1"
2022/01/18,0000 UTC,0,"886,9","886,9","886,4",,"23,3","15,4",24,"22,1","16,1","14,8",67,56,61,103,"2,9","1,8"
2022/01/18,0100 UTC,0,"887,5","887,6","886,9",,"22,8","15,5","23,6","21,4",16,"15,3",71,60,64,97,"3,4","1,7"
2022/01/18,0200 UTC,0,"888,1","888,1","887,5",,21,"15,8","23,2",21,"15,9","15,3",72,62,72,115,"3,4","1,1"
2022/01/18,0300 UTC,0,"887,9","888,2","887,9",,"19,3","16,1",21,"19,2","16,1","15,6",81,73,81,162,"2,2","0,7"
2022/01/18,0400 UTC,0,"887,5","887,9","887,5",,"18,6","15,8","19,4","18,6","16,5","15,5",85,81,84,189,"1,7","0,7"
2022/01/18,0500 UTC,0,"887,3","887,5","887,2",,18,"15,4","18,7",18,16,"15,4",85,82,85,111,"1,6","0,3"
2022/01/18,0600 UTC,0,"887,2","887,4","887,2",,"18,2","15,4","19,9",18,"16,3","15,4",86,76,84,141,"1,7","0,5"
2022/01/18,0700 UTC,0,"887,4","887,4","887,1",,"17,3","15,2","18,7","17,3","15,7","15,2",88,82,88,180,"1,7","0,7"
2022/01/18,0800 UTC,0,"887,4","887,4","887,2",,"18,9","16,2","19,1","17,2","16,4","15,2",89,83,84,125,"2,5","1,6"
2022/01/18,0900 UTC,0,"887,9","887,9","887,4","1,7","16,9","15,4","19,1","16,9","16,3","15,2",91,84,91,202,"2,8","1,1"
2022/01/18,1000 UTC,0,"888,5","888,5","887,9","304,4","19,9","15,9","19,9","16,9","16,1","15,5",92,77,78,135,"2,8","1,5"
2022/01/18,1100 UTC,0,"888,9",889,"888,5",1152,"22,5","16,3","22,5","19,9","16,6","15,8",78,68,68,94,"5,6",3
2022/01/18,1200 UTC,0,"889,3","889,3","888,9","2059,5","24,4","16,5","24,4","22,4","16,9","15,9",70,61,62,84,"5,6","2,5"
2022/01/18,1300 UTC,0,"889,5","889,5","889,2","2848,4","25,2","16,4","25,3",24,"17,1","15,9",63,58,58,55,"7,8","3,8"
2022/01/18,1400 UTC,0,"889,6","889,7","889,5","3113,4","26,9","16,6","27,2","24,8","17,9","15,4",62,52,54,69,"7,3","3,4"
2022/01/18,1500 UTC,0,889,"889,6",889,"3264,9",27,"15,8","27,9","25,6","17,2",15,57,48,50,49,8,"3,1"
2022/01/18,1600 UTC,0,"888,5",889,"888,5","3207,6","28,1","15,4","28,4","26,3","17,2","14,8",53,45,46,61,"7,3","3,1"
2022/01/18,1700 UTC,0,888,"888,6","887,9",2909,"28,2","14,4","28,9","26,7","16,4",14,50,42,43,81,"6,8","3,7"
2022/01/18,1800 UTC,0,"886,9",888,"886,9",3352,"29,3","14,3","29,3","27,7","15,9","13,6",45,40,40,93,7,"3,7"
2022/01/18,1900 UTC,0,"886,1","886,9","886,1","2776,9","28,9","13,9","29,4","28,7","15,4","13,4",44,38,40,92,7,"3,1"
2022/01/18,2000 UTC,0,"885,8","886,1","885,8","1487,2","27,5","13,3","29,5","27,5","15,3","12,5",43,38,42,102,"7,1","3,4"
2022/01/18,2100 UTC,0,"885,8",886,"885,8",556,"26,9","12,9","28,5","26,9","13,6","12,4",42,38,42,106,"6,5","3,1"
2022/01/18,2200 UTC,0,"886,8","886,8","885,8","55,7","26,1","12,5","26,9","26,1",13,"12,4",43,41,43,95,"5,9","3,1"
2022/01/18,2300 UTC,0,"887,5","887,5","886,8",,"24,5","14,8","26,2","24,5","14,8","12,4",55,42,55,119,"5,6","2,1"
2022/01/19,0000 UTC,0,"888,4","888,4","887,5",,"23,8","15,1","24,5","23,5","15,5","14,9",60,55,58,78,"4,3",2
2022/01/19,0100 UTC,0,889,889,"888,4",,"21,3","15,2","23,9","21,3","15,3","14,7",69,58,69,111,"3,5","1,2"
2022/01/19,0200 UTC,0,"889,3","889,4",889,,"19,9","16,1","21,3","19,7","16,1","15,2",79,68,79,151,"2,6","0,8"
2022/01/19,0300 UTC,0,"889,2","889,4","889,2",,20,"16,2",20,"19,4","16,2","15,5",82,77,79,251,"1,8","0,9"
2022/01/19,0400 UTC,0,889,"889,2",889,,"20,9","16,4","21,4",20,"16,9","15,9",81,74,75,212,"2,7","1,3"
2022/01/19,0500 UTC,1,889,"889,1","888,9",,"19,5","17,3","20,9","19,5","17,5","16,3",88,75,87,28,"4,5","1,5"
2022/01/19,0600 UTC,"0,8","888,6",889,"888,6",,19,"17,6","19,5",19,"18,1","17,4",93,87,92,258,"3,4","0,9"
2022/01/19,0700 UTC,0,"888,4","888,6","888,3",,"18,2",17,19,"18,2","17,6",17,93,92,93,233,"1,9","0,7"
2022/01/19,0800 UTC,0,"888,7","888,7","888,4",,"18,1","17,1","18,4","17,9","17,3","16,9",94,93,94,49,"1,7","0,4"
2022/01/19,0900 UTC,0,889,889,"888,7",,"17,6","16,8","18,1","17,5","17,2","16,7",95,94,95,136,"1,4","0,7"
2022/01/19,1000 UTC,"0,2","889,4","889,4",889,"279,6","20,8","18,2","20,8","17,3","18,7","16,5",95,85,85,117,"2,2",1
2022/01/19,1100 UTC,0,"889,8","889,8","889,4",1113,"22,4","17,7","22,6","20,8","18,3","17,2",85,74,75,140,"2,6","1,5"
2022/01/19,1200 UTC,0,"890,1","890,1","889,8","2067,1","24,4",17,"24,6","22,3","18,2","16,4",75,62,63,70,5,"2,4"
2022/01/19,1300 UTC,0,"890,4","890,5","890,1","2873,9","25,6","16,5","25,8","24,3","17,7",16,66,56,57,62,"6,1","3,3"
2022/01/19,1400 UTC,0,"890,5","890,5","890,4","2634,5","25,1",16,"26,9","25,1","17,4","15,7",60,52,57,68,8,"3,1"
2022/01/19,1500 UTC,0,"890,1","890,5","890,1",3633,"26,6","14,7","27,5",25,"17,4","14,7",60,47,48,74,"8,1","3,5"
2022/01/19,1600 UTC,0,"889,7","890,1","889,7","2709,5","27,2","14,6","28,2",26,"16,1",14,51,43,46,91,"6,5","2,6"
2022/01/19,1700 UTC,0,889,"889,8",889,"3734,6",28,"14,1","28,6","26,6","16,5","13,9",50,41,43,79,"7,1","3,1"
2022/01/19,1800 UTC,0,"888,2","888,9","888,1","3471,4","28,6","14,9","29,2",28,"16,1","13,6",47,40,43,102,"7,4","3,4"
2022/01/19,1900 UTC,0,"887,3","888,2","887,3","2969,2","28,7","13,5","29,2","28,3","15,3","13,3",44,39,39,91,7,"3,2"
2022/01/19,2000 UTC,0,"887,1","887,3","886,9","596,8","27,2","13,1","28,7","27,1","14,8","12,6",46,38,42,81,"6,5","2,8"
2022/01/19,2100 UTC,0,887,"887,1","886,9","274,2","26,1","14,3","27,2","26,1","14,4","12,8",49,42,48,108,"7,1","2,8"
2022/01/19,2200 UTC,0,"887,7","887,7",887,"43,4","22,3","15,3","26,3","22,3","16,2","14,1",67,47,65,304,"8,4",1
2022/01/19,2300 UTC,0,"888,1","888,1","887,7",,"20,6","16,4","22,5","20,6","16,7","15,3",78,64,77,171,"3,8","0,6"
2022/01/20,0000 UTC,0,"888,8","888,8","888,1",,"21,7","16,5","21,7","20,4","16,8","15,6",78,70,72,170,"2,3","0,8"
2022/01/20,0100 UTC,0,"889,4","889,4","888,8",,"20,7","15,7",22,"20,7","16,8","15,7",73,70,73,128,"2,3","1,4"
2022/01/20,0200 UTC,0,"889,6","889,6","889,4",,"19,9","16,2","21,8","19,6","16,2","15,7",79,70,79,137,"2,9","1,2"
2022/01/20,0300 UTC,0,"889,3","889,6","889,3",,20,"16,4","20,5","19,9","16,7","16,1",81,77,80,136,"2,3","1,1"
2022/01/20,0400 UTC,0,889,"889,4",889,,"21,2","16,1","21,3",20,"16,4",16,80,73,73,103,"3,1","1,8"
2022/01/20,0500 UTC,0,"888,6",889,"888,5",,"20,1","15,8","21,2","18,2","16,2","15,7",86,72,77,84,"3,1","1,3"
2022/01/20,0600 UTC,0,"888,7","888,8","888,5",,"17,2","15,8","20,1",17,16,"15,1",92,76,92,319,"2,7","0,5"
2022/01/20,0700 UTC,0,"888,3","888,7","888,3",,"19,5","15,5","19,6","17,2","16,4","15,5",92,78,78,78,"2,3","1,5"
2022/01/20,0800 UTC,0,"888,3","888,4","888,3",,"16,8",15,"19,7","16,8","15,6","14,6",90,77,89,127,"2,3","0,9"
2022/01/20,0900 UTC,0,"888,6","888,6","888,3",,"17,1","15,5","17,9","16,6","16,6","14,9",93,89,90,143,"2,3","1,3"
2022/01/20,1000 UTC,0,889,889,"888,6","318,8","21,2","16,2","21,4","16,8","16,7","15,2",91,72,73,190,"2,2","0,3"
2022/01/20,1100 UTC,0,"889,4","889,5",889,"1168,9","23,1","14,7","23,1","21,2","16,8","14,6",74,59,59,19,"2,9","1,6"
2022/01/20,1200 UTC,0,"889,8","889,8","889,4","2093,5","24,7","13,8","24,8",23,"15,3","12,9",60,48,51,42,"5,4","2,3"
2022/01/20,1300 UTC,0,"889,9","889,9","889,8","2875,3","26,8","11,9",27,"24,7",14,"10,2",51,36,39,70,"6,2","2,8"
2022/01/20,1400 UTC,0,"889,5","889,9","889,5","3478,8",28,"12,9",28,"26,5","13,4","9,3",42,33,39,72,"7,5","2,6"
2022/01/20,1500 UTC,0,"889,2","889,6","889,2","3853,4","27,4","11,7","28,2","26,9","12,4",9,39,32,38,75,"7,5","3,5"
2022/01/20,1600 UTC,0,"888,8","889,3","888,8",3970,"28,6","11,5","28,6","27,4",13,"10,2",41,32,35,76,"7,5",3
2022/01/20,1700 UTC,0,"887,9","888,8","887,9","3808,5","28,8","9,4","29,2",28,"12,4","8,5",37,29,30,95,"7,5","3,2"
2022/01/20,1800 UTC,0,"887,1","887,9",887,"3381,6","29,2","10,9","29,3","28,5","11,4","8,6",35,28,32,62,"6,5","2,2"
2022/01/20,1900 UTC,0,"886,1","887,1","886,1","2706,2","28,8","8,1","29,7","28,5",11,"8,1",33,26,27,113,9,"3,1"
2022/01/20,2000 UTC,0,"885,4","886,1","885,4","1905,7","28,6","9,1","29,3","28,4","9,4",7,30,24,29,110,6,3
2022/01/20,2100 UTC,0,"885,4","885,4","885,3","1004,6","27,4","9,2","28,7","27,4","9,9","8,3",32,28,32,94,"6,3",3
2022/01/20,2200 UTC,0,"885,7","885,7","885,4","158,7","25,9","8,7","27,4","25,9","9,1","6,9",34,28,34,99,"5,9",3
2022/01/20,2300 UTC,0,"886,7","886,7","885,7",,"24,6",9,"25,9","24,6","9,1","8,5",37,33,37,108,"5,8","1,9"
2022/01/21,0000 UTC,0,"887,3","887,4","886,7",,"22,4","9,8","24,6","22,1","10,7","8,6",49,37,45,115,"3,7","1,6"
2022/01/21,0100 UTC,0,"887,7","887,7","887,3",,"22,1","11,2","23,7","21,9","11,4",9,51,39,50,112,"3,4","1,6"
2022/01/21,0200 UTC,0,"887,8","887,9","887,6",,"18,7","12,4","22,2","18,6","13,4","11,4",70,50,67,121,"2,7","1,4"
2022/01/21,0300 UTC,0,"887,6",888,"887,6",,"18,7","12,9","19,3",18,"14,2","12,2",77,66,69,120,"2,2","0,6"
2022/01/21,0400 UTC,0,887,"887,6",887,,"20,2","12,2","21,2","18,2","13,5","10,9",74,52,60,93,"2,3","1,4"
2022/01/21,0500 UTC,0,"886,5",887,"886,4",,"21,7",11,"21,7",18,"12,5",11,70,51,51,81,"4,1",2
2022/01/21,0600 UTC,0,886,"886,5",886,,"21,5","12,3",22,21,"12,3",11,57,50,56,77,"4,1","1,9"
2022/01/21,0700 UTC,0,886,"886,1","885,9",,"17,4","13,2","21,5","17,4","13,3","12,3",77,56,77,72,"3,1","0,8"
2022/01/21,0800 UTC,0,"886,4","886,4",886,,"16,9",14,"17,8","16,4","14,1","13,2",84,77,83,21,"2,4","0,3"
2022/01/21,0900 UTC,0,"886,8","886,8","886,4",,"17,3","14,3","17,6","16,5","14,5","13,9",85,81,82,86,"1,2","0,6"
2022/01/21,1000 UTC,0,"887,6","887,6","886,8","282,1","22,7","15,8","22,7","16,7","16,5",14,86,65,65,95,"1,1","0,6"
2022/01/21,1100 UTC,0,"887,9","887,9","887,6",1068,"24,6","17,5","24,6","21,9","17,5","15,4",70,63,65,38,3,"1,4"
2022/01/21,1200 UTC,0,"888,5","888,6","887,9","1806,4","25,4","17,3","25,4","23,9","17,5","16,6",66,60,61,52,"4,1","1,9"
2022/01/21,1300 UTC,0,"888,7","888,8","888,5","2402,6","25,8","17,5","26,5","24,4","18,4","16,4",65,57,60,88,"5,3","2,8"
2022/01/21,1400 UTC,0,"888,2","888,7","888,2","3017,3","26,6","17,4","26,9",25,18,"16,5",62,54,57,107,"6,5","3,1"
2022/01/21,1500 UTC,0,888,"888,2","887,8","3921,3","24,7","16,5","28,2","24,1","18,3","15,3",63,50,61,33,"10,6","4,2"
2022/01/21,1600 UTC,"4,2","887,6",888,"887,6",1089,"19,7","16,6","24,6","19,6","17,2","15,1",86,59,82,71,"10,6","3,8"
2022/01/21,1700 UTC,"0,8","886,9","887,7","886,9","1400,3","22,7","18,1","22,7","19,6","19,1","16,9",89,73,75,272,"6,9","1,4"
2022/01/21,1800 UTC,0,"886,5","886,9","886,3","1408,3","24,3","17,4","24,3","22,4","18,2","16,6",76,63,65,262,"4,7","1,3"
2022/01/21,1900 UTC,0,"885,3","886,5","885,3","1713,3","26,3","17,5","26,3","24,3","18,1","16,6",68,57,58,332,"3,9","1,5"
2022/01/21,2000 UTC,0,"884,8","885,3","884,8","1626,5","24,6",17,"27,3","24,4","17,5","16,3",65,52,63,39,"8,3","1,7"
2022/01/21,2100 UTC,0,"885,1","885,1","884,4","315,4","22,7","17,4","24,6","22,6","18,1","15,9",75,59,72,119,4,1
2022/01/21,2200 UTC,0,"885,6","885,7","885,1","62,5","22,1","16,8","23,6","22,1","17,6","16,7",73,67,72,177,"5,8","1,4"
2022/01/21,2300 UTC,0,"885,8","885,9","885,6",,"20,8","16,2","22,1","20,8",17,"16,1",77,72,75,164,"6,1","2,6"
2022/01/22,0000 UTC,0,"886,4","886,4","885,8",,"18,8",16,"20,8","18,8","16,2","15,9",84,75,84,48,"5,2","0,5"
2022/01/22,0100 UTC,0,"886,8","886,8","886,4",,"18,2","16,5","19,1","18,1","16,7","15,9",90,84,89,54,"2,6","0,6"
2022/01/22,0200 UTC,0,"886,9",887,"886,8",,"18,1","16,4","18,4","17,9",17,"16,4",92,89,90,103,"1,4","0,6"
2022/01/22,0300 UTC,0,"886,9",887,"886,9",,"17,3","16,2","18,1","17,1","16,4","15,8",93,90,93,299,"1,8","0,3"
2022/01/22,0400 UTC,0,"886,3","886,9","886,3",,"17,6","15,9","18,5","17,3","16,8","15,9",94,88,90,137,"1,8",1
2022/01/22,0500 UTC,0,886,"886,3",886,,"17,3",16,"17,6","16,9","16,4","15,6",93,90,92,140,"1,8","0,7"
2022/01/22,0600 UTC,0,"885,9",886,"885,7",,"17,2","15,4","18,5","17,2","16,8","15,4",93,85,90,147,"1,8","0,7"
2022/01/22,0700 UTC,0,"885,8","885,9","885,7",,"16,5","15,5","17,1","16,5","15,8","15,2",93,90,93,309,"1,6","0,7"
2022/01/22,0800 UTC,0,"885,7","885,8","885,7",,"16,6","15,6","16,8","16,4","15,9","15,3",94,93,94,13,"1,3","0,8"
2022/01/22,0900 UTC,0,"886,4","886,4","885,7",,"16,6","15,8","16,7","16,2","15,8","15,2",95,94,95,225,"1,5","0,4"
2022/01/22,1000 UTC,0,"887,2","887,2","886,4","121,4","19,2","16,7","19,2","16,5",17,"15,6",95,86,86,146,"2,2","0,9"
2022/01/22,1100 UTC,0,"887,8","887,8","887,2","571,9","21,5",17,"21,5","19,2","17,8","16,6",86,75,76,173,"1,8","0,6"
2022/01/22,1200 UTC,0,"888,1","888,1","887,8","1962,5",24,"16,9","24,2","21,4","17,9","16,5",76,63,65,120,"4,5","2,4"
2022/01/22,1300 UTC,0,"888,1","888,3","888,1","2773,1","25,1","17,7","25,5","23,8","18,4","16,5",67,61,63,57,"5,5","2,4"
2022/01/22,1400 UTC,0,888,"888,2","887,9","3291,7","26,7","17,5","27,1","24,6","18,6","17,1",65,56,57,91,"6,8","3,4"
2022/01/22,1500 UTC,0,"887,7",888,"887,7","3646,3","26,4","18,8","26,7","24,7",19,"16,7",66,56,63,72,"7,4","3,5"
2022/01/22,1600 UTC,0,"886,9","887,7","886,9","3159,1","27,5",18,"27,5","25,8","18,9",17,63,55,56,52,"6,8","2,8"
2022/01/22,1700 UTC,0,"886,3","886,9","886,3","3157,3","27,5","17,2","28,5","26,6","18,3","16,2",58,51,53,100,"5,8","2,7"
2022/01/22,1800 UTC,0,"885,5","886,3","885,4","3226,3",29,"16,9",29,"27,3","17,8","15,8",55,47,48,89,"6,1","2,1"
2022/01/22,1900 UTC,0,885,"885,5","884,9","2274,8","28,3",17,"29,2","27,4","17,2","15,2",52,44,50,105,"5,8","2,9"
2022/01/22,2000 UTC,0,"884,2",885,"884,2","1565,8","28,4","16,4","28,9","27,3","17,6","15,6",53,46,48,95,"7,2","3,3"
2022/01/22,2100 UTC,0,"884,2","884,3",884,"713,5","27,3","16,4","28,4","26,6",17,"15,4",54,45,52,90,"6,3","2,9"
2022/01/22,2200 UTC,0,"884,8","884,8","884,1","162,2","25,8","16,1","27,3","25,6","16,9","15,5",56,49,55,107,"5,6","2,1"
2022/01/22,2300 UTC,0,"885,3","885,3","884,8",,"25,1","16,7","25,8",25,"16,8",16,60,55,60,107,"4,4","2,4"
2022/01/23,0000 UTC,0,"885,9","885,9","885,3",,"24,1","17,2","25,1","24,1","17,3","16,7",65,60,65,112,"4,4",2
2022/01/23,0100 UTC,0,"886,5","886,5","885,8",,"23,6",17,"24,1","23,4","17,4",17,68,65,67,99,"5,2","2,7"
2022/01/23,0200 UTC,0,"886,9","886,9","886,5",,"22,9","16,7","23,7","22,9","17,1","16,7",68,66,68,89,6,"2,5"
2022/01/23,0300 UTC,0,"886,5","886,9","886,5",,"22,3","16,3","23,1","22,2","16,8","16,3",70,67,69,109,"5,2","2,1"
2022/01/23,0400 UTC,0,886,"886,5",886,,22,"15,9","22,6","21,8","16,4","15,9",69,67,68,94,"5,3",2
2022/01/23,0500 UTC,0,"885,2",886,"885,2",,"21,4",16,"22,1","21,4",16,"15,8",71,68,71,79,"4,1","2,1"
2022/01/23,0600 UTC,0,885,"885,2","884,9",,"20,8","15,8","21,5","20,6","16,1","15,7",74,71,73,51,"3,8","1,2"
2022/01/23,0700 UTC,0,"884,9",885,"884,8",,"17,6","15,4","20,8","17,6","15,9","15,3",87,73,87,68,"3,3","0,7"
2022/01/23,0800 UTC,0,"885,3","885,3","884,9",,"19,9","15,8","20,1","17,3","16,3","15,4",90,77,78,68,"2,6","1,3"
2022/01/23,0900 UTC,0,"885,8","885,8","885,3",,"17,2","15,5",20,"17,1","15,9",15,90,77,90,56,"2,6","0,8"
2022/01/23,1000 UTC,0,"886,5","886,5","885,8","286,5","22,4","16,3","22,4","17,1","16,6","15,5",91,68,68,88,"2,6","1,4"
2022/01/23,1100 UTC,0,"886,9","886,9","886,5","1200,8","23,8","16,1","23,9","22,4","16,9","16,1",69,62,62,64,5,"2,8"
2022/01/23,1200 UTC,0,"887,3","887,4","886,9","2130,8","24,9","15,7","25,2","23,8","16,8","15,4",64,56,57,82,"7,1","3,7"
2022/01/23,1300 UTC,0,"887,4","887,4","887,3","2869,3","25,5","15,7","26,3","24,9","17,1","15,1",58,52,55,101,8,"3,4"
2022/01/23,1400 UTC,0,"887,2","887,4","887,2","3319,3","26,4","16,2","26,8","25,4",17,"15,6",58,52,54,79,8,"3,2"
2022/01/23,1500 UTC,0,"886,9","887,2","886,9","3881,7","27,4","15,7",28,"26,2","17,2","15,3",56,47,49,97,"7,7","3,3"
2022/01/23,1600 UTC,0,"886,5",887,"886,5","4292,5","28,3","15,6","28,6","27,2","16,9","14,6",52,44,46,81,"7,1","3,3"
2022/01/23,1700 UTC,0,"886,2","886,6","886,2","3229,3","28,5","15,8","28,6","27,2","16,3","14,3",49,43,46,88,"7,3","2,5"
2022/01/23,1800 UTC,0,"885,5","886,2","885,5",3309,"28,8","14,4","29,3","28,2","15,7","13,2",46,37,41,65,"6,2","2,8"
2022/01/23,1900 UTC,0,"884,6","885,5","884,5","2532,8","29,1","11,6","29,6","28,2","14,7","10,6",42,31,34,98,"8,7","3,2"
2022/01/23,2000 UTC,0,"884,2","884,6","884,2",1903,"28,6","13,2","29,5","28,6","14,1","10,6",41,32,39,98,"6,6","3,4"
2022/01/23,2100 UTC,0,884,"884,2",884,"997,7","27,6","14,1","28,8","27,6","14,4","12,8",44,37,44,105,"6,6",3
2022/01/23,2200 UTC,0,"884,1","884,1","883,9",162,"25,5","16,1","27,6","25,5","16,1","14,1",56,43,56,120,"6,3","2,2"
2022/01/23,2300 UTC,0,885,885,"884,1",,"24,5","16,9","25,5","24,5","16,9","16,1",63,56,63,64,"4,3","1,2"
2022/01/24,0000 UTC,0,"885,7","885,7",885,,"21,8","17,5","24,5","21,8","17,5",17,77,63,77,78,"2,9","0,7"
2022/01/24,0100 UTC,0,"886,2","886,2","885,8",,"23,1","17,5","23,3",21,"18,1","17,3",82,70,71,117,"2,4","1,4"
2022/01/24,0200 UTC,0,"886,5","886,6","886,2",,"23,2","17,3","23,2","20,5","17,7","16,9",83,70,70,76,"3,4","1,9"
2022/01/24,0300 UTC,0,"886,2","886,5","886,2",,"22,6","16,7","23,3","22,1","17,3","16,7",72,68,69,59,4,"1,2"
2022/01/24,0400 UTC,0,"885,7","886,3","885,7",,"19,5","16,9","22,7","19,4",17,"16,5",85,69,85,45,"2,4","0,8"
2022/01/24,0500 UTC,0,"885,2","885,7","885,1",,"19,9","16,9","20,2","19,1","17,3","16,7",87,82,83,59,"1,9","1,1"
2022/01/24,0600 UTC,0,885,"885,3","884,9",,"22,2","16,3","22,3","19,8",17,"16,3",84,69,69,72,"4,1","2,2"
2022/01/24,0700 UTC,0,"885,1","885,1","884,9",,"21,6","16,4","22,4","21,6","16,4","16,3",72,69,72,68,"4,8","1,9"
2022/01/24,0800 UTC,0,"885,5","885,5","885,1",,"20,9","16,7","21,6","20,9","16,8","16,4",77,72,77,59,4,"1,3"
2022/01/24,0900 UTC,0,"886,1","886,1","885,5",,"18,2","16,6","20,9",18,"16,7","16,1",90,77,90,349,"2,5","1,4"
2022/01/24,1000 UTC,0,"886,9","886,9","886,1","317,1","21,8","17,1","21,8","18,2","17,2","16,6",90,75,75,2,2,"1,2"
2022/01/24,1100 UTC,0,"887,4","887,4","886,9","1144,5","23,9","17,1","23,9","21,8","17,7","16,8",76,66,66,2,5,3
2022/01/24,1200 UTC,0,"887,8","887,9","887,4","2010,1","25,3","17,8","25,3","23,6","17,8","16,9",68,62,63,2,"6,3","2,5"
2022/01/24,1300 UTC,0,"887,7","887,9","887,7","1898,5","25,3","17,2",27,"25,1","18,5","16,3",64,56,61,52,"6,3","2,2"
2022/01/24,1400 UTC,0,"887,2","887,7","887,2","2511,9","27,2",17,"27,4","24,7","17,8","16,2",64,51,54,84,"5,8","2,3"
2022/01/24,1500 UTC,0,"886,4","887,3","886,4","3692,3","28,1","15,7","28,6","26,5","17,6",15,54,45,47,117,"6,5","2,1"
2022/01/24,1600 UTC,0,"885,7","886,4","885,7","3720,1",29,"12,6","29,3",27,"16,3",12,50,35,36,94,"6,1","2,8"
2022/01/24,1700 UTC,0,"884,7","885,7","884,6","3893,7","29,2","13,2","29,8","28,4","14,4","11,5",40,34,37,115,"6,1","2,8"
2022/01/24,1800 UTC,0,"883,8","884,7","883,8",3400,"29,8","10,5","30,3","28,8","14,5","10,5",41,30,30,104,"7,2","3,3"
2022/01/24,1900 UTC,0,"883,3","883,8","883,3","2739,1","30,1","10,9","30,7","29,5",13,"9,9",35,29,31,118,"6,7","3,2"
2022/01/24,2000 UTC,0,883,"883,3","882,9","1422,8",28,"12,8","30,2",28,13,"9,5",39,28,39,116,"7,4","2,5"
2022/01/24,2100 UTC,0,"883,1","883,1","882,8","396,7","27,9","13,1","28,5","27,4","13,2","12,1",41,37,40,124,"5,6","2,9"
2022/01/24,2200 UTC,0,"883,4","883,4","883,1","168,1","26,4",14,"27,9","26,3",14,"12,7",47,39,46,100,"5,6","3,3"
2022/01/24,2300 UTC,0,"884,2","884,2","883,4",,25,"14,3","26,4",25,"14,3","13,9",51,46,51,114,"5,6","1,4"
2022/01/25,0000 UTC,0,"884,8","884,8","884,2",,25,"13,3","25,4","24,9","14,3","13,2",51,48,48,96,"4,9","2,6"
2022/01/25,0100 UTC,0,"885,7","885,7","884,8",,"23,9","14,3",25,"23,9","14,3","13,1",55,48,55,58,6,"2,3"
2022/01/25,0200 UTC,0,"886,2","886,2","885,7",,"21,2","14,6","23,9","21,2","14,7","14,2",66,55,66,3,5,"1,9"
2022/01/25,0300 UTC,0,"886,1","886,3","886,1",,"20,7","16,7","21,4","20,6","16,7","14,5",78,65,78,355,"3,5","1,6"
2022/01/25,0400 UTC,0,886,"886,1","885,9",,"20,4","17,4","21,1","20,4","17,6","16,7",83,78,83,347,"5,6","2,8"
2022/01/25,0500 UTC,0,885,"885,9",885,,"19,7","16,6","20,4","19,6","17,4","16,6",86,82,82,341,"5,6","2,4"
2022/01/25,0600 UTC,0,"884,8",885,"884,7",,"18,9","16,1","19,8","18,8","16,5","16,1",84,81,84,351,"4,6",2
2022/01/25,0700 UTC,0,885,"885,1","884,8",,"19,1","16,5","19,1","18,8","16,5",16,86,84,85,70,"3,2","0,7"
2022/01/25,0800 UTC,0,885,"885,1","884,9",,"19,6","16,1","20,1","19,1","16,3","15,9",85,77,80,28,"3,4","1,1"
2022/01/25,0900 UTC,0,"885,6","885,6","884,9",,"19,1","15,8","19,7","19,1","16,2","15,8",82,80,81,3,3,"1,4"
2022/01/25,1000 UTC,0,"886,6","886,6","885,6","256,8","20,4","16,3","20,4",19,"16,3","15,6",83,76,77,307,"2,6","1,1"
2022/01/25,1100 UTC,0,"886,7","886,8","886,6","578,7","21,7","17,4","21,7","20,4","17,4","16,2",79,76,77,347,4,"2,2"
2022/01/25,1200 UTC,0,"887,4","887,4","886,7","1672,4",24,"17,5","24,2","21,7",18,"16,9",77,65,67,353,"4,6","2,5"
2022/01/25,1300 UTC,0,"887,5","887,6","887,3","2114,3","24,5","16,8","25,8","24,1","18,1","16,6",67,60,62,12,"5,3","2,9"
2022/01/25,1400 UTC,0,"887,1","887,5","887,1","2030,3","26,2","15,8","26,4","24,3","17,6","15,7",64,52,53,31,"6,3","2,9"
2022/01/25,1500 UTC,0,"886,1","887,1","886,1","4106,3","27,2","16,3","27,6","26,2","17,1","15,4",55,49,51,2,"6,6","2,6"
2022/01/25,1600 UTC,0,"885,6","886,2","885,6","2335,6","25,6","17,6","27,8","25,5","17,6","14,3",61,45,61,65,"6,8","3,7"
2022/01/25,1700 UTC,0,"884,8","885,6","884,7","1604,2","23,1","16,2","25,8","23,1","18,4","14,2",68,53,65,255,8,"2,2"
2022/01/25,1800 UTC,0,"884,1","884,8",884,"711,3","23,5","15,9","24,4",23,"16,7","15,1",67,59,62,204,"4,4","1,4"
2022/01/25,1900 UTC,0,"884,1","884,2","883,9","889,5","24,8","16,2","24,8","23,5","16,9","14,8",64,56,59,218,"3,8","1,1"
2022/01/25,2000 UTC,0,"883,5","884,1","883,5","661,7","24,9","15,7","24,9","24,3","16,5",15,61,55,57,185,"3,1","0,4"
2022/01/25,2100 UTC,0,"884,1","884,1","883,4","542,1","23,7","17,3","24,9","23,7","17,6","15,4",68,56,68,268,"4,3","1,9"
2022/01/25,2200 UTC,0,"884,3","884,4","884,1","97,2","21,3","17,2","23,7","21,3","17,6",17,78,67,78,321,"5,6","2,5"
2022/01/25,2300 UTC,0,"884,5","884,5","884,1",,"20,2",17,"21,3","20,1","17,3",17,83,78,82,337,"5,6","1,3"
2022/01/26,0000 UTC,0,"885,2","885,2","884,5",,"19,2","16,6","20,2","19,2",17,"16,6",86,81,85,1,"2,8","0,8"
2022/01/26,0100 UTC,0,"886,3","886,3","885,2",,"18,2","16,5","19,2","18,2",17,"16,5",90,85,90,251,"1,3","0,8"
2022/01/26,0200 UTC,0,887,887,"886,3",,"18,9","16,9","19,3","18,2","17,1","16,5",91,86,88,336,"2,5","1,4"
2022/01/26,0300 UTC,0,"886,6",887,"886,6",,"19,3","16,6","19,6","18,7","17,1","16,6",88,84,84,316,"3,3","1,6"
2022/01/26,0400 UTC,0,886,"886,6",886,,"19,3","16,3","19,6","19,3","16,5","16,2",84,82,82,323,"3,2","1,3"
2022/01/26,0500 UTC,0,"885,5",886,"885,5",,"18,7",16,"19,3","18,7","16,3","15,9",84,82,84,324,"3,2","1,6"
2022/01/26,0600 UTC,0,"885,2","885,5","885,2",,"18,1","15,9","18,8","18,1","16,1","15,8",87,84,87,319,"2,9","1,3"
2022/01/26,0700 UTC,0,"885,2","885,4","885,2",,"17,9","15,8","18,2","17,6","16,1","15,6",89,87,88,300,"2,9","1,3"
2022/01/26,0800 UTC,0,"885,3","885,3","884,8",,"18,1","16,4","18,2","17,4","16,5","15,5",90,87,90,263,"4,3","1,3"
2022/01/26,0900 UTC,0,"885,7","885,7","885,3",,"18,2","16,6","18,6","18,1","16,9","16,4",90,89,90,257,"5,6","1,5"
2022/01/26,1000 UTC,0,"886,5","886,5","885,7","152,9","18,5","16,6","18,5","17,9","16,7","16,5",92,89,89,259,"3,4","1,6"
2022/01/26,1100 UTC,0,"887,3","887,3","886,4","451,9","19,6","16,7","19,9","18,5","16,9","16,1",89,80,84,117,"4,1","1,8"
2022/01/26,1200 UTC,0,888,888,"887,3","655,2","20,1","17,3","20,1","19,4","17,3","16,7",85,82,84,58,"4,1","1,8"
2022/01/26,1300 UTC,0,"888,6","888,6",888,"568,6","18,6","15,9","20,1","18,6","17,3","14,8",84,77,84,69,"5,1","2,9"
2022/01/26,1400 UTC,0,"888,6","888,6","888,5","599,1","19,8","15,7","19,8","18,5","16,4","15,7",86,77,78,71,"5,6","1,8"
2022/01/26,1500 UTC,0,"887,6","888,6","887,6","1583,5","21,3","16,7","21,4","19,6","17,3","15,7",83,75,75,26,4,"1,9"
2022/01/26,1600 UTC,0,"886,7","887,6","886,7","2146,3","22,6",16,23,"21,1","17,3","15,9",75,65,67,77,"4,9","2,1"
2022/01/26,1700 UTC,0,"885,9","886,7","885,9","2746,1","23,9","15,4","24,4","22,4","17,6","14,8",70,57,59,349,"5,1","2,1"
2022/01/26,1800 UTC,0,"884,7","885,9","884,7","2806,5","25,1","15,5","26,1","23,8","16,5","13,9",60,51,55,348,"5,1",2
2022/01/26,1900 UTC,0,"883,9","884,7","883,9","1797,3","25,8","15,7","25,8","23,9","16,2","14,8",60,53,54,333,"5,1","2,5"
2022/01/26,2000 UTC,0,"883,4","883,9","883,4","1992,5","24,4","16,9",26,"24,1","16,9","14,5",63,50,63,359,6,"2,6"
2022/01/26,2100 UTC,0,"883,2","883,4","883,2","944,1","23,2","15,7","24,4","23,2","16,9","15,7",66,61,63,323,"6,5","3,3"
2022/01/26,2200 UTC,0,"884,3","884,3","883,2","188,3","21,9","14,4","23,2","21,8","15,8","14,3",64,60,62,329,"6,4","1,8"
2022/01/26,2300 UTC,0,"885,2","885,2","884,2",,"20,6","16,7",22,"20,6","16,7","14,4",78,62,78,360,"5,9","3,7"
2022/01/27,0000 UTC,0,"886,1","886,1","885,2",,"19,9","16,4","20,6","19,9","16,8","16,4",81,78,80,1,"6,2","2,8"
2022/01/27,0100 UTC,0,"886,5","886,5","886,1",,"19,1","16,5","19,9","19,1","16,5","15,9",85,78,85,334,"5,6","1,8"
2022/01/27,0200 UTC,"1,2","886,5","886,7","886,5",,"18,6",17,"19,1","18,6",17,"16,5",90,85,90,340,"3,6","1,6"
2022/01/27,0300 UTC,0,"886,2","886,8","886,2",,"18,4",17,"18,6","18,2",17,"16,8",92,90,92,315,3,"1,3"
2022/01/27,0400 UTC,0,"885,5","886,2","885,5",,"18,3","16,7","18,4","18,1",17,"16,7",92,90,90,338,"3,1","1,4"
2022/01/27,0500 UTC,0,"885,3","885,5","885,3",,"18,1","16,5","18,3",18,"16,7","16,5",91,90,90,346,"2,6","1,7"
2022/01/27,0600 UTC,0,"885,6","885,6","885,3",,"17,5","16,2","18,1","17,5","16,5","16,2",92,90,92,321,3,"1,2"
2022/01/27,0700 UTC,0,"885,3","885,6","885,2",,"17,5","16,4","17,7","17,4","16,5","16,2",93,92,93,334,4,"1,8"
2022/01/27,0800 UTC,0,"885,6","885,6","885,3",,"17,3","16,3","17,5","17,2","16,4","16,2",94,93,94,340,"3,6","1,8"
2022/01/27,0900 UTC,0,"885,7","885,7","885,5",,"16,9","15,8","17,3","16,8","16,3","15,7",94,93,93,338,"3,1","1,5"
2022/01/27,1000 UTC,0,"886,1","886,1","885,7","212,2","17,8","16,2","17,8","16,5","16,2","15,5",94,90,90,316,"2,4",1
2022/01/27,1100 UTC,0,"886,5","886,5","886,1","996,3","20,3","15,5","20,3","17,8","16,5","15,3",90,74,74,317,"4,1","2,5"
2022/01/27,1200 UTC,0,"886,8","886,9","886,5","1888,3","21,6","15,9","21,8","20,3","16,3","15,2",76,68,70,359,"4,5","2,6"
2022/01/27,1300 UTC,0,887,"887,1","886,8","2151,8","22,3","15,8","23,3","21,5","16,9","15,3",71,64,66,316,"6,4","2,4"
2022/01/27,1400 UTC,0,"886,7",887,"886,6",2974,"23,9","15,4","24,9","22,4","16,8",15,67,57,59,342,"5,8",3
2022/01/27,1500 UTC,0,"886,2","886,7","886,2","2588,9","24,4","17,3","26,1","22,7","18,9","14,7",75,54,65,226,"7,4","1,5"
2022/01/27,1600 UTC,0,"885,4","886,2","885,4","2326,6","25,6","14,8","25,9","23,6","18,2","14,5",67,51,51,322,5,"1,6"
2022/01/27,1700 UTC,0,"884,5","885,4","884,4","2170,2","24,3","16,2","27,6","23,9","16,4","13,9",62,45,61,272,"6,5",3
2022/01/27,1800 UTC,0,"884,1","884,6",884,"2393,7","23,6","17,8","25,4","22,1","18,4","16,2",74,57,70,9,"8,4","4,3"
2022/01/27,1900 UTC,0,"883,7","884,1","883,7","529,5","21,3","17,2","23,8","21,2","17,8","16,2",78,67,78,324,"7,7","1,7"
2022/01/27,2000 UTC,0,"883,3","883,7","883,3","346,1","21,4",18,"21,4",21,"18,2","17,3",83,78,81,346,3,"1,8"
2022/01/27,2100 UTC,0,"883,3","883,3","883,1","855,5","22,5","17,6","22,6","21,4","18,4","17,4",82,73,74,358,"5,4","3,2"
2022/01/27,2200 UTC,0,"883,7","883,8","883,3","155,8","21,3","17,4","22,5","21,2","17,8","16,8",79,72,79,353,"5,4","2,6"
2022/01/27,2300 UTC,0,"884,6","884,6","883,7",,"20,5","17,6","21,3","20,4","17,6","17,3",83,79,83,346,"4,1","2,1"
2022/01/28,0000 UTC,0,"885,2","885,2","884,6",,"19,9","16,9","20,9","19,9","17,6","16,9",83,80,83,354,"4,5","2,4"
2022/01/28,0100 UTC,0,886,886,"885,2",,"19,2","16,9",20,"19,2","17,1","16,8",87,82,87,330,"4,8","2,5"
2022/01/28,0200 UTC,0,886,"886,1","885,9",,"18,7","16,2","19,2","18,6","16,9","16,2",87,85,86,331,"4,8",2
2022/01/28,0300 UTC,0,"885,7","886,1","885,7",,"18,3","15,8","18,8","18,2","16,3","15,8",87,85,86,309,"3,9","1,9"
2022/01/28,0400 UTC,0,"885,6","885,8","885,5",,"18,4",16,"18,7","18,2","16,1","15,8",86,85,86,343,"4,3","2,4"
2022/01/28,0500 UTC,0,"885,1","885,6",885,,"18,1","16,1","18,5","18,1","16,4",16,90,86,88,333,"4,9","2,1"
2022/01/28,0600 UTC,0,"884,4","885,1","884,3",,"17,4","15,9","18,1","17,4","16,1","15,8",91,88,91,349,"3,8","1,7"
2022/01/28,0700 UTC,0,"883,9","884,4","883,9",,"17,1","15,8","17,4","17,1","16,1","15,7",92,91,92,331,"3,7","1,5"
2022/01/28,0800 UTC,0,"883,8","883,9","883,8",,"16,6","15,5","17,1","16,5","15,8","15,4",94,92,94,309,"2,6","1,4"
2022/01/28,0900 UTC,0,"884,1","884,1","883,8",,"16,9","15,6","17,1","16,5","15,9","15,4",94,92,92,329,"3,5","1,9"
2022/01/28,1000 UTC,0,"884,9","884,9","884,1","174,7","17,8","16,3","17,8","16,8","16,3","15,6",93,91,91,331,"3,6","1,5"
2022/01/28,1100 UTC,0,"885,1","885,2","884,9","1042,8","20,3","16,7","20,3","17,8","16,8",16,91,79,80,341,"4,5","2,4"
2022/01/28,1200 UTC,0,"885,5","885,5","885,1","1861,4",22,"16,8","22,1","20,2","17,1","16,2",80,71,72,358,"5,1",3
2022/01/28,1300 UTC,0,"885,7","885,8","885,5","2905,6","23,7",16,"24,4","21,9",18,"15,4",74,58,62,4,"6,8","3,9"
2022/01/28,1400 UTC,0,"885,5","885,7","885,5","2722,7","24,3",16,"24,7","22,9","17,2","15,1",64,60,60,350,"7,6","3,5"
2022/01/28,1500 UTC,0,"884,9","885,5","884,9","3026,9","25,5","15,8","25,6","23,3","16,6","15,1",63,54,55,342,"7,6","3,6"
2022/01/28,1600 UTC,0,"884,1",885,"884,1","2994,3","25,7","15,2",26,"24,4","16,1","14,4",57,50,52,8,"8,5","3,5"
2022/01/28,1700 UTC,0,"883,2","884,1","883,2","3221,9","26,5",14,27,"25,5","15,6",14,53,46,46,345,"7,3","3,9"
2022/01/28,1800 UTC,"1,8","883,1","883,2","882,8",1924,"20,4",18,"27,3","20,3",18,"13,8",87,45,86,54,"9,6","4,6"
2022/01/28,1900 UTC,"0,2","881,9","883,1","881,9","1091,8","22,7","16,1","22,7","20,4","18,2","15,9",87,66,67,70,9,"3,2"
2022/01/28,2000 UTC,0,"881,5","881,9","881,4",1387,"21,8","16,4","24,5","21,8","17,9","15,4",73,58,72,345,"9,6",5
2022/01/28,2100 UTC,0,"881,5","881,6","881,4","436,9","22,3","15,9","22,3","21,4","16,4","15,5",72,65,67,339,"8,9","1,9"
2022/01/28,2200 UTC,0,"882,2","882,2","881,5",75,"21,9","15,3","22,5","21,8","15,8",15,67,64,66,4,6,"3,2"
2022/01/28,2300 UTC,0,"882,8","882,8","882,2",,"21,1","16,1","21,9","21,1","16,1","15,3",74,66,73,353,"7,9","4,2"
2022/01/29,0000 UTC,0,884,884,"882,8",,"20,2","16,8","21,1","20,2","16,8","16,2",81,73,81,347,"7,9","2,5"
2022/01/29,0100 UTC,0,"884,8","884,8",884,,20,17,"20,3",20,"17,1","16,8",83,81,83,344,"4,8","2,4"
2022/01/29,0200 UTC,0,"884,9","885,1","884,8",,"19,2",17,20,"19,1",17,"16,8",87,83,87,2,"5,1",2
2022/01/29,0300 UTC,0,"884,6","884,9","884,6",,"19,2","17,3","19,3",19,"17,3","16,9",89,87,89,348,"4,4","2,6"
2022/01/29,0400 UTC,0,"883,7","884,6","883,7",,19,"17,4","19,3",19,"17,4","17,1",91,88,91,320,"4,7","2,3"
2022/01/29,0500 UTC,0,"883,6","883,7","883,6",,"18,8","17,2",19,"18,8","17,4","17,2",91,90,90,327,"4,7","2,3"
2022/01/29,0600 UTC,0,"883,4","883,6","883,4",,"18,5",17,"18,8","18,5","17,2",17,91,90,91,346,"4,6","2,7"
2022/01/29,0700 UTC,0,"883,4","883,5","883,4",,"18,2","16,7","18,5","18,2",17,"16,6",92,91,91,344,"5,9","3,1"
2022/01/29,0800 UTC,0,"883,6","883,6","883,4",,"17,6","16,4","18,2","17,6","16,7","16,4",93,90,93,347,6,"3,1"
2022/01/29,0900 UTC,0,"884,4","884,4","883,6",,"17,3","16,3","17,6","17,3","16,4","16,3",94,93,94,342,"4,9","2,2"
2022/01/29,1000 UTC,0,885,885,"884,4","307,5","18,7","16,7","18,8","17,2","16,9","16,2",94,88,88,331,"3,8","1,8"
2022/01/29,1100 UTC,0,"885,1","885,1",885,"1130,2","20,7","15,8","20,7","18,7","16,8","15,1",88,72,74,342,"6,7","3,6"
2022/01/29,1200 UTC,0,"885,9","885,9","885,1","1703,5","22,1","13,6","22,2","20,5","15,9","13,4",74,57,59,346,"8,8","4,6"
2022/01/29,1300 UTC,0,886,886,"885,7","2786,3","24,2","15,9","24,2","22,1","15,9","13,1",60,55,60,352,"9,7","5,2"
2022/01/29,1400 UTC,0,"885,8",886,"885,8","3145,5","24,7","15,6","24,7","23,4",16,"14,9",61,56,57,345,"9,9","5,1"
2022/01/29,1500 UTC,0,"885,6","885,8","885,6",3136,"24,9","15,7","25,3","23,8","16,2",15,61,55,57,351,"9,9","5,4"
2022/01/29,1600 UTC,0,"884,8","885,6","884,8","3207,5","25,2","15,3","26,1",24,"16,4","14,8",60,52,54,331,"9,7","5,6"
2022/01/29,1700 UTC,0,"883,7","884,8","883,6",3445,26,"15,6","27,1","25,2","16,3","14,6",55,49,53,341,"10,7","4,9"
2022/01/29,1800 UTC,0,883,"883,7",883,"2348,6","26,8","15,8","27,2","25,3","15,9","14,6",54,49,51,332,"9,7","4,4"
2022/01/29,1900 UTC,0,"882,4",883,"882,4","1936,6","25,3","15,6","27,2","25,3","16,3","14,2",55,48,55,314,"9,7",3
2022/01/29,2000 UTC,0,"882,4","882,4","882,3",692,"24,6","15,6","25,3","24,6","15,9","15,1",58,54,57,338,"6,9","3,1"
2022/01/29,2100 UTC,0,"882,8","882,8","882,4","476,4","23,7","15,9","24,7","23,7","16,1","15,3",62,57,62,331,"6,9","3,1"
2022/01/29,2200 UTC,0,"883,6","883,6","882,8","100,5","21,6","16,6","23,7","21,6","16,8","15,9",73,62,73,16,"7,1","3,4"
2022/01/29,2300 UTC,0,"884,7","884,7","883,6",,"20,4","16,7","21,6","20,4","16,9","16,6",79,73,79,354,"7,4","3,7"
2022/01/30,0000 UTC,0,"885,4","885,4","884,7",,"19,6","16,2","20,4","19,1",17,"15,4",83,77,81,354,"6,6","1,8"
2022/01/30,0100 UTC,0,"886,5","886,5","885,4",,"19,5","16,6","19,7","19,4","16,6","16,1",84,80,84,357,"3,8","1,5"
2022/01/30,0200 UTC,0,"886,6","886,6","886,5",,"19,5","17,1","19,7","19,2","17,3","16,6",87,84,86,9,"4,1","2,4"
2022/01/30,0300 UTC,0,"886,4","886,6","886,4",,"19,4","16,8","19,6","19,4","17,1","16,7",86,83,85,2,"5,7","3,1"
2022/01/30,0400 UTC,0,"885,8","886,4","885,8",,19,"16,7","19,4","18,9","16,8","16,7",87,85,87,348,"5,3","2,4"
2022/01/30,0500 UTC,0,"885,2","885,9","885,2",,19,"16,7","19,1","18,8","16,7","16,6",88,86,86,345,"4,7","2,4"
2022/01/30,0600 UTC,0,885,"885,3",885,,"18,6","16,6",19,"18,4","16,7","16,5",89,86,89,347,4,"2,4"
2022/01/30,0700 UTC,0,"884,8",885,"884,8",,"18,8","16,7","18,8","18,5","16,7","16,6",89,87,87,357,4,2
2022/01/30,0800 UTC,0,885,885,"884,8",,"18,3","16,4","18,9","18,3","16,6","16,3",89,86,89,357,"4,3","1,8"
2022/01/30,0900 UTC,0,"885,3","885,3",885,,"18,5",17,"18,5","18,3",17,"16,4",91,89,91,4,"4,9","2,7"
2022/01/30,1000 UTC,0,"885,8","885,8","885,3","208,3","19,3","17,3","19,3","18,4","17,4","16,9",91,88,88,351,"5,1","2,9"
2022/01/30,1100 UTC,0,"886,4","886,4","885,7","641,9","20,2","17,5","20,2","19,3","17,6","17,2",88,85,85,358,"6,5","3,9"
2022/01/30,1200 UTC,0,"886,9","886,9","886,4","1304,4","22,5","17,6","22,5","20,1","18,1","16,6",85,74,74,352,"9,3","4,9"
2022/01/30,1300 UTC,0,"887,2","887,2","886,9","2504,7","22,8",17,"23,6","21,9","17,4","16,1",74,66,70,356,"9,8",6
2022/01/30,1400 UTC,0,"887,1","887,3","887,1","3166,7","24,3","16,4","25,3","22,5",18,"16,1",71,59,61,351,"10,6","5,6"
2022/01/30,1500 UTC,0,"886,5","887,1","886,5","3499,9","25,2","16,7",26,"24,3","17,3","16,4",63,57,59,2,"10,4",5
2022/01/30,1600 UTC,0,"885,7","886,5","885,7","2436,5","25,4","17,3","25,8","23,7","17,9","16,1",67,58,61,326,10,4
2022/01/30,1700 UTC,0,"884,8","885,7","884,8","3064,6","26,6","16,6","26,7","24,8","17,9",15,62,50,54,342,"10,8","4,6"
2022/01/30,1800 UTC,0,"883,8","884,8","883,8","2177,2","27,1","15,6","27,3","25,6","16,8","14,9",57,50,50,339,"9,6","4,8"
2022/01/30,1900 UTC,0,883,"883,8",883,"2473,9","26,6","15,6","27,9","26,1","16,1","14,5",52,46,51,359,"9,8","4,7"
2022/01/30,2000 UTC,0,883,"883,1","882,9","719,8","23,7","16,5","26,7","23,3",17,"14,8",66,50,64,8,"10,5","4,1"
2022/01/30,2100 UTC,0,"883,7","883,7",883,"378,5","22,5","17,1","23,7","22,5","17,5","16,4",72,64,72,354,"7,9","3,9"
2022/01/30,2200 UTC,0,"884,2","884,2","883,7","104,6","22,1",17,"22,8","22,1","17,5","16,7",74,69,73,359,"6,5",2
2022/01/30,2300 UTC,0,"885,1","885,1","884,2",,"21,8",17,"22,2","21,8","17,1","16,9",74,72,74,351,"4,5","2,3"
2022/01/31,0000 UTC,0,"886,1","886,1","885,1",,"21,2","17,5","21,9",21,"17,5",17,80,74,79,341,"3,4","1,9"
2022/01/31,0100 UTC,0,"886,8","886,8","886,1",,"20,5","17,5","21,2","20,5","17,5","17,4",83,79,83,333,"3,8",2
2022/01/31,0200 UTC,0,887,"887,1","886,8",,20,"16,9","20,6",20,"17,6","16,9",83,81,82,330,"4,4","1,9"
2022/01/31,0300 UTC,0,"886,2",887,"886,2",,"19,9","16,6",20,"19,6","16,9","16,6",83,82,82,336,"5,3","2,9"
2022/01/31,0400 UTC,0,"886,1","886,4",886,,19,"16,7","19,9","18,9","16,7","16,5",86,82,86,324,"5,7","2,7"
2022/01/31,0500 UTC,0,"885,3","886,1","885,3",,"18,7","16,9",19,"18,6",17,"16,6",90,86,90,319,"5,7","2,4"
2022/01/31,0600 UTC,0,"885,2","885,2",885,,"18,3","16,9","18,7","18,2","17,1","16,7",92,90,91,310,"5,2","2,1"
2022/01/31,0700 UTC,0,"885,2","885,3","885,1",,18,"16,7","18,3",18,"16,9","16,7",92,91,92,325,"4,2","1,5"
2022/01/31,0800 UTC,0,"885,3","885,3","885,2",,18,"16,8",18,"17,8","16,8","16,5",93,92,93,322,"3,6","1,7"
2022/01/31,0900 UTC,0,"885,7","885,7","885,3",,"17,8","16,5","18,1","17,8","16,8","16,4",93,91,92,319,"4,5","1,5"
2022/01/31,1000 UTC,0,"886,6","886,6","885,7","191,1","18,7","17,1","18,7","17,8","17,1","16,4",92,90,90,322,"4,3","1,8"
2022/01/31,1100 UTC,0,"887,7","887,7","886,6","745,6","20,4","17,7","20,4","18,7","17,7",17,90,84,84,326,"5,5","2,6"
2022/01/31,1200 UTC,0,"888,1","888,1","887,7","1545,7","21,7","17,2","22,3","20,3","17,9","16,8",85,72,75,311,"5,2","2,2"
2022/01/31,1300 UTC,0,"887,9","888,2","887,9","2118,2","22,6",17,"24,2","21,7","17,7","16,1",76,64,71,352,"6,2","3,9"
2022/01/31,1400 UTC,0,"887,6","887,9","887,6","2153,5","24,4","16,5",25,"22,7","17,5","15,6",71,58,61,319,"6,7","2,1"
2022/01/31,1500 UTC,0,"887,3","887,6","887,3","1700,6","24,6","16,3","26,5","23,7","17,1","15,6",65,54,60,345,"5,8","3,3"
2022/01/31,1600 UTC,"0,8","886,7","887,3","886,6","1915,7","22,5","17,9","25,3","21,7","19,3","15,6",82,56,76,10,"7,9","4,6"
2022/01/31,1700 UTC,0,"885,9","886,7","885,9","2318,3","24,1","16,8","24,4","22,1","18,6","16,5",78,62,64,339,"8,3","4,3"
2022/01/31,1800 UTC,0,"885,3","885,9","885,3","2440,1","23,8","16,6","25,9","22,8","18,6","16,6",73,58,64,343,"8,3","4,2"
2022/01/31,1900 UTC,0,"884,4","885,3","884,4","1384,8","22,5","15,9","24,2","22,5","17,7","15,5",68,63,66,342,"9,1","3,8"
2022/01/31,2000 UTC,0,"883,7","884,4","883,7","744,5","21,8","16,4","22,5","21,8","16,7","15,9",72,66,71,323,"7,8","2,2"
2022/01/31,2100 UTC,0,"884,3","884,3","883,7","247,7","21,1","16,8","21,8","21,1","16,8","16,1",76,71,76,344,"5,8","3,1"
2022/01/31,2200 UTC,0,"884,8","884,8","884,3","55,1","19,8",17,"21,1","19,8",17,"16,5",84,76,84,314,"7,9",2
2022/01/31,2300 UTC,0,"885,4","885,4","884,8",,"19,2","17,1","19,8","19,2","17,1","16,8",88,84,88,346,"4,4","2,5"
2022/02/01,0000 UTC,0,"886,2","886,2","885,4",,"18,9","17,1","19,2","18,9","17,2",17,90,88,89,341,"4,5","1,9"
2022/02/01,0100 UTC,0,887,887,"886,2",,"18,5","17,2","19,1","18,5","17,3","17,1",92,89,92,311,"4,3","1,3"
2022/02/01,0200 UTC,0,"887,5","887,5",887,,"18,5","16,6","18,7","18,2","17,3","16,6",93,89,89,346,"3,6","1,8"
2022/02/01,0300 UTC,0,887,"887,5",887,,"18,3","16,1","18,6","18,3","16,6","16,1",89,86,87,341,"5,1","2,5"
2022/02/01,0400 UTC,0,"886,4",887,"886,3",,"17,5","15,6","18,3","17,5","16,2","15,6",89,87,89,335,"5,1","1,9"
2022/02/01,0500 UTC,0,886,"886,4",886,,"17,4","15,7","17,6","17,3","15,7","15,4",90,88,89,338,4,"1,7"
2022/02/01,0600 UTC,0,"885,5",886,"885,5",,"17,8",16,"17,8","17,2",16,"15,5",91,89,89,341,"2,9","1,8"
2022/02/01,0700 UTC,0,"885,1","885,5",885,,"18,2","15,6","18,4","17,8",16,"15,6",89,84,85,329,"4,1",2
2022/02/01,0800 UTC,0,"885,4","885,4","885,1",,"17,7","15,4","18,2","17,5","15,6","15,3",87,85,87,325,"3,4","1,7"
2022/02/01,0900 UTC,0,"886,2","886,2","885,4",,"18,2","15,5","18,2","17,7","15,6","15,5",87,84,85,341,4,"2,3"
2022/02/01,1000 UTC,0,"886,8","886,8","886,2","322,6","19,9",16,"19,9","18,2","16,1","15,5",85,77,78,344,"6,1","2,9"
2022/02/01,1100 UTC,0,"887,4","887,4","886,8","1024,2","21,1","16,4","21,1","19,9","16,5","15,8",78,75,75,322,7,"2,9"
2022/02/01,1200 UTC,0,"887,9","887,9","887,4","2061,6","23,4","16,5","23,4",21,"16,8","15,8",75,65,65,327,"7,3","3,1"
2022/02/01,1300 UTC,0,888,"888,1","887,9","2717,3",25,"16,5",25,"23,1","16,9","15,5",67,57,59,349,"6,9","3,3"
2022/02/01,1400 UTC,0,"887,8",888,"887,8","3331,7","25,6","15,8","26,2","24,4","16,8","15,5",60,54,55,340,"8,8",4
2022/02/01,1500 UTC,0,"887,4","887,8","887,4","2806,7","25,2","16,2","26,6","24,8","17,4","15,4",59,54,57,333,"8,4","3,8"
2022/02/01,1600 UTC,0,"886,4","887,4","886,4","2558,1","27,2","16,8","27,2","24,9","17,2","15,9",59,52,53,339,"7,7","4,4"
2022/02/01,1700 UTC,0,"885,7","886,4","885,7","2271,6",26,"16,6","27,2","25,5",17,"15,6",58,52,56,342,"8,2","3,7"
2022/02/01,1800 UTC,0,"884,8","885,7","884,8","2615,1","26,1","15,8","27,3","25,6","17,1","15,8",58,51,53,353,"7,7","3,6"
2022/02/01,1900 UTC,0,"884,4","884,8","884,4","2150,4","26,9","16,7","27,5","25,8","17,1",15,56,51,54,354,"8,4","4,4"
2022/02/01,2000 UTC,0,"884,3","884,4","884,1","1465,3",26,"16,6","27,2","25,8","17,3","15,8",57,52,56,354,"8,1","4,5"
2022/02/01,2100 UTC,0,"884,7","884,8","884,3","574,7","22,9","15,8",26,"22,2","17,5","15,8",73,56,64,360,"12,1","3,9"
2022/02/01,2200 UTC,0,"885,2","885,2","884,5","120,1","21,8",16,"23,2","21,8","16,5","15,9",71,64,70,347,"6,5","1,8"
2022/02/01,2300 UTC,0,"886,3","886,3","885,2",,"21,4","16,7","22,1","21,4","16,7",16,75,69,75,333,"4,6",2
2022/02/02,0000 UTC,0,"886,6","886,7","886,3",,"20,6","16,5","21,4","20,6","16,7","16,5",77,75,77,318,"4,1","1,4"
2022/02/02,0100 UTC,0,"887,2","887,2","886,6",,"20,1","16,9","20,7","20,1",17,"16,3",82,76,82,299,"2,9","1,6"
2022/02/02,0200 UTC,0,888,888,"887,2",,"19,8","17,4","20,2","19,8","17,4","16,9",86,82,86,309,"3,1",1
2022/02/02,0300 UTC,0,"887,9","888,1","887,9",,"19,7",18,"19,9","19,6",18,"17,2",90,85,90,276,"3,2","1,1"
2022/02/02,0400 UTC,0,"887,2","887,9","887,2",,"19,8","18,2",20,"19,7","18,2",18,90,89,90,310,"2,4","0,9"
2022/02/02,0500 UTC,0,"886,7","887,2","886,7",,"19,8",18,20,"19,8","18,2",18,90,89,89,295,"2,5","0,9"
2022/02/02,0600 UTC,0,"886,6","886,8","886,6",,"19,6",18,"19,9","19,6",18,"17,9",90,89,90,261,"2,5",1
2022/02/02,0700 UTC,0,"886,7","886,7","886,4",,"19,7","17,7",20,"19,6","18,1","17,7",91,88,88,243,"3,2","0,8"
2022/02/02,0800 UTC,0,"886,8","886,8","886,7",,"19,5","17,6","19,7","19,2","17,8","17,5",91,88,89,298,"1,9","0,7"
2022/02/02,0900 UTC,0,"887,3","887,3","886,7",,"18,7","17,3","19,5","18,7","17,8","17,3",92,89,92,114,"1,4","0,5"
2022/02/02,1000 UTC,0,"887,9","887,9","887,3","73,1","20,1","18,6","20,1","18,7","18,7","17,3",93,91,91,145,"1,9","1,1"
2022/02/02,1100 UTC,0,"888,6","888,6","887,9","313,7","20,7","18,5","20,7","20,1","18,9","18,4",91,87,87,110,"3,2","1,8"
2022/02/02,1200 UTC,0,"888,7","888,7","888,5","1578,8","23,6","18,5","23,6","20,7","19,1","18,3",87,73,73,139,"3,7","1,5"
2022/02/02,1300 UTC,0,"888,8","888,8","888,6","2459,6","24,6","18,4","24,8",23,"18,8","18,1",75,68,68,79,"4,6","2,4"
2022/02/02,1400 UTC,0,"888,4","888,8","888,4","2725,3",26,"17,7","26,3","24,1","19,1","17,1",69,59,60,41,"4,8","2,2"
2022/02/02,1500 UTC,0,"887,6","888,4","887,6","3095,3","27,1","17,9","28,1","25,7","18,4","15,7",63,47,57,60,"6,6",3
2022/02/02,1600 UTC,0,"887,1","887,6","887,1","3322,7","27,4","17,4","28,6","26,6","17,7","14,6",57,43,54,359,"7,5","4,1"
2022/02/02,1700 UTC,0,"886,7","887,1","886,5","1348,4","24,5","17,3","27,5","24,5","17,4","15,6",65,51,64,55,"7,4","3,1"
2022/02/02,1800 UTC,0,"886,2","886,7","886,1","378,5","23,8","17,8","24,5","23,7","17,9","17,1",69,64,69,40,"6,1","1,7"
2022/02/02,1900 UTC,0,"885,5","886,2","885,5","343,5","23,8","18,1","24,3",23,"18,1","17,1",72,65,70,156,"3,2","1,4"
2022/02/02,2000 UTC,0,"884,8","885,5","884,8","731,1","22,7","17,9","23,8","22,1","18,1","17,4",77,69,74,163,4,"1,7"
2022/02/02,2100 UTC,0,"884,7","884,8","884,6","441,9",23,"17,9",23,"22,6",18,"17,4",75,71,73,125,"2,9","1,1"
2022/02/02,2200 UTC,0,"885,6","885,6","884,7","70,8",22,"17,8",23,22,"18,1","17,7",77,73,77,132,"3,6","1,3"
2022/02/02,2300 UTC,0,"886,5","886,5","885,6",,"20,9","17,6",22,"20,5","17,8","17,3",82,77,81,155,"2,8",1
2022/02/03,0000 UTC,0,887,887,"886,4",,"20,5",17,"21,1","20,5",18,17,83,80,80,140,"3,5","1,7"
2022/02/03,0100 UTC,0,"887,4","887,4",887,,20,"15,9","20,5",20,"16,9","15,9",80,77,77,124,3,"1,4"
2022/02/03,0200 UTC,0,"887,9","887,9","887,4",,"19,6","16,5",20,"18,4","16,5","15,5",85,77,82,157,"2,6","1,4"
2022/02/03,0300 UTC,0,"887,8","888,2","887,8",,"19,2","17,1","20,3",19,"17,1","16,5",87,80,87,162,"2,7","0,8"
2022/02/03,0400 UTC,0,"887,7","887,8","887,6",,"19,3","17,5","19,8","18,7","17,6","16,7",90,86,90,178,"2,9","1,3"
2022/02/03,0500 UTC,0,"887,3","887,7","887,3",,"19,8","17,8","19,8","19,3","17,9","17,7",90,88,88,154,"3,2","1,3"
2022/02/03,0600 UTC,0,"886,8","887,3","886,7",,20,"18,4",20,"19,8","18,5","17,8",91,88,91,137,"3,3","1,1"
2022/02/03,0700 UTC,"2,2","886,8","886,8","886,5",,"19,9","18,7",20,"19,7","18,8","18,4",93,91,93,117,"4,6","1,9"
2022/02/03,0800 UTC,0,"886,7","886,8","886,6",,"19,7","18,5","19,9","19,6","18,7","18,4",93,92,93,138,"4,4","1,6"
2022/02/03,0900 UTC,0,"887,1","887,1","886,7",,"19,7","18,6","19,7","19,6","18,6","18,5",94,93,93,110,"5,6","2,9"
2022/02/03,1000 UTC,"0,2","888,5","888,5","887,1","59,7","18,7","16,5","19,9","18,7","18,6","16,5",93,87,87,25,"7,2","3,3"
2022/02/03,1100 UTC,"19,4","889,5","889,5","888,5","75,3","16,7","15,9","18,7","16,7","16,5","15,9",95,87,95,339,"8,9","3,3"
2022/02/03,1200 UTC,19,"890,1","890,1","889,5","202,1","17,1","16,4","17,2","16,6","16,4","15,8",95,95,95,332,"7,1","2,9"
2022/02/03,1300 UTC,"5,6","890,1","890,1",890,"213,8","17,5","16,8","17,5","17,1","16,8","16,3",95,95,95,258,"5,4","0,9"
2022/02/03,1400 UTC,"2,4","889,7","890,2","889,7","729,4","18,7","17,7","18,7","17,5","17,8","16,8",95,94,94,301,4,"1,8"
2022/02/03,1500 UTC,"0,2",889,"889,7",889,"1500,2","20,6","17,3","20,7","18,7","18,1","17,3",94,81,81,298,4,"1,7"
2022/02/03,1600 UTC,0,"887,5",889,"887,5","3243,8","24,1","15,1","24,5","20,6","18,6","15,1",83,57,57,289,"3,7","1,6"
2022/02/03,1700 UTC,0,"886,2","887,5","886,2","3443,5","26,1","16,5","26,7",24,"17,1","14,5",62,50,55,268,"3,6","1,4"
2022/02/03,1800 UTC,0,"885,2","886,2","885,2","3253,4","27,1","15,3","27,9","26,1",17,"14,6",56,46,49,190,"4,7","1,2"
2022/02/03,1900 UTC,0,"884,6","885,2","884,6","2990,8","28,1","15,4","28,6",27,"17,2","14,7",53,45,46,31,4,"1,6"
2022/02/03,2000 UTC,0,"884,4","884,6","884,4","1124,1","26,5","17,5","28,1","26,3","17,8","15,2",58,46,58,19,"5,2","2,5"
2022/02/03,2100 UTC,0,"884,7","884,7","884,3","727,7","25,5","16,3","26,8","25,5",18,"16,1",60,55,57,359,"6,4","3,4"
2022/02/03,2200 UTC,0,"885,8","885,8","884,6","171,5","23,2","17,1","25,5","23,2","17,1","16,2",69,57,69,356,"5,5",2
2022/02/03,2300 UTC,0,"886,1","886,1","885,8",,"21,9","17,3","23,3","21,9","17,4",17,75,69,75,308,"3,3","1,6"
2022/02/04,0000 UTC,0,"886,4","886,4","886,1",,"20,5","16,8","21,9","20,5","17,3","16,8",80,75,80,284,3,"0,9"
2022/02/04,0100 UTC,0,"886,9","886,9","886,4",,"19,7","17,8","20,5","19,6","17,9","16,8",89,80,89,159,"1,9","0,6"
2022/02/04,0200 UTC,0,"887,3","887,3","886,9",,"19,3","17,7","19,8","19,2","17,9","17,5",90,88,90,285,"1,7",1
2022/02/04,0300 UTC,0,"887,5","887,6","887,2",,"19,7","18,3","19,7","18,9","18,3","17,4",91,90,91,204,"2,3","0,4"
2022/02/04,0400 UTC,0,"887,1","887,5",887,,"20,7","18,9","20,7","19,7","19,1","18,3",92,89,89,101,"1,1","0,8"
2022/02/04,0500 UTC,0,"886,9","887,1","886,6",,"20,7","17,6","21,1","20,3","19,2","17,6",92,82,82,179,"6,2","2,5"
2022/02/04,0600 UTC,0,"886,4","886,9","886,4",,"20,5","17,2","20,7","20,1","17,6","17,2",84,81,82,217,"6,2","2,1"
2022/02/04,0700 UTC,0,"886,5","886,6","886,4",,"19,7","17,2","20,5","19,7","17,3",17,86,81,86,210,"5,9","2,8"
2022/02/04,0800 UTC,0,"886,8","886,8","886,5",,"19,7","18,1","19,7","19,5","18,1","17,2",91,86,90,187,"6,4","2,2"
2022/02/04,0900 UTC,0,"887,4","887,4","886,8",,"19,4","17,9","19,8","19,4","18,1","17,8",91,90,91,175,"4,6","1,6"
2022/02/04,1000 UTC,0,"887,9","887,9","887,3","84,6","19,4","18,1","19,4","19,2","18,1","17,8",93,91,92,183,"4,7","1,8"
2022/02/04,1100 UTC,0,"888,5","888,5","887,9","184,4","19,6","18,3","19,7","19,4","18,3","18,1",92,91,92,134,"5,1","2,7"
2022/02/04,1200 UTC,0,"888,8","888,8","888,5","307,6","20,1","18,5","20,2","19,6","18,7","18,3",93,90,90,96,"5,2","2,8"
2022/02/04,1300 UTC,0,889,889,"888,8","511,7","20,4","18,3","20,5","20,1","18,6","18,1",90,87,88,97,"5,7","3,2"
2022/02/04,1400 UTC,0,"889,2","889,2",889,"949,1","22,1","18,6","22,3","20,3","19,1","18,2",88,80,81,101,"5,4","1,8"
2022/02/04,1500 UTC,0,"888,7","889,3","888,7","2304,6","24,1","18,5","24,3","21,9","19,1","17,9",82,70,71,74,"4,3","2,1"
2022/02/04,1600 UTC,0,"887,6","888,7","887,6","3507,2","25,2","18,4","26,5",24,"19,2","17,5",72,59,66,108,"4,3","2,4"
2022/02/04,1700 UTC,0,"886,6","887,6","886,6","2601,7","25,7","17,1","26,6",25,"18,5","16,6",66,57,59,178,"4,6","1,1"
2022/02/04,1800 UTC,0,"885,5","886,6","885,5","3282,5","27,4","16,3",28,"25,7","18,3","15,3",60,47,51,148,"4,6","2,4"
2022/02/04,1900 UTC,0,"884,9","885,5","884,9","1101,3","25,9","17,5",28,"25,8","17,9","15,7",61,48,60,59,"5,8","2,2"
2022/02/04,2000 UTC,"12,4",885,"885,1","884,6","188,9","20,8","18,3","25,9","20,7","18,8",17,86,59,86,238,"8,1","1,8"
2022/02/04,2100 UTC,"0,6","884,4",885,"884,4","182,1","20,9","18,4","21,1","20,5","18,9","17,9",89,83,86,149,"4,7","1,3"
2022/02/04,2200 UTC,"0,4","884,5","884,5","884,1","81,5","21,1","19,6","21,6","20,8","20,2","18,5",92,86,92,332,"2,3","0,8"
2022/02/04,2300 UTC,0,"885,1","885,2","884,5",,"20,7","19,6","21,1","20,7",20,"19,5",93,92,93,354,"1,5",1
2022/02/05,0000 UTC,0,"885,4","885,4","885,1",,"20,1","18,9","20,8",20,"19,7","18,7",94,91,93,18,"2,1","1,2"
2022/02/05,0100 UTC,0,"886,2","886,2","885,4",,"20,2","19,1","20,3","19,8","19,1","18,5",93,91,93,164,2,"1,2"
2022/02/05,0200 UTC,0,"886,6","886,6","886,2",,"19,8","18,8","20,6","19,7","19,3","18,7",94,92,94,260,2,"0,3"
2022/02/05,0300 UTC,0,"886,3","886,6","886,3",,"19,6","18,7","20,1","19,4","19,2","18,5",95,94,95,288,"1,4","0,7"
2022/02/05,0400 UTC,0,"885,9","886,3","885,9",,"19,7","18,9","19,9","19,3","19,1","18,4",95,95,95,264,"1,2","0,4"
2022/02/05,0500 UTC,0,"885,3","885,9","885,3",,"19,6","18,8","19,7","19,2","18,8","18,4",95,95,95,27,"0,9","0,3"
2022/02/05,0600 UTC,0,"885,3","885,4","885,3",,"19,9","19,1",20,"19,4","19,2","18,6",95,95,95,5,1,"0,4"
2022/02/05,0700 UTC,0,"885,3","885,4","885,2",,"19,8","18,9","20,1","19,7","19,3","18,9",95,95,95,134,"0,8","0,4"
2022/02/05,0800 UTC,0,"885,6","885,6","885,3",,"19,3","18,4","19,8","19,2","18,9","18,3",95,95,95,336,"1,6","1,1"
2022/02/05,0900 UTC,0,886,886,"885,6",,"19,4","18,6","19,5","19,1","18,7","18,2",95,95,95,96,"1,6","1,2"
2022/02/05,1000 UTC,0,"886,7","886,7",886,"144,8","20,7","19,9","20,9","19,2","20,1","18,3",95,95,95,279,"1,9","0,3"
2022/02/05,1100 UTC,0,"887,2","887,2","886,7","588,7","22,3",19,"22,4","20,7","20,6","17,8",95,77,81,295,"2,1","1,1"
2022/02/05,1200 UTC,0,"887,4","887,5","887,2","1235,7","23,9","15,8","24,4","22,1",19,"15,6",82,59,60,52,"2,1","1,1"
2022/02/05,1300 UTC,0,"887,6","887,6","887,4","2536,6","25,1","16,9","25,2","23,8","17,9","15,7",68,60,60,350,"4,5","1,8"
2022/02/05,1400 UTC,0,887,"887,6",887,"2862,7","26,5","16,6","26,6","24,9","17,8","15,3",63,52,55,265,"4,5","1,2"
2022/02/05,1500 UTC,0,"886,5",887,"886,5","2734,2","27,2","16,5","27,2","26,4","17,7","14,8",57,47,52,113,"3,4","1,1"
2022/02/05,1600 UTC,0,"885,5","886,5","885,5",2199,"26,9","16,8","27,9","26,5","17,8","15,5",57,48,54,179,"3,8",1
2022/02/05,1700 UTC,0,"884,5","885,5","884,5","1671,1","26,5","17,6","27,2","26,2","18,4","17,1",62,54,58,182,"4,5","2,1"
2022/02/05,1800 UTC,0,"883,8","884,6","883,8","1567,4","26,1","17,9","26,9",26,"18,6",17,61,56,61,48,"5,4","1,5"
2022/02/05,1900 UTC,0,883,"883,8",883,"1100,2","25,4","17,1","26,1","23,3","18,1","17,1",72,60,60,356,"6,2","2,1"
2022/02/05,2000 UTC,0,"883,7","883,7","882,9","598,8","22,6","17,8","25,7","22,6","18,7","16,9",75,59,75,142,"6,7","3,3"
2022/02/05,2100 UTC,0,"884,2","884,2","883,7",55,"21,1","18,5","22,5","21,1","18,7","17,8",85,75,85,199,"6,7","0,7"
2022/02/05,2200 UTC,"0,2","884,6","884,6","884,2","32,7","20,8","19,1","21,1","20,7","19,1","18,5",90,85,90,274,"2,6","0,8"
2022/02/05,2300 UTC,0,"885,3","885,4","884,6",,"21,3","19,6","21,5","20,8","19,7","19,1",91,89,90,116,"1,5","0,8"
2022/02/06,0000 UTC,0,"886,6","886,6","885,3",,20,"18,1","21,6",20,"19,7","18,1",92,88,89,346,"9,6","5,2"
2022/02/06,0100 UTC,0,"886,8","886,9","886,6",,"18,6","17,2",20,"18,6","17,9","16,8",92,86,92,329,"9,8","3,7"
2022/02/06,0200 UTC,0,"886,9",887,"886,8",,19,"17,4",19,"18,6","17,4","17,2",92,90,90,318,8,"2,7"
2022/02/06,0300 UTC,0,"886,3","886,9","886,3",,19,"17,3","19,1",19,"17,4","17,3",90,89,89,313,"5,5","1,9"
2022/02/06,0400 UTC,"0,2","886,3","886,3","886,2",,"19,1","17,3","19,2",19,"17,3","17,2",89,88,89,303,"4,8","0,9"
2022/02/06,0500 UTC,"4,8","885,9","886,3","885,9",,"18,7","17,5","19,1","18,7","17,7","17,3",93,89,93,225,"5,5","3,2"
2022/02/06,0600 UTC,"0,2","885,3",886,"885,3",,"18,8","17,7","18,8","18,6","17,7","17,5",94,93,94,250,"6,1",2
2022/02/06,0700 UTC,0,"885,5","885,5","885,2",,"19,1","17,2","19,2","18,8","17,8","17,2",94,89,89,204,"5,3","2,8"
2022/02/06,0800 UTC,3,"886,1","886,1","885,5",,"18,5","17,2","19,1","18,5","17,2",17,92,89,92,197,"6,7","2,6"
2022/02/06,0900 UTC,"3,8","886,2","886,2",886,,"18,5","17,4","18,6","18,3","17,5","17,2",94,92,93,196,7,3
2022/02/06,1000 UTC,0,"886,8","886,8","886,2","23,5","18,3","16,2","18,5","18,3","17,4","16,2",93,87,88,203,7,"3,1"
2022/02/06,1100 UTC,"0,2","887,3","887,3","886,8","120,1","18,4",16,"18,4","18,1","16,2","15,8",88,85,86,186,"6,4","1,7"
2022/02/06,1200 UTC,"0,2","887,9","887,9","887,3","391,9","19,4","16,4","19,4","18,3","16,9",16,88,83,83,174,"4,4","1,6"
2022/02/06,1300 UTC,0,"888,8","888,8","887,9","759,9","19,9","16,5","20,2","19,3","17,5","16,3",85,80,81,126,"4,9","2,8"
2022/02/06,1400 UTC,0,"888,7","888,8","888,6","1137,9","20,7","17,1","20,7","19,9","17,3","16,5",83,79,80,128,"4,9","2,4"
2022/02/06,1500 UTC,0,"888,2","888,7","888,2","1393,1","21,5","17,4","21,5","20,4","17,5","16,6",81,77,78,90,5,"2,6"
2022/02/06,1600 UTC,0,"887,8","888,3","887,8","1821,2","20,9","17,5","22,2","20,8","17,8","16,8",81,73,81,56,"5,7","2,3"
2022/02/06,1700 UTC,0,"886,7","887,8","886,7","1477,7","21,6","17,2","21,9","20,8",18,"16,9",82,74,76,81,5,"2,2"
2022/02/06,1800 UTC,0,"885,4","886,7","885,4","2082,9","22,6","17,4","23,2","21,6","18,4","16,9",78,69,72,101,"5,1","2,2"
2022/02/06,1900 UTC,0,"884,2","885,4","884,2","1471,5",23,"17,2","23,3","22,6","18,1","16,7",74,68,70,96,"5,3","2,6"
2022/02/06,2000 UTC,0,"883,8","884,3","883,8","1060,3","22,9","17,2","23,1","22,4","17,8","16,8",74,69,70,59,"6,5","2,5"
2022/02/06,2100 UTC,0,"884,2","884,2","883,8","863,1","22,4","16,7","23,1","22,4","17,7","16,6",73,69,70,42,"6,5","2,1"
2022/02/06,2200 UTC,0,885,885,"884,2","141,2","21,4","16,7","22,4","21,4","17,1","16,1",75,68,75,84,"5,1","1,5"
2022/02/06,2300 UTC,0,886,886,885,,"20,7","17,2","21,5","20,7","17,2","16,6",80,74,80,78,"3,3","0,7"
2022/02/07,0000 UTC,0,"886,6","886,6",886,,"20,6","17,6","20,7","20,3","17,6","17,1",83,80,83,87,"2,7","1,2"
2022/02/07,0100 UTC,0,887,887,"886,6",,"20,5","17,8","20,8","20,5","17,8","17,5",85,82,85,47,3,"1,1"
2022/02/07,0200 UTC,0,887,"887,1",887,,"20,3",18,"20,5","20,3",18,"17,8",87,85,87,75,"2,5","0,6"
2022/02/07,0300 UTC,0,"886,6",887,"886,6",,"19,6","17,9","20,3","19,6","18,2","17,9",90,87,90,347,"1,9","0,2"
2022/02/07,0400 UTC,0,886,"886,6",886,,"19,1","17,8","19,9","19,1","18,3","17,8",92,90,92,3,"1,5","0,6"
2022/02/07,0500 UTC,0,"885,4","886,1","885,4",,"19,2","18,1","19,2","19,1","18,1","17,9",93,92,93,314,"1,4","0,9"
2022/02/07,0600 UTC,0,"885,1","885,4","885,1",,"19,5","17,8","19,5","19,2","18,1","17,8",93,90,90,327,"2,3","1,3"
2022/02/07,0700 UTC,0,885,"885,1",885,,"19,5","17,4","19,6","19,4","17,9","17,4",90,88,88,346,"3,2","1,3"
2022/02/07,0800 UTC,0,"885,4","885,4",885,,"19,1","17,4","19,6",19,"17,4",17,90,85,90,273,"2,4","1,2"
2022/02/07,0900 UTC,0,"885,9","885,9","885,4",,19,"17,6","19,1",19,"17,6","17,4",92,90,92,240,"1,8","0,3"
2022/02/07,1000 UTC,0,"886,5","886,5","885,9","133,9","19,9",18,"19,9",19,"18,3","17,6",93,88,89,222,"0,8","0,3"
2022/02/07,1100 UTC,0,"886,9","886,9","886,5","656,4","21,1","16,1","21,3","19,9",18,"16,1",89,73,73,293,"1,8","0,9"
2022/02/07,1200 UTC,0,"887,4","887,4","886,9","1236,4","21,8","16,4","22,1","21,1","16,8","15,4",74,68,71,293,"2,6","1,3"
2022/02/07,1300 UTC,0,"887,5","887,5","887,4","1839,6","22,1","17,7",24,"21,7","17,7","16,1",76,64,76,179,"5,2","2,6"
2022/02/07,1400 UTC,0,"887,8","887,8","887,5","849,7","20,5","17,5","22,3","20,5",18,"17,3",83,74,83,336,7,"3,4"
2022/02/07,1500 UTC,0,"887,1","887,9","887,1","1921,6","23,2",18,"23,2","20,3","18,6","17,5",87,72,72,344,"8,2",2
2022/02/07,1600 UTC,0,"886,4","887,1","886,4","2659,4","24,3","15,9","25,7","22,9","18,6","15,2",73,53,60,296,"6,6","2,4"
2022/02/07,1700 UTC,0,"885,7","886,4","885,7","801,6","23,2","17,4","24,3","22,1","18,3","16,1",78,60,70,352,"6,3","2,3"
2022/02/07,1800 UTC,0,"884,7","885,7","884,7","1551,2",24,"16,9","24,6","23,2","17,6","16,1",71,61,64,355,"7,3","3,5"
2022/02/07,1900 UTC,0,884,"884,7",884,1203,"24,2","17,3","24,2","23,4","17,6","16,6",69,64,65,5,"7,1","4,2"
2022/02/07,2000 UTC,0,"883,6",884,"883,5","1219,4","23,4",18,"24,8","23,2","18,2","17,4",72,65,72,344,"7,2","3,5"
2022/02/07,2100 UTC,0,"884,2","884,2","883,6","315,6",22,"17,6","23,4",22,"18,1","17,3",76,71,76,301,"6,4","2,6"
2022/02/07,2200 UTC,0,"884,7","884,7","884,2","22,8","21,1","18,1",22,"21,1","18,1","17,6",83,76,83,317,"5,5","2,1"
2022/02/07,2300 UTC,0,"885,5","885,5","884,7",,"20,5","18,7","21,1","20,5","18,8","18,1",90,83,90,315,"3,9","1,9"
2022/02/08,0000 UTC,"0,4",886,886,"885,5",,"20,2","18,6","20,5","20,2","18,8","18,6",91,90,90,319,"3,9","1,6"
2022/02/08,0100 UTC,0,"886,3","886,3",886,,"19,9","18,3","20,3","19,9","18,6","18,2",90,89,90,326,"4,3","1,5"
2022/02/08,0200 UTC,0,"886,7","886,7","886,3",,"19,7","18,3","19,9","19,7","18,4","18,2",92,90,92,278,"3,3","1,3"
2022/02/08,0300 UTC,0,"886,5","886,7","886,5",,"19,4",18,"19,7","19,4","18,4",18,92,91,91,271,"3,2","1,2"
2022/02/08,0400 UTC,"0,2",886,"886,5",886,,"18,8","17,4","19,4","18,7",18,"17,4",92,91,92,270,"3,8","1,5"
2022/02/08,0500 UTC,"0,8","885,5",886,"885,5",,"18,1","16,5","18,8","18,1","17,5","16,5",92,90,90,261,"3,8","1,5"
2022/02/08,0600 UTC,"0,4","884,8","885,5","884,8",,"18,1","16,6","18,1","17,9","16,6","16,3",91,90,91,249,"4,3","1,8"
2022/02/08,0700 UTC,0,"884,4","884,8","884,4",,"18,1","16,9","18,2","18,1","16,9","16,6",92,91,92,275,"4,3",1
2022/02/08,0800 UTC,0,"884,7","884,7","884,4",,"17,8","16,5","18,2","17,8","16,9","16,5",93,92,92,327,"3,1","1,6"
2022/02/08,0900 UTC,0,"884,8","884,9","884,7",,"17,3","16,2","17,8","17,3","16,5","16,2",93,92,93,298,"3,2","0,9"
2022/02/08,1000 UTC,0,"885,3","885,3","884,8","186,8","18,6","17,7","18,6","17,3","17,7","16,2",95,93,94,317,"1,6","0,7"
2022/02/08,1100 UTC,0,"885,8","885,8","885,3","631,6","20,1","17,9","20,1","18,6","18,1","17,5",94,87,87,283,"1,8","0,7"
2022/02/08,1200 UTC,0,"886,4","886,4","885,8","980,4","21,6",18,"21,6","20,1","18,2","17,3",87,80,80,299,"2,7","1,3"
2022/02/08,1300 UTC,0,"886,6","886,7","886,4","2107,8","24,3","17,5","24,4","21,6","18,7","17,3",81,66,66,314,"4,6",2
2022/02/08,1400 UTC,0,"886,4","886,6","886,4","2609,7","24,7","16,9","25,2","23,5","17,9","16,1",71,59,62,316,"5,5","1,8"
2022/02/08,1500 UTC,"0,4",886,"886,4",886,"1906,4","22,7","19,2","25,5","21,9","19,2","16,2",83,59,81,304,"7,1","2,1"
2022/02/08,1600 UTC,"8,4","885,1","886,2","885,1",1189,"22,9","20,1","23,6","19,9","20,1","17,4",90,70,85,332,"4,5",1
2022/02/08,1700 UTC,0,"884,2","885,1","884,1",1789,"24,6","18,9","24,6","22,9","20,3",18,85,68,70,347,"4,5","2,2"
2022/02/08,1800 UTC,0,"883,9","884,3","883,7","488,2","22,8","17,5","24,9","22,8","18,5","17,5",74,63,72,240,"6,1","2,9"
2022/02/08,1900 UTC,0,884,"884,1","883,8","197,9","20,8","18,7","22,8","20,6","18,9","17,4",88,71,88,46,"6,1","2,1"
2022/02/08,2000 UTC,0,"883,2",884,"883,2","203,4","21,1","18,3","21,1",20,"18,6","18,2",91,84,84,132,"4,2","0,4"
2022/02/08,2100 UTC,0,"883,4","883,5","883,2","278,9","21,2",18,"21,6","21,1","18,6","17,7",84,79,82,44,"2,9","0,7"
2022/02/08,2200 UTC,0,"884,1","884,1","883,4","67,9",20,"18,3","21,2",20,"18,7","17,9",90,81,90,161,2,"0,6"
2022/02/08,2300 UTC,0,"884,9","884,9","884,1",,"20,4","18,9","20,5","19,9","19,1","18,3",93,90,91,85,"1,5","0,5"
2022/02/09,0000 UTC,0,"885,3","885,3","884,9",,"20,3","18,8","20,6","20,2",19,"18,6",92,89,91,94,"2,6","0,8"
2022/02/09,0100 UTC,0,"885,8","885,8","885,4",,"19,9","18,7","20,4","19,8","18,9","18,5",93,90,93,34,"2,4","0,2"
2022/02/09,0200 UTC,0,"885,8","885,9","885,7",,"19,6","18,6","19,9","19,1","18,8","18,1",94,93,94,333,"1,4","0,6"
2022/02/09,0300 UTC,0,"885,5","885,8","885,5",,"19,4","18,3","20,1","19,4","18,9","18,2",94,92,93,351,3,"1,3"
2022/02/09,0400 UTC,"0,6",885,"885,5",885,,"19,1","17,9","19,6","19,1","18,3","17,9",93,92,92,315,"4,6","2,2"
2022/02/09,0500 UTC,"3,2","884,5",885,"884,5",,"18,4","17,5","19,1","18,4","17,9","17,5",94,92,94,289,"5,1","1,8"
2022/02/09,0600 UTC,"0,8","883,8","884,5","883,8",,"18,4","17,4","18,4","18,3","17,5","17,4",94,94,94,304,"4,1",2
2022/02/09,0700 UTC,0,"883,8","883,8","883,5",,"17,8","16,5","18,4","17,8","17,4","16,5",94,92,92,317,"5,6","2,2"
2022/02/09,0800 UTC,0,"884,1","884,2","883,8",,"17,6","16,2","17,9","17,5","16,4","16,1",92,90,92,291,"4,9","1,2"
2022/02/09,0900 UTC,0,"884,6","884,6","884,1",,"17,5",16,"17,9","17,4","16,2","15,9",92,89,91,318,"5,6","2,1"
2022/02/09,1000 UTC,0,885,885,"884,6","88,2",18,"16,8",18,"17,3","16,8","15,9",93,91,93,315,"4,5",2
2022/02/09,1100 UTC,0,"885,1","885,1","884,9","420,4",19,"17,2",19,18,"17,3","16,8",93,89,89,314,"3,6","1,4"
2022/02/09,1200 UTC,0,"885,1","885,1",885,"824,2","20,4","17,4","20,4",19,"17,6","16,9",90,83,83,324,"3,7","1,1"
2022/02/09,1300 UTC,0,"885,2","885,2",885,"1873,8","23,2","17,8","23,2","20,4","17,8","16,7",83,68,71,331,4,"2,1"
2022/02/09,1400 UTC,0,"885,2","885,4","885,1","2765,4","24,6","16,2",25,"23,1","18,1","15,8",71,58,60,352,"4,8","2,2"
2022/02/09,1500 UTC,0,"884,6","885,2","884,6","3000,1","25,4","16,5","25,5","24,4","17,2","14,7",63,53,58,308,"6,8","3,2"
2022/02/09,1600 UTC,0,"883,9","884,6","883,9","2836,3","25,6","16,7","25,6","24,5","17,4",16,62,56,58,341,"8,8","4,7"
2022/02/09,1700 UTC,0,"883,1","883,9","883,1","2736,6","26,3",16,"26,3","24,7","16,6",15,59,50,53,331,"8,8","3,7"
2022/02/09,1800 UTC,0,"882,6","883,1","882,5","2934,6","26,1","14,7","26,9","25,6","15,7","14,2",54,47,50,335,"9,3","4,1"
2022/02/09,1900 UTC,0,"882,3","882,6","882,3","2110,8","25,6","14,5","26,2","25,1","15,6","14,4",54,49,50,338,9,"5,1"
2022/02/09,2000 UTC,0,"881,8","882,3","881,8","1839,3","25,2","15,1","26,2","25,1","16,1","14,6",55,50,54,335,"9,4","4,7"
2022/02/09,2100 UTC,0,"882,1","882,1","881,7","908,8","24,2",16,"25,2","24,2","16,4","15,1",61,53,60,330,"9,3","3,5"
2022/02/09,2200 UTC,0,"882,8","882,8","882,1","119,7","21,7",17,"24,1","21,7",17,"15,7",75,60,75,287,"6,5","2,4"
2022/02/09,2300 UTC,0,"883,5","883,5","882,8",,21,"16,9","21,7","20,9","17,4","16,9",80,75,77,322,"6,2","1,6"
2022/02/10,0000 UTC,0,"884,2","884,2","883,5",,"20,9","17,4","21,2","20,8","17,5","16,2",82,73,80,351,5,3
2022/02/10,0100 UTC,0,"884,7","884,7","884,2",,"20,7","17,6","20,9","20,6","17,6","17,4",82,80,82,335,"6,4","2,8"
2022/02/10,0200 UTC,0,"885,1","885,2","884,7",,"19,5","17,7","20,7","19,5","17,9","17,5",89,82,89,353,"8,2","4,3"
2022/02/10,0300 UTC,0,"884,6","885,1","884,6",,"18,5","17,2","19,5","18,5","17,6","17,1",92,88,92,353,"8,1","4,7"
2022/02/10,0400 UTC,0,"884,1","884,6","884,1",,"18,3","16,9","18,5","18,3","17,2","16,9",92,91,91,334,"7,9","2,6"
2022/02/10,0500 UTC,0,"883,6","884,1","883,6",,"18,5","17,1","18,5","18,2","17,2","16,8",92,91,92,309,"5,1",2
2022/02/10,0600 UTC,0,"883,7","883,7","883,5",,19,"16,5","19,1","18,5","17,2","16,5",92,85,85,316,"6,9","2,7"
2022/02/10,0700 UTC,0,"883,8","883,8","883,7",,"18,6","16,8",19,"18,6","16,8","16,4",90,85,90,314,"8,4","3,2"
2022/02/10,0800 UTC,0,"883,8","883,8","883,6",,"17,9","16,7","18,5","17,9","16,9","16,7",93,90,92,314,"6,7","3,2"
2022/02/10,0900 UTC,"0,2","884,2","884,3","883,8",,18,"16,8",18,"17,9","16,9","16,6",93,92,93,329,"6,2","3,2"
2022/02/10,1000 UTC,0,"884,9","884,9","884,2","109,9","18,3",17,"18,3",18,17,"16,7",93,92,92,328,7,3
2022/02/10,1100 UTC,0,886,886,"884,9","298,3","18,3",17,"18,5","18,3",17,"16,8",92,90,92,325,"8,1","3,4"
2022/02/10,1200 UTC,"0,2","886,4","886,4",886,"498,5",19,"17,4",19,"18,2","17,4",17,93,91,91,310,"7,2","3,4"
2022/02/10,1300 UTC,"0,2","886,5","886,6","886,4","1034,3",20,"17,7",20,"18,9","17,8","17,2",91,86,86,313,"9,2","2,8"
2022/02/10,1400 UTC,0,"886,1","886,5","886,1","1998,5","21,2","16,6","22,2","19,6","17,9",16,88,71,75,326,"10,1","4,4"
2022/02/10,1500 UTC,0,"885,7","886,1","885,7","2604,8","23,1","16,8","23,1","21,2","17,2","16,1",75,68,68,324,10,"4,1"
2022/02/10,1600 UTC,0,"885,1","885,7","885,1","2635,1","22,7","16,7","23,5","22,2","17,1","16,2",71,65,69,351,"9,3","4,9"
2022/02/10,1700 UTC,0,"884,4","885,1","884,3","2045,2",24,"17,2",24,"22,1","17,3","15,9",72,65,66,345,"9,6","4,5"
2022/02/10,1800 UTC,0,"883,4","884,4","883,4","2428,4","23,3","15,6","25,1","23,2","17,4","14,9",67,55,62,328,"10,4","4,5"
2022/02/10,1900 UTC,0,"882,6","883,5","882,6","2781,4",24,"15,4","25,4","23,3","16,1","14,5",62,52,59,340,"10,3","4,7"
2022/02/10,2000 UTC,0,"882,9","882,9","882,5","1266,1","22,5","16,4","25,6","22,5","16,5","14,9",68,55,68,335,"9,8","3,8"
2022/02/10,2100 UTC,0,"883,2","883,2","882,9","415,2",22,"17,2","22,8","21,9","17,5","16,5",74,69,74,323,8,"2,8"
2022/02/10,2200 UTC,0,"883,8","883,8","883,2","37,1","20,6","17,4",22,"20,6","17,4","16,8",82,74,82,328,"5,6","2,3"
2022/02/10,2300 UTC,0,"884,3","884,3","883,8",,"19,7","17,2","20,6","19,7","17,5","17,2",86,82,86,324,5,"2,1"
2022/02/11,0000 UTC,0,885,885,"884,3",,"19,8","17,5","19,8","19,6","17,5","17,2",87,86,87,333,"4,5","2,3"
2022/02/11,0100 UTC,0,"885,3","885,3",885,,"19,5","17,7","19,8","19,4","17,7","17,5",90,87,89,336,"3,8","2,1"
2022/02/11,0200 UTC,0,"885,4","885,4","885,2",,"19,3","17,4","19,5","19,3","17,7","17,4",90,88,89,322,"4,3","1,6"
2022/02/11,0300 UTC,0,"884,9","885,4","884,9",,"19,3","17,4","19,3","19,3","17,4","17,4",89,89,89,322,4,"1,8"
2022/02/11,0400 UTC,0,"884,3","884,8","884,3",,"19,1","17,4","19,3","19,1","17,5","17,4",90,89,90,320,"4,1","1,8"
2022/02/11,0500 UTC,0,"883,9","884,3","883,9",,"19,1","17,1","19,2",19,"17,4","17,1",90,88,88,336,"3,8","1,9"
2022/02/11,0600 UTC,0,"883,6","883,9","883,6",,"19,1","16,8","19,2","19,1","17,1","16,8",88,86,87,293,"3,6",1
2022/02/11,0700 UTC,0,"883,8","883,8","883,6",,"19,2","16,7","19,3",19,"16,8","16,5",87,84,86,15,"2,8","1,5"
2022/02/11,0800 UTC,0,"884,3","884,3","883,8",,"19,2","16,9","19,3","19,1",17,"16,6",87,85,86,348,"2,7","1,2"
2022/02/11,0900 UTC,0,"884,6","884,6","884,3",,19,17,"19,2","18,9",17,"16,8",88,86,88,336,3,"1,4"
2022/02/11,1000 UTC,0,"885,3","885,3","884,6","65,6","19,2","17,3","19,2","18,9","17,4",17,90,88,89,351,"4,8","2,6"
2022/02/11,1100 UTC,0,"885,7","885,7","885,3","165,7","19,6","17,2","19,6","19,2","17,3","17,1",89,86,86,358,"5,2","3,2"
2022/02/11,1200 UTC,0,"886,1","886,1","885,7","472,8","20,4","17,3","20,4","19,6","17,6","17,1",86,82,82,347,"5,6","3,1"
2022/02/11,1300 UTC,0,"886,1","886,3","886,1","1043,3","21,9",17,"21,9","20,4","17,8","16,9",83,73,74,333,"5,2","2,5"
2022/02/11,1400 UTC,0,886,"886,2",886,"1853,2","23,9","16,4","24,4","21,9","17,3","15,4",74,59,63,313,"6,5","3,1"
2022/02/11,1500 UTC,0,"885,6",886,"885,6","1360,3","24,1","15,7","24,2","23,6","16,4","15,1",63,58,60,316,"6,5","2,4"
2022/02/11,1600 UTC,0,885,"885,6",885,"1703,9","24,8","14,6","25,2","24,1","16,5","14,6",61,53,53,329,"6,7","2,5"
2022/02/11,1700 UTC,0,884,885,884,"2521,4","25,8","15,7","26,3","24,7",16,"14,3",56,52,54,336,"7,7","3,7"
2022/02/11,1800 UTC,0,"883,2",884,"883,2","2348,6",26,"15,9",27,"25,1","17,5","14,8",57,50,54,316,"7,4","2,8"
2022/02/11,1900 UTC,0,"882,8","883,2","882,8","2123,8","26,7","15,6",27,"25,4",17,"14,9",55,50,51,322,"7,5","2,9"
2022/02/11,2000 UTC,0,"882,8","882,9","882,6","1328,1","24,9","15,9","27,1","24,9","16,3","15,1",58,50,57,286,"7,5","3,1"
2022/02/11,2100 UTC,"5,6","883,8","883,8","882,8","159,5","18,7","17,7","24,9","18,4","17,7",16,94,57,94,306,"12,9","3,3"
2022/02/11,2200 UTC,"0,4","884,1","884,1","883,8","30,5","18,7","17,4",19,"18,7","17,9","17,4",94,92,92,302,"6,9","2,9"
2022/02/11,2300 UTC,0,"884,2","884,2","883,9",,"18,3",17,"18,7","18,3","17,4",17,92,91,92,298,"6,2","1,5"
2022/02/12,0000 UTC,"0,2","885,1","885,1","884,2",,"18,6","16,9","18,6","18,2","17,1","16,8",92,89,90,326,"3,8",2
2022/02/12,0100 UTC,0,"885,9","885,9","885,1",,"18,4","16,6","18,6","18,4","16,9","16,6",91,88,89,334,"4,1","2,1"
2022/02/12,0200 UTC,0,"885,9","886,1","885,9",,"18,2","16,5","18,4","18,2","16,6","16,4",90,89,90,349,4,"1,6"
2022/02/12,0300 UTC,0,"885,3",886,"885,3",,18,"16,1","18,3",18,"16,6","16,1",90,88,88,323,"4,1","1,4"
2022/02/12,0400 UTC,0,"884,7","885,3","884,7",,"17,8",16,"18,1","17,7","16,1","15,9",89,88,89,356,"3,3","1,3"
2022/02/12,0500 UTC,0,"884,3","884,7","884,3",,"18,1","16,7","18,1","17,7","16,7",16,93,89,92,12,"2,2","1,2"
2022/02/12,0600 UTC,0,"884,1","884,3",884,,"18,2","16,3","18,2","17,9","16,7","16,3",92,89,89,352,"3,1","1,7"
2022/02/12,0700 UTC,0,"883,9","884,1","883,9",,"18,3","15,8","18,3","18,1","16,3","15,8",89,85,85,346,"4,1","2,6"
2022/02/12,0800 UTC,0,"884,1","884,1","883,9",,"18,1","15,4","18,3","18,1","15,8","15,4",86,84,84,330,"4,2","1,8"
2022/02/12,0900 UTC,0,"884,4","884,5",884,,"17,9","15,5","18,2","17,9","15,5","15,4",86,84,86,328,"3,6","1,7"
2022/02/12,1000 UTC,0,"885,1","885,1","884,4",83,"18,7","15,4","18,7","17,9","15,5","15,3",86,81,81,337,"3,6","1,9"
2022/02/12,1100 UTC,0,"885,6","885,6","885,1","482,5","20,6","16,5","20,6","18,7","16,5","15,3",82,77,77,334,"3,3","1,7"
2022/02/12,1200 UTC,0,"885,9","885,9","885,6","1707,4","22,6","17,1","22,6","20,7","17,2","15,9",78,69,71,321,"5,1","2,6"
2022/02/12,1300 UTC,0,886,886,"885,8","2145,5","24,2","16,7","24,3","22,1","17,3","16,2",72,62,63,296,"6,1","1,9"
2022/02/12,1400 UTC,0,"885,9","886,1","885,8","2391,9","25,5","15,5",26,"23,8","16,9",15,64,53,54,334,"7,9","4,2"
2022/02/12,1500 UTC,0,"885,3","885,9","885,3","2118,2","24,5","16,1","25,6","24,3","17,1","15,3",61,54,60,339,"7,3","3,8"
2022/02/12,1600 UTC,0,"884,7","885,3","884,7","1683,3","24,9","16,6","25,6","24,5","16,9","15,7",61,56,60,290,"7,6","2,7"
2022/02/12,1700 UTC,0,"883,5","884,7","883,5","2151,6","26,2","16,9","26,3","24,9","17,4","15,8",60,54,57,303,"6,1","3,1"
2022/02/12,1800 UTC,0,883,"883,6",883,"2025,3","26,5","16,1","27,4","25,5","17,4","15,7",58,51,53,356,"6,6","3,8"
2022/02/12,1900 UTC,0,"882,3",883,"882,2","1050,9","25,2","16,8","26,5","25,2","17,1","15,7",60,53,60,290,"6,6","2,6"
2022/02/12,2000 UTC,0,"882,1","882,4",882,"579,3","24,3","17,8","25,2","23,9","18,2","16,6",70,60,67,293,"6,1","2,4"
2022/02/12,2100 UTC,0,"882,5","882,7","882,1","365,5","23,2","17,3","24,4","23,2","18,2","16,4",70,64,70,291,"6,2","2,6"
2022/02/12,2200 UTC,0,"883,5","883,6","882,5","74,1","21,9","17,5","23,2","21,9","17,5","17,2",76,70,76,308,"4,7","0,9"
2022/02/12,2300 UTC,0,"884,1","884,2","883,5",,"20,9","18,4","21,8","20,7","18,4","17,4",85,76,85,14,"3,8","1,9"
2022/02/13,0000 UTC,0,"885,3","885,3","884,1",,"20,4","18,4","20,9","20,4","18,5","18,3",88,85,88,353,"5,1","2,5"
2022/02/13,0100 UTC,0,"885,5","885,6","885,3",,"20,3","17,9","20,5","20,2","18,4","17,9",88,86,86,360,"7,2","3,4"
2022/02/13,0200 UTC,0,"885,6","885,6","885,5",,"19,8","17,5","20,3","19,8","17,9","17,4",87,86,87,344,"6,2","3,1"
2022/02/13,0300 UTC,0,"885,2","885,7","885,2",,"19,3","17,6","19,7","19,3","17,8","17,5",90,87,90,339,7,"3,3"
2022/02/13,0400 UTC,0,"885,1","885,2","884,9",,19,"17,2","19,3",19,"17,5","17,2",90,89,89,344,"5,6","2,1"
2022/02/13,0500 UTC,0,"884,9","885,1","884,5",,"18,9",17,"19,1","18,9","17,2","16,9",89,89,89,329,"4,6",2
2022/02/13,0600 UTC,0,"884,3","884,9","884,3",,"18,6",17,"18,9","18,6",17,"16,8",90,88,90,288,4,"1,1"
2022/02/13,0700 UTC,"0,4","884,2","884,3","884,1",,"18,6","17,5","18,6","18,5","17,5",17,93,90,93,315,"2,2","0,9"
2022/02/13,0800 UTC,0,"884,4","884,4","884,1",,"18,7","17,7","18,7","18,6","17,7","17,5",94,93,94,347,"1,6","0,8"
2022/02/13,0900 UTC,"0,4","884,7","884,7","884,4",,"18,7","17,7","18,8","18,7","17,9","17,6",94,93,93,331,"2,1","0,9"
2022/02/13,1000 UTC,"0,4","885,4","885,4","884,7","75,4","18,5","17,5","18,8","18,5","17,7","17,5",94,93,94,288,"3,8","1,6"
2022/02/13,1100 UTC,"1,4","886,1","886,1","885,4","290,1","18,6","17,4","18,8","18,5","17,9","17,4",94,93,93,337,"3,2","1,8"
2022/02/13,1200 UTC,"2,4",887,887,"886,1","185,3","18,6","17,7","18,8","18,4","17,9","17,4",94,93,94,319,"5,4","2,5"
2022/02/13,1300 UTC,"5,4","887,2","887,3",887,"394,5","18,8","17,9","18,8","18,3","17,9","17,3",94,94,94,305,"6,4","2,1"
2022/02/13,1400 UTC,"1,6","887,1","887,2","887,1","1010,5","19,4","18,1","19,6","18,8","18,3","17,8",94,91,92,312,"5,6","2,6"
2022/02/13,1500 UTC,"0,2","886,9","887,2","886,9","1517,6","20,7","18,5","20,8","19,4",19,18,92,87,87,310,"6,9","2,9"
2022/02/13,1600 UTC,0,"885,7","886,9","885,6","2662,8","22,7","17,7","22,8","20,5",19,"17,7",89,73,73,319,"7,2","3,6"
2022/02/13,1700 UTC,0,"884,5","885,7","884,5","2226,6","23,2","17,2","23,3","22,3","18,5","16,3",75,67,69,342,"8,7","4,1"
2022/02/13,1800 UTC,0,"884,1","884,5",884,"2074,7","24,9","17,9","24,9","22,5",18,"16,4",72,64,65,332,"8,3","3,2"
2022/02/13,1900 UTC,0,"883,4","884,1","883,4","2328,8","24,5","17,5","25,5","23,6",18,"16,5",68,60,65,314,"7,6","2,7"
2022/02/13,2000 UTC,0,"883,4","883,4","883,2","1767,3","24,6","17,3","24,8","23,7","17,6","16,4",67,61,64,334,"5,9","2,9"
2022/02/13,2100 UTC,0,"883,3","883,4","883,3","841,8","23,2","17,2","24,8","23,2","17,4","16,4",69,60,69,336,"5,9","2,2"
2022/02/13,2200 UTC,0,"883,5","883,5","883,3",162,"21,7","17,3","23,2","21,7","17,5",17,76,68,76,335,5,2
2022/02/13,2300 UTC,0,"884,1","884,1","883,5",,"20,5","17,4","21,7","20,5","17,6","17,3",82,76,82,313,"3,7","1,2"
2022/02/14,0000 UTC,0,"884,6","884,6","884,1",,"19,4","17,1","20,6","19,4","17,5",17,86,82,86,312,"2,6","1,4"
2022/02/14,0100 UTC,0,"885,8","885,8","884,6",,"19,2",17,"19,8",19,"17,3","16,8",87,85,87,341,"3,4","1,8"
2022/02/14,0200 UTC,0,"885,9",886,"885,7",,"19,1","17,2","19,2","18,8","17,2","16,8",89,87,89,357,"2,8","1,7"
2022/02/14,0300 UTC,0,"886,1","886,2","885,9",,"18,8",17,"19,1","18,8","17,2","16,9",89,88,89,357,"2,8","1,9"
2022/02/14,0400 UTC,0,"885,7","886,2","885,7",,"19,1",17,"19,3","18,7","17,1","16,9",89,86,87,338,"2,7","1,6"
2022/02/14,0500 UTC,0,"885,4","885,8","885,4",,"19,2","17,1","19,3",19,"17,1","16,9",88,87,88,340,3,"1,6"
2022/02/14,0600 UTC,0,"884,8","885,4","884,8",,"19,1",17,"19,3","19,1","17,1","16,9",88,86,87,335,"3,3","1,8"
2022/02/14,0700 UTC,0,"884,5","884,8","884,5",,"18,6","16,7","19,1","18,6",17,"16,7",89,87,89,332,"3,8","1,7"
2022/02/14,0800 UTC,0,"884,5","884,7","884,5",,"18,5","16,9","18,7","18,4",17,"16,7",90,89,90,322,"3,2","1,4"
2022/02/14,0900 UTC,0,"884,8","884,8","884,5",,"18,4","16,5","18,6","18,4",17,"16,5",90,89,89,347,"3,8","2,4"
2022/02/14,1000 UTC,0,"885,8","885,8","884,8","140,5","18,8","16,8","18,8","18,1","16,9","16,5",91,88,88,8,"4,4","2,1"
2022/02/14,1100 UTC,0,"886,6","886,6","885,8","715,2","20,5",17,"20,8","18,8","17,3","16,6",88,79,81,348,"4,9","2,8"
2022/02/14,1200 UTC,0,"887,2","887,2","886,6","1526,4","21,9","17,2","22,4","20,5","17,9",17,81,72,74,358,"5,6","3,5"
2022/02/14,1300 UTC,0,"887,6","887,6","887,2","2286,4","23,1",17,"23,3","21,9","17,9",17,75,69,69,335,"7,3","3,8"
2022/02/14,1400 UTC,0,"887,3","887,6","887,3","3098,6","25,1","16,8","25,4",23,"18,5","16,3",71,59,60,309,"7,4","2,9"
2022/02/14,1500 UTC,0,887,"887,3",887,"2389,5","24,6","16,4",26,"24,4","18,1","16,1",64,58,60,319,"6,2","2,5"
2022/02/14,1600 UTC,0,886,887,886,2761,"26,5","16,8","26,9","24,6","18,1","15,8",63,54,55,344,5,"2,3"
2022/02/14,1700 UTC,0,"884,7",886,"884,7","2786,2","26,6",16,"27,9","25,9","17,7","15,6",57,49,52,355,"6,7","3,3"
2022/02/14,1800 UTC,0,"883,8","884,7","883,8","2547,6","27,7",16,"28,1","26,3","16,9","15,4",55,47,49,351,"6,9","3,5"
2022/02/14,1900 UTC,0,"883,6","883,8","883,4","1046,6","25,6",17,28,"25,6","17,4","15,7",59,49,59,306,"5,7","1,6"
2022/02/14,2000 UTC,0,"883,6","883,6","883,3","284,2","23,2","17,7","25,6","23,2","17,7","16,8",71,58,71,208,"5,2","2,9"
2022/02/14,2100 UTC,0,"883,8","883,8","883,6","193,7","22,7","17,7","23,4","22,7","18,2","17,5",74,71,74,264,"5,2","1,8"
2022/02/14,2200 UTC,0,"884,1","884,2","883,8","55,2","21,7","18,2","22,7","21,6","18,3","17,7",81,73,80,342,"3,9","1,8"
2022/02/14,2300 UTC,0,"884,8","884,8","884,1",,"21,1",18,"21,7","21,1","18,3",18,83,80,83,351,"5,2","2,1"
2022/02/15,0000 UTC,0,"885,6","885,6","884,9",,"20,2","18,5","21,1",20,"18,5","17,9",90,83,90,160,"3,4","0,3"
2022/02/15,0100 UTC,0,"886,8","886,8","885,5",,20,"18,6","20,4",20,"18,9","18,5",92,90,91,266,"1,1","0,7"
2022/02/15,0200 UTC,"0,4","887,7","887,7","886,8",,"20,3","18,6","21,4",20,"19,1","18,5",92,85,90,108,8,3
2022/02/15,0300 UTC,"4,2","887,3","887,8","887,3",,"18,3","16,1","20,3","18,3","18,7","15,9",91,84,87,51,8,"1,3"
2022/02/15,0400 UTC,3,"886,9","887,3","886,8",,"18,3","17,2","18,4","17,9","17,3",16,94,87,93,76,"2,3","0,6"
2022/02/15,0500 UTC,"0,4","885,8","886,9","885,8",,18,17,"18,4",18,"17,4","16,9",94,93,94,212,"2,2","0,9"
2022/02/15,0600 UTC,0,"885,7","885,8","885,6",,"17,6","16,7","18,2","17,5","17,2","16,5",94,94,94,337,"3,8","1,1"
2022/02/15,0700 UTC,0,"885,4","885,7","885,4",,"17,5","16,6","17,8","17,5","16,9","16,6",95,94,95,357,"1,7","0,6"
2022/02/15,0800 UTC,0,"885,9","885,9","885,4",,"18,6","17,8","18,6","17,5","17,8","16,6",95,95,95,332,"2,4","1,4"
2022/02/15,0900 UTC,0,"886,2","886,2","885,8",,"18,3","17,5","18,9","18,2","18,1","17,4",95,95,95,357,"2,7",1
2022/02/15,1000 UTC,0,887,887,"886,2","79,3","19,2","18,5","19,2","18,3","18,5","17,5",95,95,95,25,"2,4","0,6"
2022/02/15,1100 UTC,1,"888,1","888,1",887,188,"18,4","17,3","19,5","18,2","18,7",17,95,93,93,28,"9,5","3,2"
2022/02/15,1200 UTC,"0,2","888,5","888,6","888,1","537,2","18,9","17,6","18,9","18,4","17,7","17,2",93,92,93,349,"6,8","3,8"
2022/02/15,1300 UTC,0,"888,3","888,6","888,3","1449,3",21,"18,3",21,"18,8","18,8","17,6",93,85,85,335,"7,3","2,4"
2022/02/15,1400 UTC,0,"887,9","888,3","887,9","3509,5","24,9",17,"25,1","20,9","19,5","16,7",86,61,62,300,"5,5","2,3"
2022/02/15,1500 UTC,0,"887,2","887,9","887,2","3168,1","26,1","17,5",27,"24,5","19,2","16,7",68,56,59,282,5,2
2022/02/15,1600 UTC,0,"886,5","887,2","886,5","3015,9","25,7","17,5","28,1","25,7","19,1","16,2",63,53,61,342,"4,3","1,6"
2022/02/15,1700 UTC,0,"885,7","886,5","885,7","718,9","23,3","18,1","26,3","23,3","18,7","16,7",74,55,72,112,"4,2","1,6"
2022/02/15,1800 UTC,0,"885,4","885,7","885,4","249,9","22,1","18,6","23,9","22,1","19,1","17,6",83,68,80,249,"4,3","2,5"
2022/02/15,1900 UTC,0,"884,4","885,4","884,4","1181,3","23,9","17,5","24,6","21,8",19,"17,5",81,65,67,276,"5,3","2,5"
2022/02/15,2000 UTC,0,"884,4","884,5","884,2","873,4","23,5","18,8",25,"23,5","18,9","17,1",75,67,75,308,4,"1,7"
2022/02/15,2100 UTC,0,"884,4","884,4","884,1","530,1","23,3","18,4","24,1","23,2","18,8",18,76,69,74,307,3,"1,1"
2022/02/15,2200 UTC,0,"885,3","885,3","884,4","75,2","22,1","18,3","23,3",22,"18,8","17,9",82,72,79,335,"2,2","1,2"
2022/02/15,2300 UTC,0,"885,7","885,8","885,3",,"21,8","17,4","23,1","21,8",19,"17,3",82,72,76,326,"4,9","1,3"
2022/02/16,0000 UTC,0,"886,6","886,6","885,6",,"20,6","17,9","21,8","20,2","18,3","17,3",88,76,84,170,"2,5","0,8"
2022/02/16,0100 UTC,0,"887,6","887,6","886,6",,"21,1","17,9","21,1","20,1","18,3","17,6",88,82,82,108,"2,3","1,5"
2022/02/16,0200 UTC,0,"887,7","887,7","887,5",,20,"18,1","21,6",20,"18,3","17,9",89,82,89,182,"2,9","0,9"
2022/02/16,0300 UTC,0,"887,5","887,8","887,5",,"20,8","17,8","21,1",20,"18,8","17,8",90,83,83,157,"3,1","1,3"
2022/02/16,0400 UTC,0,"886,7","887,6","886,7",,"19,7","18,1","20,8","19,7","18,1","17,7",91,82,91,157,"5,7","2,3"
2022/02/16,0500 UTC,0,"885,6","886,7","885,6",,"19,2","17,9","19,7","19,2","18,2","17,8",92,91,92,297,"4,5","1,1"
2022/02/16,0600 UTC,0,"885,4","885,6","885,3",,"18,9","17,7","19,3","18,9",18,"17,7",93,92,93,300,"2,6","1,1"
2022/02/16,0700 UTC,0,"885,4","885,6","885,4",,"19,1","17,9","19,3","18,9",18,"17,7",93,92,93,118,"1,6","0,7"
2022/02/16,0800 UTC,0,886,886,"885,4",,"18,2","17,1","19,2","18,2",18,"17,1",93,93,93,151,"1,8","0,7"
2022/02/16,0900 UTC,0,"886,8","886,8",886,,"19,7","18,8","19,7","18,2","18,8","17,2",94,93,94,138,"3,1","1,8"
2022/02/16,1000 UTC,"0,2","887,3","887,3","886,8","126,6","19,3","18,2","19,7","19,1","18,8",18,94,93,93,168,"3,8","1,2"
2022/02/16,1100 UTC,0,"888,1","888,1","887,2",688,"20,8","18,9","20,8","19,3","19,1","18,2",94,89,89,123,"2,4","0,6"
2022/02/16,1200 UTC,0,"888,6","888,6","888,1",824,"21,1","18,5","21,5","20,6","19,3","18,5",90,85,85,95,"3,6",2
2022/02/16,1300 UTC,0,"888,6","888,8","888,6","2481,1","23,8","19,5","23,9","21,1","19,8","18,3",86,73,77,37,"4,3","1,7"
2022/02/16,1400 UTC,0,"888,6","888,7","888,5","2968,4","24,5","17,3","25,2","23,8","19,6","16,3",77,60,64,352,"6,5","3,4"
2022/02/16,1500 UTC,"8,6",889,"889,1","888,6","1167,2","19,2","17,6","25,1","19,2","18,9","17,2",90,64,90,25,"11,5","3,9"
2022/02/16,1600 UTC,"3,4","887,7",889,"887,6","676,3","20,6","18,9","20,6","19,2",19,"17,6",92,90,90,310,"7,4","2,2"
2022/02/16,1700 UTC,0,"886,8","887,7","886,8","757,9","21,7","19,2","21,7","20,6","19,2","17,9",90,82,85,267,5,"0,9"
2022/02/16,1800 UTC,0,"885,9","886,8","885,9","616,3","22,5","18,5","22,5","21,6","19,6","18,3",86,77,78,267,"3,6","1,9"
2022/02/16,1900 UTC,0,"885,3","885,9","885,3","1721,8","25,1","17,5","25,8","22,6","19,1","17,5",78,63,63,317,"4,9",2
2022/02/16,2000 UTC,0,"884,8","885,3","884,8","1710,3","25,9",17,"26,1","24,9","18,5","16,3",66,56,58,358,"4,7","2,7"
2022/02/16,2100 UTC,0,"885,1","885,1","884,8",667,"24,3","16,5",26,"24,3","17,4","15,9",64,56,62,359,"4,3","2,5"
2022/02/16,2200 UTC,0,"885,8","885,8","885,1","80,7","22,4","16,9","24,3","22,4","16,9","16,3",71,61,71,3,"4,1","1,8"
2022/02/16,2300 UTC,0,"886,3","886,3","885,8",,"21,3","17,5","22,4","21,1","17,5","16,9",80,71,79,340,"3,2",2
2022/02/17,0000 UTC,0,"887,3","887,3","886,3",,"21,1","19,1","21,8","21,1","19,1","17,6",88,78,88,266,"4,4","1,7"
2022/02/17,0100 UTC,0,"888,1","888,1","887,2",,20,"17,7","21,2",20,"19,3","17,7",89,84,86,333,"6,4","2,4"
2022/02/17,0200 UTC,0,"888,6","888,8","888,1",,"19,9","17,4",20,"19,7","17,7","17,2",87,85,85,63,5,"1,5"
2022/02/17,0300 UTC,"0,2","887,8","888,6","887,8",,"19,2","17,7","19,9","19,2","17,7","17,4",91,86,91,331,"2,9",1
2022/02/17,0400 UTC,"0,2","887,5","887,8","887,5",,"19,3","17,9","19,3","19,1","17,9","17,3",92,88,92,103,"4,5","2,4"
2022/02/17,0500 UTC,0,"887,4","887,6","887,4",,"18,7","17,7","19,3","18,6","18,2","17,6",94,92,94,91,"5,6",1
2022/02/17,0600 UTC,0,"886,6","887,4","886,6",,"18,7","17,7","18,8","18,6","17,8","17,6",94,94,94,54,3,1
2022/02/17,0700 UTC,"0,2","886,6","886,6","886,4",,"18,8","17,8","18,8","18,6","17,8","17,6",94,94,94,118,"2,2","0,8"
2022/02/17,0800 UTC,0,"886,7","886,7","886,6",,"18,7","17,8","18,9","18,7","17,9","17,7",94,94,94,218,"2,8","1,4"
2022/02/17,0900 UTC,0,"886,6","886,7","886,4",,"18,4","17,5","18,7","18,4","17,8","17,5",94,94,94,249,"2,8","1,3"
2022/02/17,1000 UTC,0,"887,2","887,2","886,6","21,2","18,1","16,6","18,6",18,"17,7","16,6",95,91,91,254,"6,2","2,1"
2022/02/17,1100 UTC,0,"887,8","887,8","887,2",202,"18,7",17,"18,7","18,1",17,"16,5",91,89,90,279,"4,8","1,5"
2022/02/17,1200 UTC,0,"888,1","888,1","887,8","898,9","20,5","16,4","20,7","18,7","17,3","16,4",90,77,77,263,"4,1","1,8"
2022/02/17,1300 UTC,0,"887,8","888,1","887,8","1477,7","22,6","17,4","22,6","20,5","17,6","16,5",79,71,72,334,"4,1","1,2"
2022/02/17,1400 UTC,0,"887,3","887,8","887,2","2351,7","22,8","17,3","24,1","22,6","17,7","15,4",74,59,71,193,"3,9",2
2022/02/17,1500 UTC,"1,6","886,6","887,3","886,5","1938,5","20,4","17,3","24,8","20,4","18,2",16,83,58,82,322,"6,5","2,9"
2022/02/17,1600 UTC,"0,4","885,8","886,7","885,8","992,5","21,4","18,1","21,8","20,4",19,"17,4",86,78,82,5,"5,8",1
2022/02/17,1700 UTC,"0,2","885,1","885,8",885,"1771,4","23,2","18,3","23,7","21,4","19,1","16,9",82,66,74,227,"3,5","0,7"
2022/02/17,1800 UTC,7,"884,9","885,2","884,7","705,4","19,4","17,9","23,5","19,3","18,4","16,7",91,67,91,9,"6,9","4,1"
2022/02/17,1900 UTC,1,"884,1","884,9",884,"558,3","20,7","18,8",21,"19,1",19,"17,4",91,88,89,177,"6,9","1,8"
2022/02/17,2000 UTC,"22,8",885,885,"884,1","128,9","18,5","17,6","20,7","18,5","18,8","17,4",94,88,94,5,"6,5","4,4"
2022/02/17,2100 UTC,25,885,"885,5","884,8","37,7","17,6","16,8","18,6","17,5","17,7","16,7",95,94,95,312,"7,2","0,6"
2022/02/17,2200 UTC,"0,2","883,7",885,"883,7",41,"17,9","17,1","18,1","17,5","17,3","16,8",95,95,95,57,"2,5","1,2"
2022/02/17,2300 UTC,0,884,884,"883,6",,"17,6","16,8","17,9","17,3","17,1","16,5",95,95,95,353,"3,3","2,2"
2022/02/18,0000 UTC,0,"884,9","884,9",884,,"17,4","16,6","17,6","17,4","16,8","16,6",95,95,95,318,"3,4","1,7"
2022/02/18,0100 UTC,0,"885,3","885,3","884,9",,"17,3","16,2","17,7","17,2","16,8","15,9",95,92,93,310,"3,7","1,6"
2022/02/18,0200 UTC,0,"885,8","885,8","885,3",,"17,2","16,2","17,3",17,"16,2",16,94,93,94,334,"2,7","0,9"
2022/02/18,0300 UTC,0,"885,2","885,8","885,2",,"17,8","16,5","17,9",17,"16,7",16,94,92,92,295,"2,4","1,4"
2022/02/18,0400 UTC,"0,2",885,"885,2",885,,"17,8","16,6","17,8","17,5","16,7","16,3",93,92,93,319,"2,4","1,3"
2022/02/18,0500 UTC,0,"884,7","885,2","884,7",,"17,6","16,4","17,8","17,2","16,6",16,93,92,93,322,"2,2","1,4"
2022/02/18,0600 UTC,0,884,"884,7",884,,"17,7","16,4","17,8","17,6","16,5","16,4",93,92,92,325,"2,9","1,1"
2022/02/18,0700 UTC,0,"883,8","884,1","883,7",,18,"16,6",18,"17,8","16,6","16,4",92,92,92,338,"2,9","1,5"
2022/02/18,0800 UTC,0,"883,6","883,8","883,4",,"18,1","16,9","18,2",18,"16,9","16,6",93,91,93,327,"3,1","1,2"
2022/02/18,0900 UTC,0,"883,8","883,8","883,6",,"17,9","16,9","18,1","17,8",17,"16,8",94,93,94,334,"2,2","1,5"
2022/02/18,1000 UTC,0,"884,1","884,1","883,7",164,19,"17,4",19,"17,7","17,5","16,7",94,91,91,342,"3,8","2,1"
2022/02/18,1100 UTC,0,"884,8","884,8","884,1","550,1","19,5","17,8","19,8",19,"18,1","17,4",91,89,90,336,"3,7","1,9"
2022/02/18,1200 UTC,0,"885,2","885,2","884,8","713,8","20,7","18,4","20,8","19,5","18,8","17,8",91,87,87,305,5,"2,2"
2022/02/18,1300 UTC,0,"885,3","885,3","885,1","1068,2","21,8","18,1","22,1","20,6","19,1","18,1",88,79,80,319,"5,7","2,8"
2022/02/18,1400 UTC,0,"884,9","885,4","884,9","1253,1","22,6","17,8","22,6","21,6","18,3","17,5",81,74,75,325,8,"3,5"
2022/02/18,1500 UTC,0,"884,3","884,9","884,3","2494,4","23,7","17,2","24,3","22,3",18,"16,8",76,64,67,317,"8,1","4,3"
2022/02/18,1600 UTC,0,"883,1","884,3","883,1","3487,9","24,9","17,1","25,4","23,7",18,"16,1",70,60,62,278,"8,3","3,5"
2022/02/18,1700 UTC,0,"882,3","883,1","882,3","2155,7","24,8","15,7","25,6","24,3",18,"14,7",66,54,57,291,"8,7","3,5"
2022/02/18,1800 UTC,0,"881,8","882,4","881,8","2890,2","25,9","15,8","26,2","24,6","17,4","15,2",61,54,54,288,"7,5","3,9"
2022/02/18,1900 UTC,0,"881,2","881,8","881,2","1978,2",25,"14,9",27,25,"16,9","14,4",55,51,54,245,"6,8","2,5"
2022/02/18,2000 UTC,0,"881,5","881,5","881,2","645,1","22,7","18,3","25,5","22,7","18,3","15,4",76,54,76,352,"6,7","4,1"
2022/02/18,2100 UTC,0,"881,7","881,7","881,2","634,8","22,2","17,8",23,"22,2","18,4","17,7",77,74,76,323,"6,9","1,8"
2022/02/18,2200 UTC,0,"882,3","882,4","881,7",84,"21,3","17,4","22,2","21,3","17,8",17,79,75,78,332,4,"1,9"
2022/02/18,2300 UTC,0,"882,8","882,8","882,3",,"20,8","17,6","21,4","20,8","17,6","17,3",82,78,82,334,"4,6","2,2"
2022/02/19,0000 UTC,0,"883,7","883,7","882,8",,"20,4","17,2","20,8","20,4","17,7","17,2",84,82,82,328,"5,3","2,6"
2022/02/19,0100 UTC,0,"884,2","884,3","883,7",,"19,5","18,1","20,4","19,5","18,1","17,2",92,82,92,329,"7,4","2,7"
2022/02/19,0200 UTC,0,"884,3","884,5","884,2",,"19,3","17,8","19,6","19,3","18,2","17,8",92,91,91,352,"6,8","3,7"
2022/02/19,0300 UTC,0,884,"884,4",884,,"18,8","17,3","19,3","18,8","17,8","17,3",91,90,91,335,"6,8","2,8"
2022/02/19,0400 UTC,0,"883,8",884,"883,8",,"18,5","17,3","18,8","18,5","17,3","17,2",93,91,93,317,"5,4","1,8"
2022/02/19,0500 UTC,0,"883,2","883,8","883,2",,"18,3",17,"18,6","18,3","17,4",17,93,91,92,274,"3,3","1,2"
2022/02/19,0600 UTC,0,"883,2","883,2","883,1",,"18,8","17,4","18,8","18,3","17,4",17,93,92,92,136,"2,9","1,5"
2022/02/19,0700 UTC,"0,2","883,2","883,4","883,2",,"18,7","17,7","18,9","18,7","17,7","17,4",94,91,94,147,"3,5","1,9"
2022/02/19,0800 UTC,0,"883,4","883,4","883,2",,"18,3","17,4","18,8","18,3","17,9","17,4",94,94,94,158,"3,9","1,6"
2022/02/19,0900 UTC,0,"883,8","883,8","883,4",,"18,1","17,1","18,3","18,1","17,4",17,94,94,94,156,"3,9","1,7"
2022/02/19,1000 UTC,"0,2","884,1","884,1","883,8","42,4","18,2","17,1","18,4",18,"17,2",17,94,93,93,108,"3,6","1,6"
2022/02/19,1100 UTC,"0,4","884,7","884,7","884,1","131,7","18,7","17,7","18,7","18,2","17,7","17,1",94,93,94,48,4,"1,8"
2022/02/19,1200 UTC,"0,6","885,2","885,2","884,7","490,2","18,9","17,8","19,3","18,4","18,2","17,4",94,93,93,239,"4,5","1,5"
2022/02/19,1300 UTC,"0,4","885,4","885,5","885,2","1269,9",21,"18,6",21,"18,8","18,8","17,6",94,84,86,324,3,"1,5"
2022/02/19,1400 UTC,0,"885,2","885,4","885,2","1240,6","22,1","17,5","22,5","20,5","19,1","17,2",87,74,75,317,5,"2,1"
2022/02/19,1500 UTC,0,885,"885,2","884,9","2066,3","23,7","17,8","23,7","22,1","18,1","16,5",76,66,70,313,"7,2","3,2"
2022/02/19,1600 UTC,0,"884,7",885,"884,7","1470,3","22,5","16,7",24,"22,4","17,7","16,2",73,64,70,316,"7,5","3,8"
2022/02/19,1700 UTC,"1,2","884,4","884,7","884,3","835,3","20,1",18,"22,5","19,3","18,6","16,7",92,70,88,291,"8,1","3,1"
2022/02/19,1800 UTC,2,"884,2","884,4","884,2",543,19,"17,5","20,1","18,4","18,2","16,5",93,87,92,301,"10,6","3,6"
2022/02/19,1900 UTC,"0,8","884,1","884,2","884,1","529,5","19,2","17,7","19,2","18,9","17,8","17,3",92,90,91,299,"8,5","3,1"
2022/02/19,2000 UTC,"0,4","883,9","884,1","883,8","445,3",19,"17,6","19,2","18,8","17,9","17,3",92,91,92,278,"6,5","2,3"
2022/02/19,2100 UTC,0,"884,4","884,4","883,8","288,2","18,9",17,19,"18,8","17,6","16,9",92,88,89,300,"5,6","2,3"
2022/02/19,2200 UTC,0,"884,8","884,8","884,4","68,6","18,4","16,9","18,9","18,3","17,1","16,8",91,89,91,308,"4,4","1,3"
2022/02/19,2300 UTC,0,"885,6","885,6","884,8",,18,"16,4","18,4",18,"16,9","16,3",91,89,90,333,"3,1","1,5"
2022/02/20,0000 UTC,0,"886,5","886,5","885,6",,"18,2","16,5","18,3",18,"16,6","16,3",90,89,90,348,"4,4","2,1"
2022/02/20,0100 UTC,2,"887,3","887,3","886,5",,"17,6","16,6","18,2","17,6","16,6","16,4",94,90,94,338,"5,4","1,7"
2022/02/20,0200 UTC,"0,4","887,8","887,8","887,3",,"17,8","16,9","17,8","17,6","16,9","16,6",95,94,95,359,"3,4","1,6"
2022/02/20,0300 UTC,6,"887,6","887,9","887,6",,"17,4","16,6","17,8","17,4","16,9","16,6",95,95,95,347,"5,2","2,7"
2022/02/20,0400 UTC,"0,8","887,1","887,6","887,1",,17,"16,1","17,4",17,"16,6","16,1",95,94,94,345,7,"2,4"
2022/02/20,0500 UTC,0,"886,3","887,1","886,3",,17,"16,1","17,1",17,"16,2","16,1",95,94,95,341,"4,1","2,2"
2022/02/20,0600 UTC,0,"885,9","886,3","885,9",,"16,8","15,9",17,"16,8","16,1","15,9",95,94,94,315,"3,8","1,5"
2022/02/20,0700 UTC,"0,2","885,8","885,9","885,8",,"16,8","15,9","16,9","16,8","15,9","15,8",94,94,94,337,3,"1,4"
2022/02/20,0800 UTC,1,886,886,"885,8",,"16,8","15,8","16,9","16,8","15,9","15,7",94,93,94,1,"2,8","0,7"
2022/02/20,0900 UTC,"0,4","886,1","886,1",886,,"16,6","15,5","16,8","16,6","15,8","15,5",94,93,93,1,"1,9","0,4"
2022/02/20,1000 UTC,0,"886,6","886,6","886,1","49,5","16,9",16,"16,9","16,5",16,"15,5",94,93,94,325,"1,7","0,8"
2022/02/20,1100 UTC,0,"887,2","887,3","886,6","288,6",18,"15,7",18,"16,9","16,2","15,7",94,87,87,222,"1,5","0,3"
2022/02/20,1200 UTC,0,"887,7","887,7","887,2","656,7","19,2","15,7","19,4",18,"16,2","15,2",87,78,80,308,"1,8",1
2022/02/20,1300 UTC,0,"888,1","888,1","887,7","1302,4","20,8",16,21,"19,2","16,3","15,1",80,72,74,260,"2,1","0,8"
2022/02/20,1400 UTC,0,"888,3","888,3","888,1",2299,"22,3","16,1",23,"20,7","16,7","14,9",74,62,68,341,"4,3","2,3"
2022/02/20,1500 UTC,0,"888,2","888,3","888,2","2105,5","23,5","15,7","23,6","22,3","17,2","15,3",71,61,62,336,"4,3","1,7"
2022/02/20,1600 UTC,0,"887,7","888,2","887,6","2166,1","23,2",17,"24,1","23,1",17,"14,3",68,55,68,342,"6,8","3,2"
2022/02/20,1700 UTC,0,"886,7","887,7","886,7","2521,2",23,"16,3","25,8",23,"17,5","14,8",70,52,66,287,"6,8","1,9"
2022/02/20,1800 UTC,"1,2",886,"886,7",886,"1340,4","23,4",17,"23,4","20,8","19,1","15,9",83,66,67,67,"5,6","1,8"
2022/02/20,1900 UTC,0,"885,6","886,1","885,6","1539,2","24,2","16,8","24,7","22,8","17,2","15,6",70,59,63,325,"4,6","2,1"
2022/02/20,2000 UTC,0,"885,4","885,6","885,4","1195,1","23,5","15,1","24,9","23,5","17,1","14,7",64,56,59,294,6,"1,6"
2022/02/20,2100 UTC,0,"885,9","885,9","885,4","355,1","22,1","16,9","23,5","22,1","16,9","14,9",73,59,73,198,"4,4",1
2022/02/20,2200 UTC,0,"886,6","886,6","885,9","64,6","20,3","17,9","22,1","20,3","18,3",17,86,73,86,117,"3,2","1,5"
2022/02/20,2300 UTC,0,"887,1","887,1","886,6",,"19,7","17,5","20,3","19,7","18,2","17,5",89,86,88,115,"4,5","2,4"
2022/02/21,0000 UTC,0,888,888,887,,"19,4","17,5","19,7","19,4","17,5","17,4",89,86,89,122,"4,5",2
2022/02/21,0100 UTC,0,"888,6","888,6",888,,19,17,"19,4",19,"17,6","16,9",90,87,88,114,"3,7","1,6"
2022/02/21,0200 UTC,0,"888,9","888,9","888,6",,19,"17,3","19,1","18,9","17,3",17,90,88,90,117,"3,4","0,7"
2022/02/21,0300 UTC,0,"888,5",889,"888,5",,"18,4","17,3",19,"18,4","17,4","17,1",93,90,93,127,"1,5","0,5"
2022/02/21,0400 UTC,0,"888,1","888,5",888,,19,"17,4",19,"18,5","17,6","17,3",93,90,90,134,"2,2","0,6"
2022/02/21,0500 UTC,0,"887,8","888,1","887,8",,"18,6","17,3",19,"18,6","17,6","17,3",92,90,92,175,"1,4","0,4"
2022/02/21,0600 UTC,0,"887,4","887,8","887,4",,"18,7","17,4","18,8","18,6","17,6","17,2",93,92,92,110,"1,7","1,1"
2022/02/21,0700 UTC,0,"887,2","887,4","887,2",,"18,9","17,7","18,9","18,6","17,7","17,2",93,92,93,125,"2,4","1,3"
2022/02/21,0800 UTC,0,"887,3","887,3","887,2",,"18,9","17,6","18,9","18,7","17,7","17,5",93,92,93,85,"2,6","1,3"
2022/02/21,0900 UTC,0,"887,8","887,8","887,3",,"18,9","17,6",19,"18,9","17,6","17,5",93,91,92,86,"3,4","0,9"
2022/02/21,1000 UTC,0,"888,4","888,4","887,8","78,4","19,2","17,9","19,2","18,9","17,9","17,6",93,92,92,77,"3,3","1,4"
2022/02/21,1100 UTC,0,"889,1","889,1","888,4","412,3","20,3","18,2","20,3","19,1","18,4","17,6",92,88,88,139,"3,3",1
2022/02/21,1200 UTC,0,"889,4","889,4","889,1","1181,1","21,3","17,7","21,6","20,2","18,7","17,4",88,78,80,81,"3,8",2
2022/02/21,1300 UTC,0,"889,7","889,7","889,4","2462,2","23,6","18,2","23,8","21,3","19,3","17,6",81,71,71,75,"5,8","3,2"
2022/02/21,1400 UTC,0,"889,6","889,7","889,6","3495,5","24,6","18,1","24,8","23,4","19,4","17,3",75,67,67,95,7,"3,5"
2022/02/21,1500 UTC,0,889,"889,6",889,"3083,8",25,"16,9","25,6","24,2","18,6","16,9",68,61,61,101,"6,8","2,1"
2022/02/21,1600 UTC,0,"888,3",889,"888,3","1739,5","23,6","17,6","25,7","23,6",18,"14,7",69,51,69,356,"6,1","3,1"
2022/02/21,1700 UTC,"21,8","887,4","888,4","887,4","681,6","21,7",19,"23,6","18,4","19,7","16,4",92,69,85,308,"6,9","0,4"
2022/02/21,1800 UTC,0,"886,9","887,4","886,9","1889,2","24,9","18,1","25,3","21,7","19,7","16,9",85,62,66,172,"2,4",1
2022/02/21,1900 UTC,0,"886,5","886,9","886,4","1059,9","24,4","17,8",25,"24,2","18,6",17,70,62,67,189,"2,8","1,5"
2022/02/21,2000 UTC,"4,8","886,6","887,1","886,5","280,4","19,2","17,9","24,4","19,2","18,5","17,4",92,67,92,3,"7,9","3,4"
2022/02/21,2100 UTC,"0,4","886,8","886,8","886,2","102,7","19,5","18,2","19,7","19,1","18,2","17,7",92,89,92,153,"6,9","0,4"
2022/02/21,2200 UTC,0,"887,3","887,4","886,8","14,1","19,9","18,8","19,9","19,5","18,9","18,2",94,92,94,331,"1,5","0,4"
2022/02/21,2300 UTC,"0,2","887,6","887,6","887,3",,"19,5","18,5",20,"19,5",19,"18,5",94,93,94,213,"1,6","0,7"
2022/02/22,0000 UTC,0,"888,5","888,5","887,6",,"19,6","18,6","19,6","19,3","18,6","18,3",94,94,94,219,"1,7",1
2022/02/22,0100 UTC,0,889,889,"888,5",,"19,7","18,2","20,2","19,6","18,8","18,2",94,89,91,165,"4,6","2,3"
2022/02/22,0200 UTC,0,"889,5","889,5",889,,"18,9","17,3","19,7","18,9","18,4","17,3",93,90,90,159,"5,1","2,3"
2022/02/22,0300 UTC,0,"888,9","889,5","888,9",,"18,5","16,6","18,9","18,5","17,4","16,6",91,89,89,136,7,"3,6"
2022/02/22,0400 UTC,0,"888,7",889,"888,6",,"18,4","16,9","18,7","18,4",17,"16,5",91,87,91,124,"7,5","3,6"
2022/02/22,0500 UTC,0,"888,4","888,8","888,4",,"18,2","16,4","18,4","18,2","16,9","16,4",91,89,89,99,"6,8",3
2022/02/22,0600 UTC,0,888,"888,4",888,,"17,8","16,2","18,2","17,7","16,5","16,1",91,89,90,98,8,3
2022/02/22,0700 UTC,0,"887,5",888,"887,5",,"17,9","16,5","17,9","17,7","16,5","16,1",92,90,92,92,"5,7","2,2"
2022/02/22,0800 UTC,0,"887,5","887,5","887,4",,"17,8","16,6","17,9","17,8","16,7","16,4",93,91,93,94,"4,3","1,8"
2022/02/22,0900 UTC,0,888,888,"887,5",,"17,7","16,7","17,8","17,6","16,7","16,5",94,93,94,122,"3,5","1,2"
2022/02/22,1000 UTC,0,"888,4","888,4",888,"72,2","18,1",17,"18,1","17,7",17,"16,7",94,93,93,135,"3,4",2
2022/02/22,1100 UTC,0,"889,1","889,1","888,4","791,1","19,5","16,6","20,2","18,1","17,7","16,2",93,80,83,107,"6,1",3
2022/02/22,1200 UTC,0,889,"889,1",889,"1788,8","21,4","17,1","21,4","19,3","17,6","16,5",84,75,76,97,"6,1","3,3"
2022/02/22,1300 UTC,0,"889,2","889,2",889,"2049,5","22,8","16,5","23,2","20,8","17,9","16,4",79,68,68,106,"5,1","1,6"
2022/02/22,1400 UTC,0,"888,7","889,2","888,7","3345,8","24,8",16,"25,2","22,6","17,9","15,4",73,57,58,80,"4,2","1,3"
2022/02/22,1500 UTC,0,"888,3","888,7","888,3","3731,9","26,2","14,1","26,2","24,4",17,"13,3",60,45,47,65,"4,1","1,9"
2022/02/22,1600 UTC,0,"887,3","888,3","887,3","3953,3",27,"14,1","27,1","25,9","16,7","12,9",55,42,45,96,"4,9","1,3"
2022/02/22,1700 UTC,0,"886,5","887,3","886,5","3149,3",28,15,"28,4","26,2","16,2","13,2",52,42,45,75,"6,7","2,5"
2022/02/22,1800 UTC,0,"885,5","886,5","885,5","1506,2","26,5","15,6","27,9","26,3","16,3","13,8",53,45,51,129,"6,7","1,6"
2022/02/22,1900 UTC,0,885,"885,5",885,465,"24,9","17,3","26,5","24,8","17,4","14,9",63,49,63,129,"6,2","3,4"
2022/02/22,2000 UTC,0,"885,5","885,5","884,8","122,1","21,4","18,3","24,9","21,4","18,5","17,4",83,63,83,40,"8,2","2,1"
2022/02/22,2100 UTC,0,886,886,"885,5","34,8","20,4",18,"21,6","20,4","18,3","17,8",86,80,86,281,"4,3","1,3"
2022/02/22,2200 UTC,"0,2","886,3","886,3",886,,"21,1","18,5","21,1","20,3","18,6","17,9",89,85,85,83,"3,1","1,5"
2022/02/22,2300 UTC,"0,6","886,7","886,7","886,2",,21,"18,7","21,1","20,8","18,8","18,3",88,84,87,75,"3,4","1,9"
2022/02/23,0000 UTC,0,887,887,"886,6",,"20,9","17,4","21,2","20,9","18,7","17,3",87,79,80,102,"5,9","3,1"
2022/02/23,0100 UTC,0,"887,2","887,3",887,,20,"17,6","20,9",20,"17,6","17,2",86,81,86,102,"5,9","2,1"
2022/02/23,0200 UTC,0,"887,5","887,6","887,2",,"19,9","17,3","20,1","19,9","17,6","17,3",86,84,85,51,"4,5","1,4"
2022/02/23,0300 UTC,0,"886,9","887,5","886,9",,"19,7","16,8",20,"19,6","17,3","16,8",85,83,83,54,"2,8","1,3"
2022/02/23,0400 UTC,0,"886,3","886,9","886,3",,"19,7","16,9","19,8","19,3",17,"16,7",86,83,84,59,"2,5","1,2"
2022/02/23,0500 UTC,0,"885,9","886,3","885,8",,20,"16,5","20,1","19,7","16,9","16,5",84,80,81,55,"3,1",1
2022/02/23,0600 UTC,0,"885,6","885,9","885,6",,"18,8","17,1","20,2","18,8","17,1","16,1",89,77,89,205,"2,4","0,7"
2022/02/23,0700 UTC,0,"885,6","885,7","885,6",,"18,8","17,6","18,9","18,7","17,6",17,93,89,93,243,"1,5","0,5"
2022/02/23,0800 UTC,0,"885,7","885,7","885,6",,"18,8","17,5","19,2","18,7","17,7","17,4",93,91,92,1,"1,4","0,6"
2022/02/23,0900 UTC,0,"886,1","886,1","885,6",,"18,7","17,6","19,1","18,7","17,9","17,5",93,92,93,179,"1,2","0,7"
2022/02/23,1000 UTC,0,"886,5","886,5","886,1","100,1","19,8","18,1","19,8","18,7","18,2","17,6",94,90,90,119,"3,1","1,6"
2022/02/23,1100 UTC,0,"887,3","887,3","886,5","944,3","22,1","18,1","22,1","19,8","18,4","17,7",90,78,78,68,"3,5","1,6"
2022/02/23,1200 UTC,0,"887,3","887,4","887,2","1960,3","23,1","17,3","23,3","22,1","18,4","16,7",79,68,70,51,"5,3","2,6"
2022/02/23,1300 UTC,0,"887,7","887,7","887,3","2845,7","24,9","16,5","25,4","23,1",18,"16,3",72,58,59,59,"6,8","3,5"
2022/02/23,1400 UTC,0,"887,7","887,8","887,6","2906,5","24,9","16,5","26,2","24,2","17,3","15,6",63,55,60,68,"7,4","3,5"
2022/02/23,1500 UTC,0,"887,4","887,7","887,4",2132,"26,2","15,6","26,2","24,7","17,1","15,6",61,52,52,67,"6,7","3,2"
2022/02/23,1600 UTC,0,"886,3","887,4","886,3","2384,8","26,1","15,1","26,5","25,7","16,7","15,1",56,50,51,33,"7,6","2,7"
2022/02/23,1700 UTC,0,"885,3","886,3","885,2","2142,6","27,4","15,9","27,5","25,8","16,6","14,6",54,49,49,5,6,"2,1"
2022/02/23,1800 UTC,0,"884,6","885,3","884,6","1915,1","25,9","14,9","27,4","25,9","15,9","14,6",52,47,51,26,"5,9","2,6"
2022/02/23,1900 UTC,0,"883,8","884,6","883,8","1062,3","26,6","15,1","26,9","25,9","16,1","14,5",53,48,49,60,"4,9","2,4"
2022/02/23,2000 UTC,0,"883,7","883,8","883,6","1467,9","27,1","14,6","27,7","26,3","15,5","13,7",50,44,47,59,"6,5","2,4"
2022/02/23,2100 UTC,0,"884,2","884,2","883,7","591,1","25,1","15,9","27,6","25,1","16,3","14,9",57,47,57,99,5,"2,8"
2022/02/23,2200 UTC,0,"884,9","884,9","884,2",18,"23,5","15,3","25,1","23,5","15,9",15,60,56,60,118,"5,9","2,7"
2022/02/23,2300 UTC,0,"885,2","885,2","884,8",,"20,8","16,9","23,6","20,8",18,15,80,59,78,22,"4,7","0,6"
2022/02/24,0000 UTC,0,"886,4","886,5","885,2",,"19,7","17,1","20,8","19,4","17,4","16,4",85,77,85,341,"1,6",1
2022/02/24,0100 UTC,0,"887,2","887,2","886,5",,"19,3","16,1",20,"19,2","17,1",16,85,80,82,14,2,"0,9"
2022/02/24,0200 UTC,0,"887,2","887,3","887,1",,"18,8","16,2","19,6","18,7","16,3","16,1",85,81,85,18,"2,1",1
2022/02/24,0300 UTC,0,"886,9","887,2","886,9",,"19,1","16,8","19,2","18,4",17,"16,1",89,85,86,166,"1,8",1
2022/02/24,0400 UTC,0,"886,3","886,9","886,3",,"18,8","16,7","19,4","18,7","17,1","16,4",88,85,88,314,"1,9","1,1"
2022/02/24,0500 UTC,0,"885,9","886,3","885,9",,"19,2","17,2","19,8","18,8","17,3","16,7",89,83,88,256,"3,5","1,3"
2022/02/24,0600 UTC,0,"885,5","885,9","885,5",,"17,7","16,5","19,2","17,6","17,2","16,3",93,88,93,297,3,1
2022/02/24,0700 UTC,0,"885,5","885,7","885,5",,"17,8","16,9","18,1","17,5","17,2","16,4",94,93,94,320,"2,3","1,1"
2022/02/24,0800 UTC,0,"885,7","885,8","885,5",,"17,5","16,7","17,8","17,2","16,9","16,3",95,94,95,70,2,"1,1"
2022/02/24,0900 UTC,0,"885,8","885,9","885,6",,"16,8",16,"17,7","16,8","16,9",16,95,95,95,244,"2,1","0,8"
2022/02/24,1000 UTC,0,"886,8","886,8","885,8","92,1","18,2","17,5","18,2","16,6","17,5","15,9",96,95,96,75,"1,6","0,7"
2022/02/24,1100 UTC,0,888,888,"886,8","363,3","18,4","17,7","18,6",18,"17,9","17,3",96,96,96,358,3,"1,5"
2022/02/24,1200 UTC,0,"888,5","888,5","887,9","1448,4","21,4","17,9","21,8","18,4","19,9","17,7",96,80,81,309,"2,6",1
2022/02/24,1300 UTC,0,"888,9","888,9","888,5","2677,3","24,3","17,9","24,8","21,4","19,1","17,8",82,67,67,12,"4,1","1,8"
2022/02/24,1400 UTC,0,"888,7","888,9","888,7","1951,3","24,4","18,1","25,2","23,6","18,8","17,7",72,64,68,73,"5,3","1,7"
2022/02/24,1500 UTC,0,"888,6",889,"888,6","507,1","22,2","18,8","24,4","21,3","18,8","17,7",84,67,81,67,"8,8","2,3"
2022/02/24,1600 UTC,0,"887,8","888,6","887,8","3312,2","24,5","17,5",26,"22,3","20,4","17,2",81,62,65,55,"6,6","3,6"
2022/02/24,1700 UTC,0,"887,1","887,8","887,1","2220,4","25,3","15,9","26,7","23,6","18,2","15,7",70,53,56,53,"6,1","2,5"
2022/02/24,1800 UTC,0,"886,6","887,2","886,6","2786,7","26,4","17,5","26,7","25,3","18,8","16,2",65,56,58,296,"5,3","2,7"
2022/02/24,1900 UTC,0,"886,3","886,7","886,2","1819,9","25,5",18,"26,8","25,2","18,4","16,9",63,58,63,302,"7,4","3,8"
2022/02/24,2000 UTC,0,"886,1","886,4","885,9","890,9","24,5",17,26,"24,1","17,9","16,5",66,59,63,79,"7,4","1,1"
2022/02/24,2100 UTC,0,"886,7","886,8","886,1","295,5","23,6","18,3","24,5","23,3","18,6","16,8",75,63,72,321,"4,2","2,2"
2022/02/24,2200 UTC,0,"886,9","886,9","886,6","59,8",22,"17,9","23,8","21,7","18,5","16,8",81,65,78,216,4,"1,1"
2022/02/24,2300 UTC,0,"887,7","887,7","886,8",,"21,9","18,2","22,9","21,8","18,6","17,3",82,71,80,132,"3,6","1,6"
2022/02/25,0000 UTC,0,"888,8","888,8","887,7",,"21,5",17,22,"21,4","18,2",17,80,75,75,125,"4,2","2,4"
2022/02/25,0100 UTC,0,"888,9","889,1","888,7",,"20,5","17,4","21,6","20,5","17,6","17,1",82,75,82,160,"4,4","1,5"
2022/02/25,0200 UTC,0,"888,6","888,9","888,6",,"19,7","17,3","20,5","19,7","17,4","17,2",86,82,86,102,"3,8","1,5"
2022/02/25,0300 UTC,0,888,"888,6",888,,"18,5","16,8","19,9","18,1","17,5","16,6",92,85,90,153,2,"1,1"
2022/02/25,0400 UTC,0,"887,6","888,1","887,6",,"17,8","16,7","18,8","17,5","17,4","16,3",94,90,94,291,"1,8","0,9"
2022/02/25,0500 UTC,0,"887,1","887,6",887,,"17,9","16,8","18,3","17,4","17,2","16,3",94,93,93,161,"1,7","0,9"
2022/02/25,0600 UTC,0,"886,6","887,1","886,6",,"17,5","16,6","18,1","17,2","17,1","16,1",95,93,94,177,"1,5","0,5"
2022/02/25,0700 UTC,0,"886,5","886,7","886,5",,"18,6","16,8","18,7","17,1","17,3","16,2",95,89,89,132,"2,5","1,6"
2022/02/25,0800 UTC,0,"886,7","886,7","886,5",,"17,4","15,5","18,7","17,2",17,"15,5",93,88,89,106,"2,5","1,3"
2022/02/25,0900 UTC,0,"887,5","887,5","886,7",,"16,3","15,4","17,4","16,3","15,8","14,9",94,89,94,189,"2,2","0,3"
2022/02/25,1000 UTC,0,"888,3","888,3","887,5","123,4","19,1","18,2","19,1","16,2","18,3","15,3",95,94,95,126,"1,4","0,9"
2022/02/25,1100 UTC,0,"889,2","889,2","888,3","949,2","22,2","17,2","22,2","19,1","18,3","17,1",95,73,73,110,"3,4","1,6"
2022/02/25,1200 UTC,0,"889,7","889,8","889,2","1875,4",24,"18,4","24,6","22,2","18,6","17,1",76,67,71,95,"5,7","3,2"
2022/02/25,1300 UTC,0,"889,9","889,9","889,7","2699,4","25,3","17,9","25,4",24,"18,8","17,9",71,63,64,84,"6,7","3,7"
2022/02/25,1400 UTC,0,"889,6","889,9","889,6","3326,3",26,18,"26,6","25,1","19,3","17,6",66,60,62,69,8,"3,1"
2022/02/25,1500 UTC,0,"889,2","889,6","889,2",3486,27,"17,2","27,5",26,"19,2","17,1",64,54,55,98,"7,4","2,7"
2022/02/25,1600 UTC,0,"888,5","889,2","888,5","2673,5","27,7","17,9","28,3","26,2","18,9","16,9",61,52,55,51,"6,5","2,8"
2022/02/25,1700 UTC,0,"887,9","888,5","887,9","2530,2","28,9","17,4",29,"26,7",18,"16,1",57,49,50,81,7,"2,8"
2022/02/25,1800 UTC,0,"887,2","887,8","887,1","3032,3","28,7","16,5","29,3","28,4","17,7",16,51,45,48,99,7,"3,6"
2022/02/25,1900 UTC,0,"886,4","887,2","886,4","1887,1","28,8","17,5","28,8","26,4","18,8","15,4",62,46,51,103,"8,3","2,9"
2022/02/25,2000 UTC,0,886,"886,4",886,"1260,6","26,8","16,5","29,1","26,8","17,7",16,54,47,54,108,6,3
2022/02/25,2100 UTC,0,"886,3","886,3","885,9","703,5","26,7","16,8",28,"26,6","16,9","15,8",55,48,55,127,7,"2,8"
2022/02/25,2200 UTC,0,"886,9","886,9","886,3","25,9","25,6","16,3","26,7","25,6","16,7","15,9",57,52,56,103,"5,9",2
2022/02/25,2300 UTC,0,"887,3","887,3","886,8",,"24,6","17,8","25,7","24,6","17,9","16,3",66,56,66,113,"4,1","2,2"
2022/02/26,0000 UTC,0,"888,1","888,1","887,3",,"23,9","18,2","24,7","23,8","18,2","17,8",70,66,70,141,"4,7","2,2"
2022/02/26,0100 UTC,0,"888,8","888,9","888,1",,"22,6","18,6","23,9","22,6","18,7","17,7",78,70,78,88,"8,1","3,4"
2022/02/26,0200 UTC,0,"888,9",889,"888,7",,"22,1","18,8","22,6",22,"18,9","18,6",82,78,81,126,"7,2","1,7"
2022/02/26,0300 UTC,0,"888,9",889,"888,8",,"21,6","18,2","22,2","21,6","18,7","18,2",81,80,81,97,"3,8","1,8"
2022/02/26,0400 UTC,0,"888,3","888,9","888,3",,"21,3","17,8","21,7","21,2","18,2","17,8",81,80,81,101,"4,2","2,4"
2022/02/26,0500 UTC,0,"887,8","888,3","887,7",,"20,9","17,6","21,4","20,8","17,9","17,4",81,79,81,108,6,"2,4"
2022/02/26,0600 UTC,0,"887,6","887,8","887,5",,"20,5","17,5","20,9","20,3","17,7","17,5",84,81,83,124,"4,5",2
2022/02/26,0700 UTC,0,"887,4","887,7","887,4",,20,"17,5","20,5","19,8","17,6","17,4",87,83,86,104,"3,9","1,8"
2022/02/26,0800 UTC,0,"887,9","887,9","887,4",,"18,7","16,7","20,1","18,7","17,6","16,7",89,85,88,138,"3,3","1,5"
2022/02/26,0900 UTC,0,"888,2","888,3","887,9",,"18,7","17,3","19,2","18,3","17,6","16,8",92,88,92,149,"2,4","1,4"
2022/02/26,1000 UTC,0,"888,7","888,7","888,2","146,2","20,3","18,2","20,3","18,7","18,2","17,2",92,88,88,96,"5,1","2,6"
2022/02/26,1100 UTC,0,"889,2","889,2","888,7","937,1","21,3","17,7","21,4","20,3","18,5","17,6",88,79,80,89,"6,8","4,2"
2022/02/26,1200 UTC,0,"889,4","889,4","889,2","1883,3","22,8","17,9","22,8","21,3","18,3","17,4",80,73,74,89,8,"4,4"
2022/02/26,1300 UTC,0,"889,7","889,7","889,4",2420,"24,6","17,5","24,7","22,8","18,9","17,2",74,64,65,74,"7,7","4,1"
2022/02/26,1400 UTC,0,"889,6","889,7","889,5","2753,8","25,3",18,"25,8","23,8","18,3",17,69,61,64,111,"7,7","3,5"
2022/02/26,1500 UTC,0,"889,4","889,7","889,3","3251,3","26,2","17,5","26,5",25,"18,6","16,5",65,57,59,68,"6,7","3,2"
2022/02/26,1600 UTC,0,"888,5","889,4","888,5","2983,5","27,3","17,6","27,6","25,5","18,3","16,6",60,53,55,72,"8,3","2,4"
2022/02/26,1700 UTC,0,"887,8","888,5","887,8",3233,"26,6","16,8","27,8","25,9","18,5","16,4",59,52,55,92,"8,6","4,6"
2022/02/26,1800 UTC,0,"886,9","887,8","886,9","2103,9","27,4","17,1","27,9","26,3","17,8","15,6",58,49,54,98,"8,6","2,9"
2022/02/26,1900 UTC,0,"886,4","886,9","886,3","2385,3",27,"15,2","28,4","26,9","17,1","15,1",54,45,48,86,"8,1","3,8"
2022/02/26,2000 UTC,0,886,"886,4",886,"813,5","25,8","16,4",27,"25,8","17,3",15,57,48,56,114,8,4
2022/02/26,2100 UTC,0,"886,1","886,1","885,7","763,7","25,6","16,5","26,4","25,5","17,2","15,9",59,54,57,110,8,"3,7"
2022/02/26,2200 UTC,0,"886,4","886,4",886,"95,6","24,4","16,4","25,6","24,2","16,6","16,2",62,57,61,112,"6,8","2,8"
2022/02/26,2300 UTC,0,"886,8","886,8","886,4",,24,"16,1","24,4","23,7","16,4","16,1",63,61,61,104,"5,3","2,7"
2022/02/27,0000 UTC,0,"887,5","887,5","886,8",,"22,9","16,7",24,"22,9","16,7","16,1",68,61,68,125,"4,6","1,8"
2022/02/27,0100 UTC,0,"887,9","887,9","887,5",,"22,4","16,8",23,"22,3","16,9","16,7",71,68,71,102,"4,6","2,4"
2022/02/27,0200 UTC,0,888,"888,2","887,9",,"21,6","16,2","22,5","21,6","16,8","16,2",72,70,71,92,"5,1",2
2022/02/27,0300 UTC,0,"887,6",888,"887,6",,"21,5","16,3","21,8","21,4","16,3","16,1",73,71,72,88,"5,1","2,3"
2022/02/27,0400 UTC,0,"887,3","887,6","887,3",,"20,8","16,5","21,7","20,8","16,6","16,3",76,72,76,104,"5,5","2,1"
2022/02/27,0500 UTC,0,887,"887,3",887,,"20,5","16,6",21,"20,5","16,7","16,5",78,76,78,74,"5,4","1,5"
2022/02/27,0600 UTC,0,"886,7",887,"886,6",,"20,1","16,8","20,6","19,9","16,9","16,6",82,78,81,71,"3,9","1,7"
2022/02/27,0700 UTC,0,"886,5","886,8","886,5",,"19,9","16,5","20,3","19,9","16,8","16,5",82,80,81,86,"3,8","1,6"
2022/02/27,0800 UTC,0,"886,7","886,7","886,5",,"19,4","16,4","19,9","19,4","16,6","16,3",83,81,83,88,"3,5","1,4"
2022/02/27,0900 UTC,0,"886,7","886,7","886,5",,"19,3","16,2","19,7","19,2","16,5","16,1",83,81,82,100,"3,3","1,4"
2022/02/27,1000 UTC,0,"887,3","887,3","886,7",152,"20,7","16,5","20,7","17,4","17,1","15,4",92,77,77,71,"4,5","1,9"
2022/02/27,1100 UTC,0,"888,1","888,1","887,3","957,1","22,3","15,9","22,4","20,7","16,6","15,5",77,66,67,75,"7,6","3,2"
2022/02/27,1200 UTC,0,"888,5","888,5","888,1","1905,7","23,8","16,6","23,8","22,3","16,8","15,7",69,62,64,67,"7,6","3,8"
2022/02/27,1300 UTC,0,"888,6","888,7","888,4","2722,9","24,8","16,1","25,3","23,9","16,6","15,7",64,57,58,60,"8,3","3,9"
2022/02/27,1400 UTC,0,"888,3","888,7","888,3","2452,4","26,1","16,5","26,2","24,2","17,5","15,7",63,55,56,53,"7,6","2,7"
2022/02/27,1500 UTC,0,"887,8","888,4","887,8","3532,8","26,7","15,4",27,"25,6","16,9","14,6",57,47,50,50,"7,2","2,5"
2022/02/27,1600 UTC,0,"886,8","887,8","886,8","3573,5",28,16,28,"26,3",16,"13,7",52,45,48,59,"7,4","2,1"
2022/02/27,1700 UTC,0,886,"886,8",886,"3123,6","28,6","15,7","28,6","26,4",16,"13,3",49,41,46,56,"6,1","2,4"
2022/02/27,1800 UTC,0,"885,4",886,"885,4","2903,2","28,2","14,4","28,9","27,2","15,8","13,2",47,40,43,91,"6,3","3,2"
2022/02/27,1900 UTC,0,"884,8","885,4","884,8","2215,5","28,7","14,1","28,9","26,6","15,7","12,1",47,38,41,104,"6,6",3
2022/02/27,2000 UTC,0,"884,7","884,8","884,6","1697,1","27,9","13,7","28,7","27,2","14,5","12,5",44,39,42,76,"7,3","2,8"
2022/02/27,2100 UTC,0,"884,6","884,7","884,4","571,4","26,8",12,"27,9","26,5","13,9","11,9",43,38,40,123,"5,8","2,8"
2022/02/27,2200 UTC,0,"884,7","884,8","884,6","87,3","24,7","15,1","26,8","24,7","15,3","11,9",56,40,55,111,7,"2,9"
2022/02/27,2300 UTC,0,"885,1","885,1","884,7",,"23,9","15,1","24,8","23,9","15,1","14,8",58,54,58,91,"6,1","2,7"
2022/02/28,0000 UTC,0,"885,5","885,6","885,1",,23,"15,3",24,23,"15,3",15,62,58,62,106,"5,6","2,6"
2022/02/28,0100 UTC,0,"886,3","886,3","885,5",,"22,6","15,4","23,3","22,6","15,6","15,3",64,61,63,102,"5,7","2,6"
2022/02/28,0200 UTC,0,"886,5","886,6","886,3",,"21,7","15,4","22,6","21,7","15,6","15,3",67,64,67,90,"4,7","2,3"
2022/02/28,0300 UTC,0,"886,5","886,6","886,4",,"21,2","15,3","21,9","21,2","15,5","15,3",69,67,69,110,"4,6","1,8"
2022/02/28,0400 UTC,0,"886,3","886,5","886,2",,21,"15,1","21,3","20,8","15,3",15,70,68,69,92,"4,2","2,3"
2022/02/28,0500 UTC,0,"885,9","886,3","885,9",,"20,5","15,2","21,1","20,5","15,2",15,71,68,71,97,"4,2","1,6"
2022/02/28,0600 UTC,0,"885,5","885,9","885,5",,"20,6","15,6","20,9","20,4","15,7","15,2",73,71,73,85,"4,5","2,6"
2022/02/28,0700 UTC,0,"885,7","885,7","885,5",,"20,1",16,"20,6","20,1","16,2","15,6",77,73,77,90,"4,6","2,3"
2022/02/28,0800 UTC,0,886,886,"885,7",,"19,9",16,"20,3","19,9","16,3",16,79,77,79,88,"5,9",2
2022/02/28,0900 UTC,0,"886,2","886,2",886,,"19,9","16,1","20,1","19,6","16,2",16,80,78,79,81,"5,5","2,9"
2022/02/28,1000 UTC,0,"886,5","886,5","886,2","143,9","20,7","15,8","20,7","19,9","16,1","15,7",79,74,74,61,"5,7",2
2022/02/28,1100 UTC,0,"886,8","886,8","886,5","944,2","22,5","15,7","22,5","20,7",16,"15,4",74,65,65,64,"6,3","3,1"
2022/02/28,1200 UTC,0,"887,6","887,6","886,8","1882,8","23,7","15,5","23,8","22,3","15,7","14,8",66,58,60,66,"6,3",3
2022/02/28,1300 UTC,0,"887,9","887,9","887,6","2701,8","24,7","15,4",25,"23,7","16,3","14,8",61,55,56,65,"6,7","3,2"
2022/02/28,1400 UTC,0,888,888,"887,9",3300,"26,2","15,2","26,2","24,7","16,4","14,8",58,50,51,71,"7,2","3,2"
2022/02/28,1500 UTC,0,"887,8","888,2","887,8","2125,3","26,4","15,6","26,8","25,3",16,"14,4",53,49,51,49,"6,9","2,8"
2022/02/28,1600 UTC,0,887,"887,8",887,"3647,5","27,6","13,9","28,3","26,1","15,9","13,6",52,42,43,55,"5,9","2,6"
2022/02/28,1700 UTC,0,"885,9",887,"885,9","3020,1","27,8","14,8","29,1","26,7","15,4","12,7",47,38,45,96,7,"2,7"
2022/02/28,1800 UTC,0,"885,2","885,9","885,2",3010,"27,8",13,"29,3","27,2","15,7","12,3",46,36,40,67,"6,3","1,8"
2022/02/28,1900 UTC,0,"884,5","885,2","884,5","2312,8","27,7","14,1","28,8","27,3","15,3","13,2",45,39,43,66,"6,2","2,1"
2022/02/28,2000 UTC,0,"884,2","884,5","884,2",1724,"27,7","13,8","28,2","27,1","14,6","12,7",45,39,43,107,"6,2","2,7"
2022/02/28,2100 UTC,0,"884,4","884,5","884,2","759,4","26,6","14,3","27,8","26,6","14,9","12,6",48,39,47,87,"5,8",3
2022/02/28,2200 UTC,0,"884,7","884,7","884,4","82,8",25,"14,7","26,6",25,"14,7","14,1",53,47,53,60,"5,4","1,5"
2022/02/28,2300 UTC,0,"885,3","885,3","884,7",,"24,1",16,25,"23,7",16,"14,7",61,53,60,91,"4,8","2,6"
2022/03/01,0000 UTC,0,"886,1","886,1","885,3",,"23,4",16,"24,1","23,3",16,"15,8",64,60,63,107,"5,1","2,9"
2022/03/01,0100 UTC,0,"886,8","886,8","886,1",,"22,6","16,1","23,4","22,6","16,2","15,9",67,63,67,90,"5,1","2,4"
2022/03/01,0200 UTC,0,"887,1","887,1","886,8",,"21,8","15,9","22,7","21,8","16,2","15,8",70,67,70,126,"5,1","1,8"
2022/03/01,0300 UTC,0,887,"887,2",887,,"21,4","15,8","22,1","21,4",16,"15,8",71,68,71,92,"4,7","1,7"
2022/03/01,0400 UTC,0,"886,9","887,1","886,9",,"19,1","15,9","21,4","19,1",16,"15,5",82,71,82,16,"3,8","0,3"
2022/03/01,0500 UTC,0,"886,6","886,9","886,5",,"20,7","15,7","20,7","18,9","16,4","15,7",83,73,73,106,"4,5","2,6"
2022/03/01,0600 UTC,0,"886,3","886,6","886,3",,"20,6","15,7","20,9","20,3","15,7","15,5",74,72,73,107,"4,9","1,8"
2022/03/01,0700 UTC,0,886,"886,3",886,,"20,2","15,7","20,6","19,9","15,8","15,5",76,73,75,86,"4,6","2,6"
2022/03/01,0800 UTC,0,"886,2","886,2",886,,"18,8","15,3","20,2","18,8","15,9","15,2",80,75,80,46,"4,6","0,7"
2022/03/01,0900 UTC,0,"886,4","886,4","886,2",,"19,5","15,6","19,5","16,7","16,3","14,9",91,78,78,85,4,"2,1"
2022/03/01,1000 UTC,0,"887,2","887,2","886,4",141,"20,7","15,9","20,7","19,4","15,9","15,2",78,73,74,79,"4,3","1,8"
2022/03/01,1100 UTC,0,888,888,"887,2","934,8","22,2","16,5","22,2","20,7","16,5","15,7",74,69,70,48,"6,2","2,8"
2022/03/01,1200 UTC,0,"888,3","888,3","887,9",1879,"24,2","16,2","24,4","22,1","16,9",16,70,61,61,64,"6,8","2,7"
2022/03/01,1300 UTC,0,"888,4","888,5","888,3","2044,6","24,4","17,3","24,8",23,"17,3",16,66,60,65,82,"8,7","2,6"
2022/03/01,1400 UTC,0,"888,4","888,5","888,4","2946,8","25,6","16,3","26,2","24,2","17,8",16,65,55,56,66,"8,3","3,3"
2022/03/01,1500 UTC,0,888,"888,5",888,"2807,5","26,5","15,9","27,1","24,6","17,1",15,60,49,52,56,"6,1","3,2"
2022/03/01,1600 UTC,0,"887,2",888,"887,2","2675,3","27,2","14,2","27,8","25,6","16,6","13,9",55,43,45,71,"6,1","2,4"
2022/03/01,1700 UTC,0,"886,1","887,2","886,1","3627,3","27,9","13,7","28,8","26,7","16,2","13,5",51,40,42,170,5,"1,7"
2022/03/01,1800 UTC,0,885,"886,2","884,9","3256,9","27,7","12,7","29,4","27,7",14,11,43,33,40,117,"5,8","2,5"
2022/03/01,1900 UTC,0,"883,9",885,"883,9","2322,9","28,3","13,6","28,8","27,4","14,1","12,2",42,38,40,108,"6,3",3
2022/03/01,2000 UTC,0,"883,5","883,9","883,5","1049,6","25,5","14,8","28,7","25,5","15,1","12,1",52,37,51,64,"7,5","2,7"
2022/03/01,2100 UTC,0,"883,6","883,6","883,4","430,3",26,"14,8","26,4","25,4","14,8","14,1",52,47,50,42,"5,8","2,4"
2022/03/01,2200 UTC,0,"883,9","883,9","883,6","79,8","24,6","14,5",26,"24,6","14,8",14,53,49,53,58,5,"1,7"
2022/03/01,2300 UTC,0,885,885,"883,9",,"23,7","15,5","24,6","23,7","15,5","14,4",60,53,60,78,"4,4","2,1"
2022/03/02,0000 UTC,0,"886,1","886,1",885,,"22,8","16,5","23,7","22,6","16,6","15,5",68,60,68,83,"5,5","2,1"
2022/03/02,0100 UTC,0,"887,1","887,1","886,1",,"21,8","16,3","22,7","21,8","16,7","16,2",72,68,71,74,"3,6","1,4"
2022/03/02,0200 UTC,0,"887,1","887,3","887,1",,"22,4","15,8","22,6","21,8","16,3","15,8",71,66,66,93,"5,2","2,7"
2022/03/02,0300 UTC,0,"886,8","887,2","886,8",,"21,9","15,8","22,4","21,7",16,"15,7",69,66,69,89,"5,2","2,4"
2022/03/02,0400 UTC,0,"886,8","886,8","886,7",,"20,5","15,7","21,9","20,5",16,"15,7",74,68,74,32,"4,2","1,2"
2022/03/02,0500 UTC,0,"886,7","886,9","886,7",,"21,5","15,8","21,6","19,9","16,4","15,7",80,70,70,57,"3,2","1,3"
2022/03/02,0600 UTC,0,"886,9","886,9","886,6",,"19,8",16,"21,5","19,8","16,1","15,8",79,70,78,11,"7,9","4,3"
2022/03/02,0700 UTC,0,"886,8","887,1","886,8",,"18,7","14,2","19,8","18,7","16,1","14,1",81,74,75,9,"7,9",2
2022/03/02,0800 UTC,0,887,"887,1","886,8",,"17,3","14,6","18,7","17,3","14,6","14,1",84,75,84,336,"3,5","1,5"
2022/03/02,0900 UTC,0,"887,2","887,4","886,8",,"18,5","15,4","18,9","17,3","16,1","14,6",87,80,82,84,"6,5","3,3"
2022/03/02,1000 UTC,0,"887,8","887,9","887,2","34,3","18,8","15,9","18,8",18,16,"15,3",87,82,83,62,"6,5","2,2"
2022/03/02,1100 UTC,0,"888,3","888,4","887,7","149,4","19,2","16,9","19,2","18,5",17,"15,8",89,83,86,133,"4,4","0,9"
2022/03/02,1200 UTC,0,"888,8","888,8","888,3","1444,7","22,4","15,4","23,3","19,2","17,3","15,2",86,63,65,38,"4,8","2,4"
2022/03/02,1300 UTC,0,889,889,"888,7","2460,4","24,2","16,6","24,4","22,4","17,2","15,6",70,61,63,20,"6,5","3,1"
2022/03/02,1400 UTC,0,889,"889,1",889,"2559,8","24,3","16,2","25,1","23,7",17,"15,1",64,55,61,31,"9,1","3,3"
2022/03/02,1500 UTC,0,"888,5",889,"888,5","2997,2","25,4",15,"26,3","23,7","17,3","14,8",64,51,53,20,"7,6","3,4"
2022/03/02,1600 UTC,0,"887,5","888,5","887,5","2584,4","26,3","15,9","26,7","24,7","16,5","14,2",56,49,53,17,"8,1","2,4"
2022/03/02,1700 UTC,0,"886,5","887,5","886,5","1421,7","25,4",14,"27,3","25,1","16,8","13,7",55,48,49,20,"6,3","1,9"
2022/03/02,1800 UTC,0,"885,5","886,5","885,5","1323,1","25,6","14,6","28,1","25,4","16,1","13,3",52,45,51,10,"5,5","2,9"
2022/03/02,1900 UTC,"24,2","886,1","886,5",885,1334,16,"14,5","27,3",16,"16,8","13,4",93,48,91,94,21,"8,1"
2022/03/02,2000 UTC,14,886,"886,1","885,6","63,8","20,2","18,2","20,4","15,7","18,6","14,4",95,88,88,25,21,"4,1"
2022/03/02,2100 UTC,14,"885,9","886,4","885,9","27,8","17,6","16,8","20,2",16,18,"14,4",95,83,95,306,"14,4","2,1"
2022/03/02,2200 UTC,0,"886,1","886,3","885,8","8,2",18,"17,1",18,"17,6","17,1","16,7",95,94,95,38,"3,6","0,8"
2022/03/02,2300 UTC,0,"886,4","886,5","886,1",,"17,8","16,6","18,1","17,6","17,2","16,6",95,92,92,13,"2,9","1,6"
2022/03/03,0000 UTC,0,"887,1","887,1","886,4",,"18,2","16,4",19,"17,8","16,9","16,2",93,86,90,7,"3,7","1,1"
2022/03/03,0100 UTC,0,"887,7","887,9","887,1",,"19,2","15,6","19,3","17,9","16,9","15,6",91,80,80,8,"4,5","2,5"
2022/03/03,0200 UTC,0,888,"888,1","887,7",,"17,2","15,1","19,2","17,2","15,6","14,8",88,79,88,316,"3,9","1,1"
2022/03/03,0300 UTC,0,"887,6","888,1","887,6",,"17,1","15,9","17,4","16,8","16,1","15,2",93,88,93,340,2,"1,5"
2022/03/03,0400 UTC,0,"887,6","887,7","887,6",,"18,4","14,9","18,5","16,8","15,9","14,7",93,79,80,73,"2,5","1,2"
2022/03/03,0500 UTC,0,"886,8","887,6","886,8",,"16,9","15,5","18,4","16,6","15,7",15,92,81,92,227,"1,6","0,6"
2022/03/03,0600 UTC,0,"886,5","886,8","886,5",,"17,8",16,"17,8","16,6","16,1",15,92,89,89,201,"2,6","1,1"
2022/03/03,0700 UTC,0,"886,4","886,7","886,4",,"17,8","16,2","17,9","17,5","16,3","15,5",92,87,91,143,"2,6","0,6"
2022/03/03,0800 UTC,0,"886,8","886,9","886,4",,"17,4","15,9","17,8","17,1","16,2","15,7",92,90,91,15,"1,5","0,8"
2022/03/03,0900 UTC,0,"887,3","887,3","886,8",,17,"15,6","17,6",17,"16,1","15,5",93,88,91,33,"1,5","0,5"
2022/03/03,1000 UTC,0,"887,7","887,7","887,3","50,9","18,3","16,6","18,3",17,"16,7","15,5",93,89,90,91,"1,2","0,7"
2022/03/03,1100 UTC,0,"888,2","888,2","887,7","438,4","20,3","17,1","20,3","18,2","17,3","16,6",91,82,82,139,"1,9","1,1"
2022/03/03,1200 UTC,0,"888,5","888,5","888,2","1868,5","23,3","15,8","23,5","20,3","16,9","14,8",82,61,63,92,3,"1,3"
2022/03/03,1300 UTC,0,"888,8","888,8","888,5","2654,5","24,7","15,7","24,7","23,2","16,8","14,5",66,55,57,27,4,"1,7"
2022/03/03,1400 UTC,0,"888,7",889,"888,7","2806,8","24,9","15,7","25,6","24,1","16,7","14,6",59,53,57,39,"5,8","1,6"
2022/03/03,1500 UTC,0,"888,2","888,7","888,2","1224,3","24,8","15,5","24,9","24,2","16,5","15,2",62,56,56,24,"5,1","1,9"
2022/03/03,1600 UTC,0,"886,9","888,2","886,9",2677,"25,4","15,7","26,2","24,7","16,7","14,5",58,50,55,26,"5,9","2,5"
2022/03/03,1700 UTC,0,"886,6","887,2","886,6","1992,6","22,5","15,4","26,4","22,5","17,2",15,64,53,64,15,"8,1","4,8"
2022/03/03,1800 UTC,0,"886,8","886,8","886,3","977,9","21,2","16,1","23,7","21,2","16,2","14,4",73,57,73,222,"8,1","3,7"
2022/03/03,1900 UTC,0,"886,6","886,9","886,5","125,5","19,2","16,4","21,2","19,2","16,4","15,5",84,73,84,132,"7,7","3,5"
2022/03/03,2000 UTC,"0,2","885,8","886,6","885,6","347,3","19,7","16,2","19,7",19,"16,7",16,85,80,80,110,"5,9",2
2022/03/03,2100 UTC,0,"886,4","886,5","885,8","246,5","19,8","16,5","19,9","19,7","16,6","15,5",83,76,81,275,"3,7","0,7"
2022/03/03,2200 UTC,0,"886,8","886,8","886,4","28,6",19,"16,8","19,9","18,7","17,4","15,8",90,78,87,359,"3,1","1,4"
2022/03/03,2300 UTC,0,"887,1","887,2","886,8",,"18,4","16,6","19,2","18,4",17,"16,3",89,85,89,317,"3,7","1,8"
2022/03/04,0000 UTC,0,"887,4","887,4","887,1",,"18,3","16,8","18,5","18,2","16,8","16,6",92,89,91,10,"4,1","0,9"
2022/03/04,0100 UTC,0,888,888,"887,4",,"18,6","16,2","18,6","17,4","16,8","16,2",93,86,86,124,"2,4","1,6"
2022/03/04,0200 UTC,0,888,"888,4",888,,"19,1","16,2","19,2","18,3","16,8","16,2",90,83,83,89,"4,5","2,3"
2022/03/04,0300 UTC,0,"887,3",888,"887,3",,"18,3","16,3","19,1",18,"16,4","15,6",89,83,88,110,"4,5","1,6"
2022/03/04,0400 UTC,0,"886,2","887,3","886,2",,"17,4","16,1","18,4","17,3","16,3","15,7",92,87,92,150,"2,8","0,8"
2022/03/04,0500 UTC,0,"886,1","886,2",886,,"17,5","16,6","17,5","16,5","16,6","15,3",94,92,94,33,"1,4","0,6"
2022/03/04,0600 UTC,0,"885,9","886,2","885,9",,"18,1","16,6","18,1","17,5","16,7","16,2",94,91,91,63,"1,5","0,6"
2022/03/04,0700 UTC,0,"885,7",886,"885,6",,"17,4","16,4","18,1","17,4","16,7","16,2",94,91,94,128,"1,3","0,7"
2022/03/04,0800 UTC,0,"885,7","885,8","885,6",,"17,5","16,6","17,5","17,1","16,6","16,1",95,94,95,291,"1,3","0,2"
2022/03/04,0900 UTC,0,886,886,"885,7",,"18,2","17,3","18,2","17,4","17,3","16,6",95,94,94,127,"2,1","1,4"
2022/03/04,1000 UTC,0,"886,9","886,9",886,"107,8","19,1","17,7","19,1","18,2","17,7",17,94,92,92,85,"2,9","0,8"
2022/03/04,1100 UTC,0,"887,7","887,7","886,9","956,1","22,9","15,8","22,9","19,1","17,8","15,3",92,64,64,101,"4,3","2,1"
2022/03/04,1200 UTC,0,"888,2","888,2","887,7","1630,6","22,9",15,"23,4","21,6",16,"14,7",67,60,61,95,"6,5","2,6"
2022/03/04,1300 UTC,0,"888,5","888,6","888,2","2218,3","23,1","16,9","23,7","22,1","17,1","14,4",71,60,68,87,"7,7",4
2022/03/04,1400 UTC,0,"888,2","888,5","888,2","3131,1","24,6","17,2","25,5","22,9","18,1","16,4",69,60,63,74,"7,7","3,4"
2022/03/04,1500 UTC,0,"887,6","888,3","887,6","2887,6","25,4",17,"25,7","24,1","17,8","16,3",65,57,60,111,"7,1",3
2022/03/04,1600 UTC,0,"886,6","887,7","886,6","3470,7",27,"16,9","27,2","24,9",18,"15,9",62,54,54,90,8,"3,3"
2022/03/04,1700 UTC,0,"886,2","886,6","886,2","2026,2","21,4","16,5","26,9","21,3","17,8",16,76,53,74,358,"9,1","2,8"
2022/03/04,1800 UTC,"1,2","885,5","886,2","885,5","1202,8","22,2","17,3","24,3","21,2","18,9","16,4",86,63,74,9,"6,4","2,5"
2022/03/04,1900 UTC,0,885,"885,6","884,9",622,23,"16,2",23,22,"18,1",16,78,65,65,254,"4,5","0,3"
2022/03/04,2000 UTC,0,"885,4","885,5","884,9","386,6","19,8","15,7","23,1","19,8","18,1","15,3",77,64,77,125,"9,3","3,4"
2022/03/04,2100 UTC,"0,2",885,"885,5",885,"42,6","19,2","15,9","19,9","19,2","15,9",15,81,74,81,163,"6,5","2,2"
2022/03/04,2200 UTC,"0,2","885,6","885,6",885,"24,8","18,7","16,5","19,2","18,2","16,5","15,3",87,78,87,200,"3,7","1,1"
2022/03/04,2300 UTC,0,"886,4","886,4","885,6",,"18,8","16,3","19,4","18,6","16,7",16,87,81,86,197,"2,3",1
2022/03/05,0000 UTC,0,887,887,"886,4",,"18,1","16,7","19,1","17,8","16,8","15,9",92,81,92,202,"2,7","0,5"
2022/03/05,0100 UTC,0,"887,9",888,887,,"18,4","16,6","19,1","17,9",17,16,92,83,89,145,"2,7","0,7"
2022/03/05,0200 UTC,0,"887,9",888,"887,9",,"18,5","17,2","18,5","18,1","17,2","16,6",93,89,92,120,"1,5","0,4"
2022/03/05,0300 UTC,0,"887,7","887,9","887,7",,19,"16,6","19,3","18,5","17,3","15,9",92,81,86,64,"2,2","0,9"
2022/03/05,0400 UTC,0,887,"887,7",887,,"17,2",16,19,"17,2","16,9",16,92,86,92,348,2,"0,7"
2022/03/05,0500 UTC,0,"886,1",887,"886,1",,"17,1","16,2","17,2","16,7","16,2","15,7",95,92,95,166,"1,3","0,7"
2022/03/05,0600 UTC,0,"885,4",886,"885,4",,"17,7","16,7",18,"17,1","16,9","16,1",95,92,94,160,"2,3","1,2"
2022/03/05,0700 UTC,0,"885,4","885,5","885,4",,"17,2","16,1","17,9","17,2","16,7","16,1",94,92,93,157,"2,6",1
2022/03/05,0800 UTC,0,"885,7","885,7","885,4",,"17,3","16,3","17,3","16,6","16,3","15,6",95,93,94,149,"1,7","1,2"
2022/03/05,0900 UTC,0,"885,8","885,9","885,7",,"17,1","15,4","17,6","17,1","16,4","15,4",94,90,90,143,"4,4","1,6"
2022/03/05,1000 UTC,0,"886,4","886,5","885,8","182,6","18,2","16,5","18,2","15,8","16,6","14,6",94,90,90,256,"2,4","0,3"
2022/03/05,1100 UTC,0,"886,9","886,9","886,4","871,2",21,"16,7",21,"18,2","16,8","15,8",90,76,76,65,"3,2","1,3"
2022/03/05,1200 UTC,0,"887,1","887,2","886,9","1849,1","22,9","17,6","22,9",21,"17,6","16,5",77,71,72,83,"4,9","2,1"
2022/03/05,1300 UTC,0,"887,5","887,5","887,1","2311,9","23,1","17,3","23,5","21,9","18,1","16,4",74,68,70,97,"5,5","3,1"
2022/03/05,1400 UTC,0,"887,3","887,5","887,3","2930,3","24,7","16,4","25,3","23,2",18,"16,3",71,60,60,78,8,"2,6"
2022/03/05,1500 UTC,0,"886,9","887,4","886,8",2705,"25,6","16,1","26,4","24,1","17,7","15,9",65,55,56,80,"6,5","2,9"
2022/03/05,1600 UTC,0,"886,1","886,9","886,1","3417,7","26,6","16,1","26,6","24,7","17,2","15,6",61,52,53,99,"7,4","3,7"
2022/03/05,1700 UTC,0,"885,2","886,1","885,2","3105,8","27,4","16,5","27,6","25,4","17,5","15,3",58,49,51,101,"7,4","3,1"
2022/03/05,1800 UTC,0,"884,3","885,2","884,3","2019,9","26,7","14,7","27,7","25,1","16,8","14,7",56,47,48,100,"7,8","3,5"
2022/03/05,1900 UTC,0,"883,5","884,4","883,4",1488,"26,2","15,5","26,8","25,2","16,5","13,8",57,46,52,31,8,"2,8"
2022/03/05,2000 UTC,0,"883,3","883,5","883,3","1720,1","26,1","15,5","26,9",26,"16,5","13,9",54,44,52,61,"8,3","2,8"
2022/03/05,2100 UTC,0,"883,5","883,6","883,3",445,"24,2",15,"26,2","24,2","15,6","14,7",57,50,56,114,"9,9","3,7"
2022/03/05,2200 UTC,0,884,"884,1","883,5",37,"23,4","14,8","24,2","23,3","15,1","14,7",59,56,59,94,"7,1","3,2"
2022/03/05,2300 UTC,0,"884,6","884,6",884,,"22,9",14,"23,4","22,8","14,8","13,9",59,56,57,100,"6,1","2,8"
2022/03/06,0000 UTC,0,"885,3","885,3","884,6",,"21,9","15,2","23,1","21,9","15,3","14,1",66,57,66,77,"6,3","1,9"
2022/03/06,0100 UTC,0,"886,1","886,1","885,4",,"21,7",15,"22,1","21,6","15,4","14,9",67,65,66,91,"6,7","3,3"
2022/03/06,0200 UTC,0,"886,8","886,8","886,1",,"21,4","14,9","21,7","21,4","15,1","14,9",67,66,66,96,"6,6","3,4"
2022/03/06,0300 UTC,0,"886,8","887,1","886,8",,21,"14,7","21,5",21,"14,9","14,7",68,66,67,89,"6,2","2,9"
2022/03/06,0400 UTC,0,"886,5","886,9","886,5",,"21,1","14,1","21,4","20,8","14,9","13,9",68,62,65,76,6,"2,5"
2022/03/06,0500 UTC,0,886,"886,5",886,,"20,9",15,"21,2","20,8",15,14,69,64,69,88,"5,8","2,1"
2022/03/06,0600 UTC,0,"885,7",886,"885,7",,"20,6","15,1","20,9","20,4","15,1","14,9",71,69,71,77,"5,3","2,6"
2022/03/06,0700 UTC,0,"885,5","885,8","885,4",,"20,1","15,4","20,6","20,1","15,5",15,75,71,74,87,"6,7","3,3"
2022/03/06,0800 UTC,0,"885,9","885,9","885,5",,20,"15,9","20,1","19,9",16,"15,4",78,74,78,76,"6,6","3,7"
2022/03/06,0900 UTC,0,"886,2","886,2","885,9",,"19,3","15,9",20,"19,3",16,"15,8",81,78,80,76,8,"2,9"
2022/03/06,1000 UTC,0,"886,8","886,8","886,1","87,3","19,5","16,1","19,5",19,"16,2","15,9",83,80,81,65,6,"1,8"
2022/03/06,1100 UTC,0,"887,6","887,6","886,8","722,8","21,3","16,1","21,4","19,4","16,7","16,1",82,72,72,61,"5,9","3,3"
2022/03/06,1200 UTC,0,"888,3","888,3","887,6",1605,"21,7","16,5","22,6","21,3","17,1",16,74,69,72,66,8,"3,1"
2022/03/06,1300 UTC,0,"888,6","888,6","888,3","1924,1","23,7",16,"24,1","21,7",17,"15,9",73,61,62,79,"8,2","4,5"
2022/03/06,1400 UTC,0,"888,2","888,6","888,2","2806,7",24,"16,5","24,8","22,9","17,1","15,7",66,58,63,61,"7,5","2,3"
2022/03/06,1500 UTC,0,"887,5","888,2","887,5","2087,9","25,2","15,9","25,3","23,6","17,1","15,1",64,55,56,83,"7,3","2,7"
2022/03/06,1600 UTC,0,"886,7","887,6","886,7","3479,4","24,8","15,3","26,5","24,7","17,3","14,6",58,53,55,93,"7,1","3,4"
2022/03/06,1700 UTC,0,"885,4","886,6","885,4","2748,2","26,2","15,8","26,2","24,1","17,2","14,6",61,53,53,96,"6,7","2,9"
2022/03/06,1800 UTC,0,"884,6","885,4","884,5","1373,8","24,8","15,6","26,1","24,7","16,6","14,8",58,52,56,100,"6,7","3,1"
2022/03/06,1900 UTC,1,"884,5","884,7","884,4","633,5","20,1","17,7","25,1","19,7","17,7","15,4",86,55,86,58,8,"3,5"
2022/03/06,2000 UTC,0,"884,2","884,6","884,2","578,5","20,8","17,2","20,9","20,1",18,"16,8",86,78,80,34,"7,6","1,7"
2022/03/06,2100 UTC,"0,2","884,1","884,2","884,1","230,6",21,"16,5","21,3","20,8","17,2","16,1",80,73,76,51,"5,5","2,2"
2022/03/06,2200 UTC,0,"884,4","884,4","884,1","26,5","20,6","16,3",21,"20,4","16,7","16,2",79,75,76,28,"5,5","1,4"
2022/03/06,2300 UTC,0,"884,6","884,6","884,4",,"19,7","17,1","20,7","19,6","17,1","16,3",85,76,85,5,"2,9","1,7"
2022/03/07,0000 UTC,0,"885,2","885,2","884,6",,19,"17,2","19,7",19,"17,2","16,9",90,84,89,17,"2,7","0,5"
2022/03/07,0100 UTC,0,"885,8","885,8","885,2",,"18,7",17,"19,3","18,7","17,7",17,92,88,90,121,"1,8",1
2022/03/07,0200 UTC,0,"885,8",886,"885,7",,"20,8","16,4","20,8","18,7","17,2","16,3",90,76,76,94,"3,2","1,7"
2022/03/07,0300 UTC,0,"885,9",886,"885,8",,"20,7",16,21,"20,6","16,4",16,76,73,75,109,"4,2",2
2022/03/07,0400 UTC,0,"885,6","885,9","885,6",,"20,4","16,3","20,8","20,2","16,4","16,1",79,75,77,82,"3,3","2,1"
2022/03/07,0500 UTC,0,"885,6","885,7","885,6",,"20,2","16,3","20,5",20,"16,3","16,2",79,77,78,86,"4,4","1,9"
2022/03/07,0600 UTC,0,"885,6","885,7","885,6",,"19,7","16,3","20,3","19,7","16,4","16,2",81,78,81,57,"3,9","1,4"
2022/03/07,0700 UTC,0,"885,3","885,6","885,3",,"19,6","16,3","19,8","19,3","16,4","16,3",83,81,81,74,"2,4","1,4"
2022/03/07,0800 UTC,0,"885,5","885,5","885,1",,"19,3","16,1","19,9","19,3","16,3","16,1",82,80,82,127,"3,5","1,3"
2022/03/07,0900 UTC,0,886,886,"885,5",,"18,3","16,6","19,3",18,"16,8","15,9",90,82,90,131,"2,3","1,4"
2022/03/07,1000 UTC,0,"886,3","886,3","885,9","140,3","20,2","16,6","20,2","18,1","16,8","16,3",90,80,80,59,"3,3","1,6"
2022/03/07,1100 UTC,0,"887,1","887,1","886,3","864,8","21,9","16,5",22,"20,2","16,9","16,2",80,71,72,76,"5,1","2,7"
2022/03/07,1200 UTC,0,"887,7","887,7","887,1","1888,4",23,"16,6","23,3","21,9","17,2","16,2",74,65,67,82,"7,2","3,2"
2022/03/07,1300 UTC,0,"887,9",888,"887,7","2740,6","24,4",17,"24,5",23,"17,2","15,9",68,63,64,77,"8,3","4,1"
2022/03/07,1400 UTC,0,"887,6","887,9","887,6","3405,7",25,"16,9","25,3","23,9","17,4","16,4",65,59,61,110,"7,5","3,7"
2022/03/07,1500 UTC,0,"887,1","887,7",887,"3608,8","25,3","16,5","26,3","24,5","17,9",16,63,55,58,79,7,"3,8"
2022/03/07,1600 UTC,0,886,"887,1",886,"3624,3",26,"16,4","26,7","25,1","17,7","15,8",60,54,56,75,"6,9",3
2022/03/07,1700 UTC,0,885,886,885,3246,"25,9","15,4","27,4","25,9","17,6",15,59,47,52,89,"7,1","3,2"
2022/03/07,1800 UTC,0,"884,2",885,"884,1","1783,4","26,1",16,"27,5","25,6","17,3","14,9",58,47,54,72,"7,6","3,4"
2022/03/07,1900 UTC,0,"883,7","884,2","883,7","1333,3","26,1",16,"27,6","25,7",17,"14,9",55,48,54,103,"8,3","4,1"
2022/03/07,2000 UTC,0,"884,1","884,1","883,6",606,"22,3",18,"26,1","22,1","18,1","15,1",77,51,77,41,"7,8","2,9"
2022/03/07,2100 UTC,"1,8",884,"884,4",884,"149,5","19,8","17,7","22,3","19,6","18,3","17,3",88,76,88,29,"9,3","1,6"
2022/03/07,2200 UTC,0,"884,5","884,5",884,"18,7","21,1","17,7","21,1","19,8","17,9","17,6",88,81,81,62,"3,4","1,7"
2022/03/07,2300 UTC,0,"885,4","885,4","884,5",,"20,7","17,9","21,3","20,7",18,"17,6",84,80,84,16,"4,5","2,2"
2022/03/08,0000 UTC,0,"886,2","886,2","885,4",,"20,6","18,2","20,7","20,3","18,2","17,9",88,84,86,11,4,2
2022/03/08,0100 UTC,0,"886,5","886,5","886,2",,"19,8","17,9","20,7","19,8","18,2","17,9",89,86,89,11,"3,3","1,2"
2022/03/08,0200 UTC,0,"886,9",887,"886,5",,"19,7","18,3",20,"19,6","18,3","17,8",91,88,91,1,"2,7","1,3"
2022/03/08,0300 UTC,0,"886,9",887,"886,9",,"18,8","17,5","19,7","18,8","18,3","17,5",92,91,92,14,"1,9","0,4"
2022/03/08,0400 UTC,0,"886,6","886,9","886,6",,"18,5","17,5","18,8","18,2","17,6","17,2",94,92,94,169,"1,5",1
2022/03/08,0500 UTC,0,"886,3","886,6","886,3",,"18,2","17,2","18,5","18,1","17,5","17,1",94,94,94,150,"1,5","0,8"
2022/03/08,0600 UTC,0,"886,1","886,3","886,1",,19,"17,8","19,3","18,2","18,1","17,3",94,92,93,155,"1,5","1,1"
2022/03/08,0700 UTC,0,886,"886,2",886,,"18,9","17,7","19,3","18,8","17,9","17,5",93,92,93,152,"1,5","0,7"
2022/03/08,0800 UTC,0,"885,8",886,"885,8",,"18,8","17,6","18,9","18,5","17,7","17,4",94,93,93,132,2,"1,4"
2022/03/08,0900 UTC,0,"886,2","886,2","885,8",,"19,4","17,1","19,7","18,8","17,6",17,93,85,87,131,3,"1,5"
2022/03/08,1000 UTC,0,887,887,"886,2","55,8","19,8","17,3","19,8","19,4","17,4","17,1",87,86,86,128,3,"1,5"
2022/03/08,1100 UTC,0,"887,6","887,6",887,"430,7","21,3","17,1","21,3","19,8","17,5",17,86,77,77,103,"5,8","2,7"
2022/03/08,1200 UTC,0,"888,4","888,4","887,6",1925,23,"16,4",23,"21,3","17,3","16,2",78,66,67,88,"7,4","4,1"
2022/03/08,1300 UTC,0,"888,5","888,5","888,4","2653,4","23,7","16,8","23,8","22,1","17,5","15,7",71,64,65,77,"9,3","3,9"
2022/03/08,1400 UTC,0,888,"888,5",888,"3249,7","24,4","17,3","25,2","23,5","17,7",16,67,59,64,72,"7,9","3,6"
2022/03/08,1500 UTC,0,"887,5",888,"887,5","3396,8","24,7","16,4","25,7","24,1","17,8","15,9",64,57,60,102,"8,2","4,1"
2022/03/08,1600 UTC,0,"886,7","887,6","886,7","4159,9",26,"16,8","26,2","24,5","17,9","15,8",63,55,57,89,"9,1","3,3"
2022/03/08,1700 UTC,0,"885,7","886,7","885,7","2268,4",25,"15,7","26,7","24,8","17,3","15,1",58,52,57,58,"6,7","2,3"
2022/03/08,1800 UTC,0,"884,9","885,7","884,9","1539,7","25,8","14,6","25,8","24,8","16,3","13,4",59,46,50,74,"5,8","2,5"
2022/03/08,1900 UTC,0,"884,2","884,9","884,2","1782,2","26,1","14,8","26,7","25,5",15,13,50,46,50,96,"7,6","4,2"
2022/03/08,2000 UTC,0,"884,3","884,4","884,1","1165,1","25,5","13,9","26,2","25,3","15,2","13,1",51,46,49,100,"7,8","3,7"
2022/03/08,2100 UTC,0,"884,6","884,6","884,3","624,6","24,6","13,4","25,7","24,5","14,4","13,2",51,48,50,108,"7,3","3,1"
2022/03/08,2200 UTC,0,"884,7","884,7","884,5","74,4","22,9","13,6","24,6","22,9","13,9","13,3",56,49,56,125,6,"1,6"
2022/03/08,2300 UTC,0,"884,8","884,8","884,5",,"22,2","13,4","22,9",22,"14,2","13,4",61,56,58,105,"3,3","1,7"
2022/03/09,0000 UTC,0,"885,4","885,4","884,8",,22,"12,4","22,3","21,7","13,5","12,4",59,55,55,95,4,"2,2"
2022/03/09,0100 UTC,0,886,886,"885,5",,"21,1","13,4","22,2","21,1","13,5","12,3",61,53,61,66,"4,1","1,5"
2022/03/09,0200 UTC,0,"886,3","886,3",886,,"19,5","13,4","21,2","19,2","13,8","13,3",69,61,68,65,3,"1,2"
2022/03/09,0300 UTC,0,"886,2","886,3","886,2",,"18,8","12,9","20,5","18,3","13,4","12,7",71,61,69,72,"2,8","1,3"
2022/03/09,0400 UTC,0,886,"886,3",886,,"16,5","13,3","19,6","16,5","13,4","12,5",82,65,81,98,"2,7",1
2022/03/09,0500 UTC,0,"885,8",886,"885,8",,"15,9","12,8","17,5","15,8","13,6","12,7",83,77,81,62,"3,3","0,9"
2022/03/09,0600 UTC,0,"885,5","885,8","885,5",,"18,6","12,9","18,6","15,9","13,5","12,6",83,70,70,94,"2,6","1,4"
2022/03/09,0700 UTC,0,"885,6","885,7","885,5",,"17,9","12,9","19,3","17,9","13,1","12,7",73,67,73,88,"2,9","1,1"
2022/03/09,0800 UTC,0,"885,9",886,"885,6",,"15,3","13,2","17,8","15,3","13,5","12,7",87,73,87,102,"1,8","0,5"
2022/03/09,0900 UTC,0,"886,3","886,3","885,9",,"15,1",13,"15,6","15,1","13,6",13,89,87,88,101,"0,9","0,5"
2022/03/09,1000 UTC,0,"886,8","886,8","886,3","137,5","18,2","14,5","18,2","14,9","14,5",13,90,75,79,88,"3,1","0,8"
2022/03/09,1100 UTC,0,"887,1","887,1","886,7","915,2","21,8","14,4","21,8","18,2","14,9","14,1",79,63,63,63,"4,1","2,1"
2022/03/09,1200 UTC,0,"887,6","887,6","887,1","1871,1","23,5","15,3","23,5","21,7","15,3","14,4",65,58,60,68,"5,8",3
2022/03/09,1300 UTC,0,888,888,"887,6","2706,3","24,9","16,2","24,9","23,3","16,2","14,6",61,55,59,58,"5,8","2,5"
2022/03/09,1400 UTC,0,888,"888,1",888,"3299,6","25,3","15,8","25,7","24,6","16,8","15,2",59,54,56,86,"5,9","3,3"
2022/03/09,1500 UTC,0,"887,5","888,1","887,5","3895,2","26,7","15,7","27,1","25,1",17,"14,8",59,50,51,92,"6,5","2,8"
2022/03/09,1600 UTC,0,"886,9","887,6","886,9","3987,8","27,1","12,8","27,8","25,7","16,1","12,8",53,40,41,83,"5,9","2,9"
2022/03/09,1700 UTC,0,886,"886,9",886,"3711,4","27,9","13,5","28,2","26,9","14,6","11,6",46,36,41,92,"6,9","3,1"
2022/03/09,1800 UTC,0,"885,3",886,"885,3","3227,9","28,2","13,5","28,5","27,3","14,2","9,9",43,32,40,66,"7,2","2,9"
2022/03/09,1900 UTC,0,"884,7","885,3","884,7","2373,8","28,2","10,1","28,7","27,6","13,5","9,5",41,30,32,103,"6,7","2,9"
2022/03/09,2000 UTC,0,"884,6","884,7","884,5","1289,2","26,7","11,6",29,"26,7","12,5","9,9",41,32,39,120,"5,9","2,6"
2022/03/09,2100 UTC,0,"884,9","884,9","884,5","545,3","25,8","13,2","27,4","25,8","13,5","11,4",46,38,46,130,"6,7","2,8"
2022/03/09,2200 UTC,0,"885,2","885,2","884,8","45,1","24,7","13,6","25,8","24,5","13,7","13,3",51,46,50,110,"5,8","2,6"
2022/03/09,2300 UTC,0,"885,7","885,7","885,2",,"23,7","13,5","24,7","23,6","13,7",13,53,49,53,95,"5,7",2
2022/03/10,0000 UTC,0,"886,3","886,3","885,7",,"22,8","14,2","23,9","22,8","14,3","13,5",59,53,58,79,"4,8","1,8"
2022/03/10,0100 UTC,0,887,887,"886,3",,"22,5","14,2","22,9","22,4","14,4","14,2",60,58,59,80,"4,1","2,3"
2022/03/10,0200 UTC,0,"887,1","887,2",887,,"22,5","14,2","22,8","22,2","14,7","14,2",62,59,60,77,"5,3",2
2022/03/10,0300 UTC,0,"886,9","887,2","886,9",,"19,1","14,8","22,6",19,"14,9","14,1",76,59,76,84,"4,8",1
2022/03/10,0400 UTC,0,"886,6",887,"886,6",,"19,8","14,7","19,8","17,8",15,"14,6",83,72,72,75,"2,6","1,5"
2022/03/10,0500 UTC,0,"886,3","886,6","886,3",,"17,2","14,7","20,7","17,1","14,9",14,85,68,85,133,"2,6","1,1"
2022/03/10,0600 UTC,0,"885,9","886,3","885,8",,19,"14,4","20,3","16,9","15,2","14,3",87,69,75,60,3,"1,1"
2022/03/10,0700 UTC,0,"885,8","885,9","885,7",,"19,3","14,3","20,1",18,"14,8","14,2",80,70,73,76,"3,1","1,2"
2022/03/10,0800 UTC,0,"885,8","885,9","885,8",,"17,5","14,8","19,3","16,2","15,3",14,90,73,84,99,"2,3","1,1"
2022/03/10,0900 UTC,0,"886,3","886,3","885,8",,"19,5","14,6","19,6","17,5","14,9","14,1",84,73,73,84,"3,4","1,7"
2022/03/10,1000 UTC,0,"886,8","886,8","886,3","164,1","20,9","15,1","20,9",18,"15,4","14,4",82,69,69,76,"3,4","1,7"
2022/03/10,1100 UTC,0,"887,5","887,5","886,8","944,6","22,1","15,4","22,2","20,9","15,5","14,8",70,65,66,62,"5,5","3,2"
2022/03/10,1200 UTC,0,"887,9","887,9","887,5","1817,4","23,6","16,6","23,6","22,1","16,6","15,4",67,63,65,49,"5,7","2,6"
2022/03/10,1300 UTC,0,"887,8","887,9","887,8","2665,8","25,1","16,3","25,1","23,2","17,2",16,66,58,58,37,"5,3","2,5"
2022/03/10,1400 UTC,0,"887,4","887,8","887,4","3227,8","25,8","15,7","26,4","24,8","16,9","15,2",60,52,54,75,"5,6","2,2"
2022/03/10,1500 UTC,0,"886,9","887,4","886,9",3615,"27,7","14,6","27,8","25,7",17,"14,1",57,44,45,119,"5,9","1,7"
2022/03/10,1600 UTC,0,"886,2","886,9","886,2",3746,"27,5","14,5","28,3","26,9","16,1","13,6",50,42,45,116,"6,3","2,7"
2022/03/10,1700 UTC,0,"885,6","886,2","885,6","2702,2","27,8","11,6","29,2","26,8","14,8","11,4",46,34,37,134,"6,3","2,1"
2022/03/10,1800 UTC,0,"884,9","885,6","884,9","1166,8","27,8","12,7","28,2","27,4","14,3","11,7",44,36,39,183,"4,8","1,1"
2022/03/10,1900 UTC,0,"884,3","884,9","884,3","752,9",27,"15,8","28,3",27,"15,8","12,2",50,38,50,337,"2,6","0,7"
2022/03/10,2000 UTC,0,"884,4","884,4","884,2","219,6","24,8","15,4","27,2","24,8","16,8","13,9",58,45,56,353,4,"2,3"
2022/03/10,2100 UTC,0,"884,3","884,4","884,1","190,1","24,6","17,6","25,2","24,6","17,6","15,2",65,55,65,2,4,"0,7"
2022/03/10,2200 UTC,0,"884,5","884,5","884,3","16,1","23,7","15,9","24,6","22,7","17,8","15,9",73,60,62,340,"2,9","1,6"
2022/03/10,2300 UTC,0,885,885,"884,5",,"23,9",16,"24,1","23,5","16,8","15,6",66,59,61,66,"4,8","1,9"
2022/03/11,0000 UTC,0,"885,6","885,6",885,,"23,4","15,5","23,9",23,"16,3","15,5",65,60,61,91,4,2
2022/03/11,0100 UTC,0,"886,5","886,5","885,6",,"21,8","16,5","23,5","21,8","16,7","15,4",73,61,72,63,"6,1","2,2"
2022/03/11,0200 UTC,0,"887,1","887,1","886,5",,"20,2","16,2","21,8","20,1","16,5","15,9",78,69,78,6,"5,7","0,5"
2022/03/11,0300 UTC,0,887,"887,3",887,,"20,3","17,2","20,7",20,"17,3","16,3",84,78,82,101,2,"0,6"
2022/03/11,0400 UTC,0,"886,8",887,"886,8",,"21,1","15,9","21,1","19,9","17,2","15,9",83,72,72,29,"4,8",2
2022/03/11,0500 UTC,0,"886,2","886,8","886,1",,"19,1","15,7","21,5","19,1","15,9","15,5",81,68,81,320,"4,6","0,6"
2022/03/11,0600 UTC,0,886,"886,3",886,,"19,5","16,3","19,5","18,7","16,3","15,7",85,81,82,208,3,"0,8"
2022/03/11,0700 UTC,0,"886,1","886,1","885,9",,19,"16,6","19,5","18,8","16,8","16,2",88,82,86,259,"1,8","1,1"
2022/03/11,0800 UTC,0,"886,1","886,2",886,,"19,2","16,1",20,19,17,"15,8",87,78,83,140,"2,3","0,3"
2022/03/11,0900 UTC,0,"886,4","886,4","886,1",,19,"16,6",20,"18,6","16,6","16,1",86,78,86,144,"1,9","1,1"
2022/03/11,1000 UTC,0,"886,9","886,9","886,4","105,8","20,7",18,"20,8","18,6","18,2","16,5",88,83,84,188,"1,7","0,2"
2022/03/11,1100 UTC,0,"887,4","887,4","886,9","998,5","23,1","16,7","23,5","20,6","17,9","16,3",84,65,67,73,"3,8","2,2"
2022/03/11,1200 UTC,0,"887,8","887,8","887,4","1787,8","24,9","17,2","24,9",23,"17,5","16,5",69,61,62,45,"3,8","1,8"
2022/03/11,1300 UTC,0,"887,7","887,8","887,6","2678,5","25,7","17,1","26,1","24,4",18,"15,8",65,58,59,58,6,"2,4"
2022/03/11,1400 UTC,0,"887,6","887,7","887,5","2861,7","25,4","16,1","26,7","24,6",18,16,63,54,56,72,"5,5","2,6"
2022/03/11,1500 UTC,0,"886,9","887,6","886,9",3441,28,"17,2",28,"25,4","18,2","16,1",60,50,52,45,"5,4","1,9"
2022/03/11,1600 UTC,0,"885,9","886,9","885,9","3705,5","27,2",16,"28,8","27,2","17,4","14,9",53,44,51,71,"5,6","2,3"
2022/03/11,1700 UTC,0,"884,9","885,9","884,9","3002,1","27,6",16,"28,9","26,9","17,4","12,1",53,36,49,84,"5,9","1,8"
2022/03/11,1800 UTC,0,"884,1","884,9",884,"2668,3","28,9",14,"29,6","27,2","16,3",12,51,34,40,77,"5,2","2,1"
2022/03/11,1900 UTC,0,"883,8","884,1","883,8","826,9","26,1","17,1",29,"26,1","17,1","13,5",58,40,58,272,"5,7","2,4"
2022/03/11,2000 UTC,0,"883,6","883,8","883,3","1104,4","25,8","16,9","28,6","25,1","17,6","15,8",61,47,58,27,"5,7","1,7"
2022/03/11,2100 UTC,"9,8","883,8","883,9","883,5",237,21,"17,9","25,9","19,6","18,5","16,9",89,58,83,349,"9,7","2,5"
2022/03/11,2200 UTC,0,"884,5","884,5","883,8","20,9","20,5","18,5",21,"20,4","18,9","17,9",90,83,88,357,"7,5","3,4"
2022/03/11,2300 UTC,0,"885,2","885,2","884,4",,"19,8","17,9","20,6","19,8","18,5","17,4",89,83,89,315,"6,5","1,7"
2022/03/12,0000 UTC,0,886,886,"885,2",,20,"18,6","20,2","19,8","18,7","17,9",92,89,92,287,"2,9","0,4"
2022/03/12,0100 UTC,0,"886,4","886,4","886,1",,"19,3","18,1",20,"19,3","18,6","18,1",93,91,93,349,"2,1",1
2022/03/12,0200 UTC,0,"886,7","886,7","886,4",,19,"17,7","20,6",19,"18,8","17,7",94,88,92,341,"1,8","1,2"
2022/03/12,0300 UTC,0,"886,3","886,7","886,3",,"20,2","18,8","20,5",19,"19,1","17,8",94,91,91,57,"1,5","0,7"
2022/03/12,0400 UTC,0,"885,8","886,3","885,8",,"19,1",18,"20,2","19,1","18,7",18,93,91,93,302,"1,3","0,6"
2022/03/12,0500 UTC,"0,2","885,6","885,8","885,6",,19,18,"19,2","18,8","18,2","17,6",94,93,94,39,"1,2","0,3"
2022/03/12,0600 UTC,0,"885,3","885,6","885,1",,"18,9","17,3",19,"18,3",18,"17,3",94,90,90,235,"2,3","0,5"
2022/03/12,0700 UTC,0,"885,1","885,3","885,1",,"19,9","17,7","19,9","18,9","17,8","17,3",91,87,87,165,2,"1,2"
2022/03/12,0800 UTC,0,"885,4","885,4","885,1",,"18,4",17,"20,1","18,4","17,8","16,9",92,86,92,156,"2,3","0,8"
2022/03/12,0900 UTC,0,"886,1","886,1","885,4",,"19,6","17,4","20,1","18,4",18,17,93,85,87,140,"2,5",1
2022/03/12,1000 UTC,0,"886,5","886,5","886,1","55,9","20,1","17,7","20,1","19,6","17,8","17,4",88,86,86,138,"3,2","1,7"
2022/03/12,1100 UTC,0,"886,9","886,9","886,5","536,4","21,9","18,1","22,1","20,1","18,5","17,7",87,77,79,62,"3,2","1,5"
2022/03/12,1200 UTC,0,"887,7","887,7","886,9","1730,2","23,8","18,3","23,9","21,9","18,7","17,7",79,69,71,19,"5,4","2,7"
2022/03/12,1300 UTC,0,"887,5","887,7","887,4","2453,9","24,9","17,9","25,1","23,5","18,9","17,5",72,64,65,30,"7,7","3,7"
2022/03/12,1400 UTC,0,"887,5","887,8","887,5","2694,5","25,4","18,5","26,4",24,"19,3",17,69,61,66,7,"9,2","4,3"
2022/03/12,1500 UTC,0,887,"887,5",887,"2957,2","25,2",18,"26,6","25,2","19,2","17,2",67,60,64,358,"8,6","3,8"
2022/03/12,1600 UTC,0,"886,3",887,"886,3",815,"25,1","17,5","25,3","24,8","18,3","17,4",66,63,63,4,"6,8",3
2022/03/12,1700 UTC,"13,4","886,5","886,5","885,9","717,5","18,9","17,3","25,3","18,7","19,2","16,7",90,63,90,353,"9,6","3,1"
2022/03/12,1800 UTC,"1,4","884,7","886,7","884,7","666,9","20,2","18,4","20,2","18,9","18,4","17,4",92,88,89,325,8,"2,8"
2022/03/12,1900 UTC,0,"884,3","884,7","884,3","1648,6","22,5","17,4","22,9","20,2","18,5",17,89,71,73,339,"6,1","2,8"
2022/03/12,2000 UTC,0,"884,6","884,9","884,3",2083,"24,2","17,7","24,4","22,3","18,4","17,2",75,65,67,344,6,3
2022/03/12,2100 UTC,0,"884,8","884,8","884,5","355,3","22,3","16,6","24,6","22,3","17,9","16,3",70,65,70,323,"5,6","1,8"
2022/03/12,2200 UTC,0,"885,7","885,7","884,8","9,1","20,3","17,5","22,3","20,3","17,8","16,3",84,70,84,264,"3,5","0,9"
2022/03/12,2300 UTC,0,"886,1","886,1","885,7",,"20,2",17,"20,9","20,1","17,6","16,7",85,77,82,291,"2,4","0,9"
2022/03/13,0000 UTC,0,"886,7","886,7","886,1",,"19,6","17,1","20,4","19,6","17,4","16,6",87,80,86,302,2,"0,8"
2022/03/13,0100 UTC,0,"887,5","887,5","886,8",,"19,9","17,3","20,5","19,4","17,9","17,2",88,83,85,322,"2,3","1,1"
2022/03/13,0200 UTC,0,"887,9","887,9","887,5",,"19,8","17,4","20,1","19,4","17,9","17,2",88,85,87,309,"2,3","0,9"
2022/03/13,0300 UTC,0,"887,5","887,9","887,5",,"19,1","17,7","19,7",19,"17,9","17,4",91,87,91,234,"1,6","0,6"
2022/03/13,0400 UTC,0,"887,2","887,5","887,2",,"18,9","17,6","19,3","18,8","18,1","17,4",93,91,92,267,"2,1","1,1"
2022/03/13,0500 UTC,0,"886,9","887,2","886,9",,"19,2","17,8","19,3","18,9","18,1","17,6",93,92,92,265,"2,5","0,9"
2022/03/13,0600 UTC,0,"886,4","886,9","886,4",,"18,7","17,4","19,6","18,6","18,1","17,3",92,90,92,165,2,"0,3"
2022/03/13,0700 UTC,0,"886,4","886,5","886,4",,"19,5","17,4","19,7","18,5","18,2","17,3",93,88,88,175,"3,5",2
2022/03/13,0800 UTC,0,"886,7","886,7","886,4",,"19,1","17,2","19,5","19,1","17,4","17,2",89,87,89,167,"4,2","1,9"
2022/03/13,0900 UTC,0,"887,4","887,4","886,7",,"19,3","17,9","19,3","18,9","17,9","17,2",92,89,92,168,"3,7","1,5"
2022/03/13,1000 UTC,0,"887,8",888,"887,4","22,6","19,3","17,6","19,3","19,3","17,9","17,6",92,90,90,182,"5,3","2,2"
2022/03/13,1100 UTC,0,"888,6","888,6","887,8","239,2","19,7","17,7","19,8","19,2","17,9","17,5",90,88,88,152,"5,6","2,9"
2022/03/13,1200 UTC,0,"889,1","889,1","888,6","606,6","20,2","17,5","20,4","19,6","18,1","17,5",89,84,85,128,"5,6","2,1"
2022/03/13,1300 UTC,0,"889,3","889,4","889,1","1432,9","22,1",18,"22,2","20,2","18,5","17,5",86,77,78,123,"5,6","2,4"
2022/03/13,1400 UTC,0,"889,2","889,4","889,2","2408,9","23,1","17,4","24,3","21,5","19,3","17,4",79,69,70,94,"4,9","1,7"
2022/03/13,1500 UTC,0,"888,5","889,3","888,5","2883,3","25,2","18,2","25,5","23,1","19,2","17,2",74,64,65,135,"3,9","2,1"
2022/03/13,1600 UTC,0,"887,1","888,5","887,1","3084,4",26,"17,9","26,8","24,5","18,5",17,67,56,61,93,"5,5","2,4"
2022/03/13,1700 UTC,0,"886,1","887,1","886,1","2046,8","26,1","17,9",27,"25,3",19,"17,2",66,57,61,96,"5,5","2,5"
2022/03/13,1800 UTC,0,885,"886,1",885,"1823,6","25,5","17,4","27,9","25,5","19,5","16,8",63,55,61,75,"5,7","3,2"
2022/03/13,1900 UTC,"0,2","884,8","885,3","884,8","210,6","20,6","17,7","25,5","20,4","17,8","16,6",84,59,84,246,"9,5","1,8"
2022/03/13,2000 UTC,"0,2","884,6","884,8","884,5","201,1","22,2","19,6","22,2","20,6","19,9","17,8",89,84,85,242,"3,8","0,2"
2022/03/13,2100 UTC,0,"884,8","884,9","884,6","171,5",22,"19,9","22,5","21,8","20,3","19,5",90,84,88,192,2,"0,7"
2022/03/13,2200 UTC,0,"884,9",885,"884,7","14,3","21,2","19,6","22,1",21,20,"19,2",91,85,91,154,"1,9","0,9"
2022/03/13,2300 UTC,0,"885,4","885,4","884,9",,"21,1","19,7","21,2","20,5","19,8","19,2",93,91,92,89,"1,4","0,6"
2022/03/14,0000 UTC,0,"885,9","885,9","885,4",,"20,3","18,9","21,1","20,3","19,7","18,9",93,91,91,117,"1,6","0,7"
2022/03/14,0100 UTC,0,"886,4","886,4","885,9",,"19,6","18,5","20,3","19,6","18,8","18,3",93,91,93,328,"1,6","0,9"
2022/03/14,0200 UTC,0,"886,2","886,5","886,2",,"19,9","18,7","20,1","19,4","19,1","18,4",94,93,93,121,"1,9","0,7"
2022/03/14,0300 UTC,0,"886,1","886,3","886,1",,"19,6","18,2","19,9","19,4","18,6","18,2",93,91,92,176,"2,1",1
2022/03/14,0400 UTC,0,"885,8","886,2","885,8",,"19,9","18,6","20,1","19,4","18,8",18,93,91,92,26,"1,6",1
2022/03/14,0500 UTC,0,"885,3","885,9","885,3",,"19,8","18,6","20,4","19,7",19,"18,5",93,91,93,59,"2,1","0,5"
2022/03/14,0600 UTC,0,"884,9","885,3","884,9",,"19,7","18,7",20,"19,4",19,"18,4",94,93,94,90,"1,1","0,5"
2022/03/14,0700 UTC,0,"884,7","884,9","884,7",,"19,8","18,8",20,"19,4",19,"18,5",94,94,94,60,"0,8","0,5"
2022/03/14,0800 UTC,0,"884,9",885,"884,7",,"20,5","18,6","20,6","19,7","19,2","18,6",94,89,89,84,"1,9",1
2022/03/14,0900 UTC,0,"885,2","885,2","884,8",,"19,7","17,7","20,8","19,7","18,5","17,6",89,85,88,37,"3,2","0,7"
2022/03/14,1000 UTC,0,"885,5","885,5","885,2",118,"20,9","17,7","20,9","19,6","17,9","17,6",89,82,82,31,"2,5","0,7"
2022/03/14,1100 UTC,0,"886,5","886,5","885,5","838,4","22,4","17,5","22,7","20,9","18,1","17,3",83,72,74,59,4,"2,2"
2022/03/14,1200 UTC,0,"887,1","887,1","886,5",1440,"23,9","18,3",24,"22,4","18,5","17,2",75,69,71,56,"4,7",2
2022/03/14,1300 UTC,0,"887,1","887,4","887,1","862,5","23,8","17,8","23,9","23,2","18,4","17,4",72,68,69,50,5,1
2022/03/14,1400 UTC,0,"886,9","887,2","886,8","972,7",23,"17,4","23,8",22,"18,6","17,4",79,68,70,2,"4,4","1,8"
2022/03/14,1500 UTC,0,"886,8",887,"886,5","1444,6","21,5","17,4","24,4","21,5","19,2","17,4",78,67,78,150,7,"3,5"
2022/03/14,1600 UTC,0,"886,3","886,9","886,3","1158,7","21,5","17,4","21,9","20,4","18,1","17,3",84,77,77,148,7,"2,3"
2022/03/14,1700 UTC,"1,4","885,8","886,4","885,7",218,"20,3","18,4","21,5","20,3","18,5","17,4",89,77,89,20,"3,8","1,7"
2022/03/14,1800 UTC,"1,4",884,"885,8",884,"1416,2","21,8",19,"21,9","19,6","19,4","17,5",92,84,84,348,"4,2","2,6"
2022/03/14,1900 UTC,0,"883,5",884,"883,4","2481,5","23,6","18,4","23,7","21,7","19,6","17,5",85,71,73,21,"5,1",2
2022/03/14,2000 UTC,0,"883,9","883,9","883,5","1518,4","24,2","18,1","24,9","23,4","18,7","17,3",73,66,69,338,4,"1,5"
2022/03/14,2100 UTC,0,"884,4","884,4","883,9","701,6","22,8",17,"24,5","22,8","18,6","16,5",72,65,70,314,"4,2","1,7"
2022/03/14,2200 UTC,0,"884,7","884,7","884,4","27,3",21,17,"22,8",21,"17,2","16,7",78,70,78,317,"3,9","1,4"
2022/03/14,2300 UTC,0,"885,2","885,2","884,7",,"20,1","17,4","21,2",20,"17,4",17,85,78,84,325,"2,6","1,3"
2022/03/15,0000 UTC,0,886,886,"885,2",,"19,6","17,8","20,1","19,5","17,9","17,3",89,84,89,297,"2,2","0,8"
2022/03/15,0100 UTC,0,"886,6","886,6",886,,"19,5","18,3","19,9","19,4","18,3","17,8",92,89,92,277,"1,3","0,7"
2022/03/15,0200 UTC,"0,4","886,6","886,7","886,6",,"19,4","18,4","19,7","19,4","18,6","18,3",94,92,94,300,"1,2","0,7"
2022/03/15,0300 UTC,0,"886,1","886,6","886,1",,"19,2","18,3","19,4",19,"18,4",18,94,94,94,19,"1,3","0,5"
2022/03/15,0400 UTC,0,"885,8","886,1","885,8",,"19,1","18,1","19,5","19,1","18,6","18,1",95,94,94,320,"1,8","0,6"
2022/03/15,0500 UTC,0,"885,2","885,8","885,2",,"19,1","17,9","19,2","18,6","18,2","17,7",94,93,93,241,"2,1",1
2022/03/15,0600 UTC,0,"884,5","885,1","884,5",,"19,8","18,5","19,9",19,"18,6","17,8",93,92,92,156,"1,9","0,9"
2022/03/15,0700 UTC,0,"884,7","884,7","884,6",,"19,1","17,9","19,8","19,1","18,4","17,7",93,90,92,170,"1,9","0,5"
2022/03/15,0800 UTC,0,"885,1","885,1","884,7",,"19,6","17,4","19,8",19,"18,3","17,3",94,87,87,195,"2,6","0,9"
2022/03/15,0900 UTC,0,"885,7","885,7","885,1",,"19,7","17,9","19,8","19,3",18,"17,3",91,87,89,64,3,"1,5"
2022/03/15,1000 UTC,0,"886,2","886,2","885,7","23,1","19,4","17,8","19,7","19,4","17,8","17,4",90,88,90,55,"3,9","1,4"
2022/03/15,1100 UTC,0,"886,7","886,7","886,2","256,4","19,9","16,7","19,9","19,4","17,9","16,7",90,81,81,80,"3,1","1,2"
2022/03/15,1200 UTC,0,887,887,"886,7",903,"21,5","17,1","21,6","19,9","17,3","16,5",83,75,76,95,"3,5","1,8"
2022/03/15,1300 UTC,0,"887,3","887,4",887,1583,23,"17,5",23,"21,4","17,8","16,8",77,69,71,171,"3,5","1,6"
2022/03/15,1400 UTC,0,"887,1","887,4","887,1","3064,8","24,3",17,25,23,"18,3","16,6",72,62,64,124,"3,6","1,6"
2022/03/15,1500 UTC,0,"886,3","887,1","886,3","3019,3","25,9","17,3","26,5","24,2","18,6","16,8",67,58,59,82,"4,3",2
2022/03/15,1600 UTC,0,"885,3","886,3","885,2","2826,4","25,6","16,5","26,7","25,1","18,3",16,63,52,57,110,9,"2,3"
2022/03/15,1700 UTC,"23,8","885,4","885,6","885,2","190,5","18,5","17,6","25,6","18,4","17,9","16,5",94,56,94,267,9,"2,6"
2022/03/15,1800 UTC,"2,8","884,1","885,4","884,1","218,3","19,5","18,1","19,5","18,5","18,2","17,6",95,92,92,195,5,"1,1"
2022/03/15,1900 UTC,"0,6",884,"884,2","883,9","711,9","21,8","19,1","21,8","19,5","19,2","18,1",92,84,85,243,3,"1,3"
2022/03/15,2000 UTC,0,"883,8",884,"883,8","918,8","22,5","18,4","22,6","21,7","19,7","18,4",87,77,78,357,"4,1",2
2022/03/15,2100 UTC,0,"884,2","884,2","883,8","491,2","21,6","18,9","22,6","21,5","18,9",18,85,77,85,350,"3,9","1,9"
2022/03/15,2200 UTC,0,885,885,"884,1",7,"21,3","18,4","21,5","21,1","19,3","18,4",89,83,83,43,"3,5","1,1"
2022/03/15,2300 UTC,0,"885,7","885,7",885,,"21,1","17,9","21,5","21,1","18,4","17,8",84,79,82,48,"3,3","0,8"
2022/03/16,0000 UTC,0,"886,3","886,3","885,7",,"19,9","18,4","21,1","19,8","18,5","17,9",91,82,91,345,"2,4","0,9"
2022/03/16,0100 UTC,1,"886,5","886,7","886,3",,"19,9","18,7","20,3","19,9","18,8","18,5",93,91,93,283,"1,8","0,8"
2022/03/16,0200 UTC,"0,4","886,7","886,8","886,5",,"19,8","18,8",20,"19,6","18,8","18,6",94,93,94,249,"1,7","0,8"
2022/03/16,0300 UTC,"0,4","886,5","886,8","886,4",,"19,7","18,8",20,"19,6",19,"18,7",94,94,94,263,"2,1",1
2022/03/16,0400 UTC,0,"885,5","886,5","885,5",,"19,4","18,4",20,"19,4",19,"18,4",94,94,94,262,"2,1","0,7"
2022/03/16,0500 UTC,0,885,"885,5",885,,"19,7","18,9","19,7","19,2","18,9","18,3",95,94,95,75,"2,6","1,5"
2022/03/16,0600 UTC,"0,2","884,9",885,"884,8",,"19,5","18,5",20,"19,5","19,1","18,5",95,94,94,10,"4,6","2,5"
2022/03/16,0700 UTC,0,"884,5","884,9","884,5",,"18,6",17,"19,5","18,6","18,5","16,9",94,88,90,4,"5,9","1,7"
2022/03/16,0800 UTC,0,"884,8","884,8","884,3",,"18,9","16,9","18,9","18,4",17,"16,8",91,88,88,34,"3,1","1,4"
2022/03/16,0900 UTC,0,"885,2","885,3","884,8",,"19,1","16,3","19,3","18,9",17,"16,3",88,83,84,51,"4,2","1,5"
2022/03/16,1000 UTC,0,"885,9","885,9","885,2","43,4","19,3","17,6","19,5","19,1","17,6","16,3",90,84,90,108,"2,7","0,7"
2022/03/16,1100 UTC,0,"886,9",887,"885,9","299,6","20,3","17,3","20,3","19,3","18,1","16,9",90,82,83,5,"4,5","2,8"
2022/03/16,1200 UTC,0,"887,4","887,4",887,"1252,9","22,1","17,7","22,1","20,3",18,17,84,76,76,292,"4,5","0,9"
2022/03/16,1300 UTC,0,"887,8","887,8","887,4","2106,5","23,8","17,7","24,4","22,2","18,2","16,9",76,67,69,66,6,"2,9"
2022/03/16,1400 UTC,0,"887,9","887,9","887,8","2024,1","24,3","18,1","25,4","23,5","18,9","17,6",73,64,68,65,"7,8",3
2022/03/16,1500 UTC,0,"887,5",888,"887,5","1444,5",26,"19,4",26,"23,6","19,4","17,6",73,65,67,49,"5,6","2,1"
2022/03/16,1600 UTC,0,"886,4","887,5","886,4","2190,7","22,9","18,9","26,1","22,9","19,8","17,8",78,62,78,28,7,"2,3"
2022/03/16,1700 UTC,0,"885,3","886,4","885,3","1590,9","26,5","18,6","26,5","22,9","19,7","17,3",80,61,62,5,"5,4","2,8"
2022/03/16,1800 UTC,0,"884,3","885,3","884,3","2719,1","26,5","17,7","27,2","25,8","18,3","16,4",62,53,59,351,"7,7","3,4"
2022/03/16,1900 UTC,0,"883,7","884,3","883,6","2469,3","27,5","17,6","27,5","26,2","18,2",16,60,51,55,326,"7,7","2,7"
2022/03/16,2000 UTC,0,"884,1","884,1","883,6","1423,7","25,6","16,8","27,5","25,6","17,4","15,9",59,52,58,345,"5,1","2,7"
2022/03/16,2100 UTC,0,"884,2","884,2",884,"448,5","24,9","16,6","25,9","24,7","17,6",16,62,55,60,360,"5,1","2,1"
2022/03/16,2200 UTC,0,"885,1","885,1","884,2",28,"22,2","17,4","24,9","22,2","17,5","16,2",75,59,74,14,"3,3","1,4"
2022/03/16,2300 UTC,0,"885,9","885,9","885,1",,"21,7","18,1","22,7","20,7","18,3","17,2",84,71,80,40,"2,5","0,8"
2022/03/17,0000 UTC,0,"886,5","886,5","885,9",,"20,9","16,4","22,5","20,9","18,5","16,3",83,73,76,31,"5,8",1
2022/03/17,0100 UTC,0,"887,4","887,4","886,5",,"20,5","17,6","21,7","20,5","17,7","16,4",84,75,84,106,"3,7",1
2022/03/17,0200 UTC,0,888,888,"887,4",,"20,9","18,2","21,4","20,5","18,4","17,6",85,83,85,28,"3,3","1,3"
2022/03/17,0300 UTC,0,"887,8",888,"887,8",,"20,5","17,8","20,9","20,3","18,3","17,8",87,84,84,20,"4,6","2,2"
2022/03/17,0400 UTC,0,"887,2","887,8","887,2",,"19,4","17,3","20,5","19,4","17,8","17,2",88,84,88,6,"4,6","1,5"
2022/03/17,0500 UTC,0,"886,8","887,2","886,8",,"19,9",17,"19,9","18,9","17,4",17,90,83,83,29,"3,2","1,3"
2022/03/17,0600 UTC,0,"886,5","886,8","886,5",,20,"17,2","20,2","19,9","17,3","16,8",84,81,84,28,"5,5","2,2"
2022/03/17,0700 UTC,0,"886,3","886,5","886,1",,"19,5","17,3",20,"19,5","17,4","17,1",87,84,87,3,"6,4","3,2"
2022/03/17,0800 UTC,0,"886,7","886,7","886,3",,"19,5","17,2","19,6","19,3","17,3","17,1",88,87,87,16,"6,1",3
2022/03/17,0900 UTC,0,"887,3","887,3","886,7",,"19,5","17,3","19,5","19,3","17,3","17,2",88,87,87,29,"6,1","1,6"
2022/03/17,1000 UTC,0,"887,9","887,9","887,3","66,8","19,3","16,5","19,5","19,1","17,4","16,5",88,84,84,37,6,"1,8"
2022/03/17,1100 UTC,0,"888,3","888,3","887,9",492,"20,2","16,2","20,4","19,3","16,7","15,8",84,76,78,32,"5,5","1,8"
2022/03/17,1200 UTC,0,"889,1","889,1","888,2","1918,4","22,5",16,"22,8","20,2","16,7","15,7",78,65,67,51,6,"2,7"
2022/03/17,1300 UTC,0,"889,2","889,3",889,"2554,8","23,6",16,"24,1","22,5","17,2","15,5",68,62,62,46,"6,8","2,8"
2022/03/17,1400 UTC,0,"889,2","889,3","889,2","2665,9","24,3","16,6","24,7","23,1","16,9","15,4",66,59,62,30,"6,8","2,9"
2022/03/17,1500 UTC,0,"888,5","889,2","888,5","3216,5","26,1","15,8","26,5","24,2","17,2","15,1",63,52,53,26,"7,4","3,7"
2022/03/17,1600 UTC,0,"887,7","888,5","887,6","4003,1","26,5","15,7","26,7","25,7","16,8","14,5",56,48,52,25,"9,2","3,7"
2022/03/17,1700 UTC,0,"886,6","887,7","886,6","3519,8","27,2","16,5","27,2","25,8","16,6","14,4",54,48,52,9,"8,3","3,4"
2022/03/17,1800 UTC,0,"885,8","886,6","885,8",2519,"27,8","15,5","28,2","25,5","16,9",15,55,46,47,21,"6,5","2,8"
2022/03/17,1900 UTC,0,"885,4","885,8","885,4","1800,5",27,"16,1","27,9","25,6","16,9","14,8",56,47,51,15,"6,4","2,2"
2022/03/17,2000 UTC,0,"885,5","885,5","885,3","1427,5","26,5","14,6","27,4","26,5","16,5","14,4",53,47,48,9,"5,5","2,5"
2022/03/17,2100 UTC,0,"885,6","885,7","885,5","895,1","24,9","17,6","26,9","24,9","17,8","14,6",64,47,64,3,"5,2","2,2"
2022/03/17,2200 UTC,0,"885,9",886,"885,6","30,4","23,7","17,5","24,9","23,7",18,"15,2",68,57,68,48,"4,7","1,7"
2022/03/17,2300 UTC,0,887,887,"885,9",,"22,4","18,1","23,7","22,2","18,3","17,4",78,68,77,27,"4,3","1,6"
2022/03/18,0000 UTC,0,"887,7","887,7",887,,"22,4","17,5","22,5","22,1","18,2","17,5",78,73,74,34,"3,9","1,4"
2022/03/18,0100 UTC,0,888,888,"887,6",,22,"17,1","22,4",22,"17,5","17,1",74,72,74,82,"2,9","1,3"
2022/03/18,0200 UTC,0,"888,3","888,3",888,,20,"17,3","22,1","19,9","17,3","16,8",85,73,85,49,"2,6","0,6"
2022/03/18,0300 UTC,0,"888,4","888,5","888,2",,"19,6","17,5","20,6","19,6","17,9","17,3",89,82,88,11,"1,9","0,7"
2022/03/18,0400 UTC,0,"888,1","888,5","888,1",,"18,8","17,3","19,6","18,7","17,7","17,2",92,88,91,284,"1,3","0,2"
2022/03/18,0500 UTC,0,"887,5","888,1","887,5",,"19,4","17,5","19,4","18,8","17,8","17,3",92,89,89,133,"2,1","1,5"
2022/03/18,0600 UTC,0,"887,2","887,5","887,2",,"18,4","16,8","19,8","18,4","17,7","16,8",90,86,90,61,"2,2","0,4"
2022/03/18,0700 UTC,0,"887,4","887,4","887,2",,"18,7","17,6","18,7","18,1","17,6","16,6",93,90,93,221,2,"0,5"
2022/03/18,0800 UTC,0,"887,4","887,4","887,3",,"19,3","18,2","19,3","18,7","18,2","17,6",94,93,93,169,"1,1","0,5"
2022/03/18,0900 UTC,0,"887,9","887,9","887,4",,20,"17,7","20,1",19,"18,3","17,7",93,86,86,141,"2,4","1,8"
2022/03/18,1000 UTC,0,"888,4","888,4","887,9",67,20,"17,8","20,1","19,8","17,8","17,6",88,86,87,149,"2,4","0,8"
2022/03/18,1100 UTC,0,"889,1","889,1","888,4","878,9","23,4","17,5","23,9",20,"18,2","16,8",87,66,69,23,"1,8","0,6"
2022/03/18,1200 UTC,0,890,890,"889,1","779,5","22,9","17,8","23,6","22,9","17,8","16,7",73,67,73,111,"6,5","3,4"
2022/03/18,1300 UTC,0,"890,2","890,3","889,9","1104,2","22,4","18,5","22,9","22,1","18,5","17,6",79,73,79,91,"7,1","3,7"
2022/03/18,1400 UTC,0,"889,9","890,2","889,9","3264,5","24,8","18,6","24,8","22,4","18,9","17,9",79,67,69,93,"7,9","4,6"
2022/03/18,1500 UTC,0,"889,3","889,9","889,3","3181,2","25,5","18,4","25,5","23,6","19,4","17,9",74,64,65,94,"7,6","3,9"
2022/03/18,1600 UTC,0,"888,1","889,3","888,1","2688,8","25,2","18,5","26,5","24,7",19,"17,3",67,60,67,139,"6,9","2,2"
2022/03/18,1700 UTC,0,"887,3","888,1","887,3","2534,4","26,6",16,27,"24,8","18,6","15,7",67,52,52,113,"6,1","3,4"
2022/03/18,1800 UTC,0,"886,4","887,3","886,4","2044,7","26,1","16,9",27,"25,9","17,8","15,7",60,51,57,148,"6,6","2,3"
2022/03/18,1900 UTC,"6,8","886,2","886,9","886,2","1079,4","21,2","19,1","27,6","19,4","19,3","16,1",90,52,88,167,14,"1,4"
2022/03/18,2000 UTC,"0,2","886,2","886,2","885,9","675,1","23,6","19,3","23,6","21,2",20,"18,7",88,76,77,143,"3,6","0,4"
2022/03/18,2100 UTC,0,"885,7","886,2","885,7","382,3","22,8","19,6","23,9","22,6","20,3","18,7",86,73,82,123,"1,8","0,7"
2022/03/18,2200 UTC,0,"885,8","885,9","885,5","21,5","20,9","19,7",23,"20,5","19,7","18,9",93,78,93,66,"1,8","0,7"
2022/03/18,2300 UTC,0,886,886,"885,8",,"22,1","18,4","22,4","20,4","19,8","18,4",93,80,80,97,"3,7",2
2022/03/19,0000 UTC,0,"886,8","886,8",886,,"19,8",18,"22,4","19,8","18,5",18,89,79,89,179,"3,6","0,6"
2022/03/19,0100 UTC,0,"887,4","887,4","886,8",,"19,9","18,9",20,"19,5","18,9","18,1",94,89,94,146,"1,7","0,9"
2022/03/19,0200 UTC,0,"887,6","887,6","887,4",,"19,1","18,1",20,"18,8","18,9","17,7",94,92,94,179,"1,7","0,4"
2022/03/19,0300 UTC,0,"887,6","887,8","887,5",,"18,6","17,7","19,2","18,6","18,3","17,7",95,94,94,204,"0,9","0,5"
2022/03/19,0400 UTC,0,"887,5","887,7","887,5",,"18,7","17,8","18,9","18,5",18,"17,6",95,94,95,169,"1,5","0,6"
2022/03/19,0500 UTC,0,"887,2","887,5","887,2",,"18,3","17,5","18,9","18,2",18,"17,4",95,94,95,129,"1,1","0,2"
2022/03/19,0600 UTC,0,"887,1","887,3",887,,"17,7","16,9","18,6","17,7","17,7","16,9",95,94,95,15,"1,4","0,4"
2022/03/19,0700 UTC,0,"886,6","887,1","886,6",,"17,7","16,9","18,2","17,6","17,4","16,8",95,95,95,92,"1,4",1
2022/03/19,0800 UTC,0,"886,9","886,9","886,6",,"17,8",17,"17,8","17,4",17,"16,6",95,95,95,125,"1,2","0,8"
2022/03/19,0900 UTC,0,"887,5","887,5","886,9",,"17,5","16,7","17,8","17,2",17,"16,4",95,95,95,134,"1,3","0,8"
2022/03/19,1000 UTC,0,888,888,"887,5",110,"19,3","18,2","19,4","17,2","18,4","16,4",95,93,93,141,2,"1,4"
2022/03/19,1100 UTC,0,"888,4","888,4","887,9","887,5","21,8","17,7","21,9","19,3","18,4","17,3",93,77,77,132,"2,6","1,6"
2022/03/19,1200 UTC,0,889,889,"888,4","1785,2","22,4","17,5","23,1","21,7","18,7","17,3",80,73,74,91,"6,9","3,3"
2022/03/19,1300 UTC,0,"889,1","889,2",889,"2487,4","24,1","16,9","24,3","22,4","18,6","16,9",76,64,64,68,"6,9","2,4"
2022/03/19,1400 UTC,0,"888,6","889,1","888,6","3155,3","25,9","17,2","26,1","24,1","17,9","15,4",67,53,59,64,"5,7",2
2022/03/19,1500 UTC,0,888,"888,6",888,"3604,1","26,6",15,"27,1","25,7",18,"14,6",61,47,49,44,"5,7",3
2022/03/19,1600 UTC,0,887,888,887,"3851,1","27,3",15,"27,6","26,4","16,6","14,4",55,45,47,92,"8,3","3,1"
2022/03/19,1700 UTC,0,"886,2",887,"886,2","3490,3","28,1","14,4","28,2","26,4","16,1","13,4",50,41,43,63,"6,4","2,8"
2022/03/19,1800 UTC,0,"885,3","886,2","885,3","2898,2","27,8","13,6","28,7","26,9","15,5","12,7",46,39,42,71,"6,3","2,8"
2022/03/19,1900 UTC,0,"884,7","885,3","884,7","2179,4","27,4","13,1","28,5","26,9","14,2","11,7",44,37,41,77,"6,8","3,7"
2022/03/19,2000 UTC,0,"884,2","884,7","884,2","1559,1","27,3",12,"28,1","27,3","13,7","11,5",42,36,39,92,"7,2","3,7"
2022/03/19,2100 UTC,0,884,"884,2","883,9","633,1","26,1","11,1","27,4","26,1","12,3","10,5",41,35,39,88,"7,2","2,7"
2022/03/19,2200 UTC,0,"884,8","884,8",884,24,"23,9","11,6","26,1","23,5","12,5","10,1",51,38,46,81,"5,3","1,3"
2022/03/19,2300 UTC,0,"885,7","885,7","884,8",,"23,3","11,2","24,1","23,1","11,8","10,9",48,44,47,80,"4,4","1,5"
2022/03/20,0000 UTC,0,"886,5","886,5","885,7",,"22,8","12,2","23,3","22,6","12,4","11,3",52,47,51,104,"3,5",2
2022/03/20,0100 UTC,0,"887,1","887,1","886,5",,"22,5","13,1","22,9","22,4","13,1","12,3",55,51,55,98,"4,1","2,3"
2022/03/20,0200 UTC,0,"887,3","887,4","887,1",,22,"13,5","22,6","21,8","13,5",13,59,55,59,92,4,2
2022/03/20,0300 UTC,0,"887,1","887,4","887,1",,"19,6","13,6",22,"19,6","14,1","13,5",68,59,68,125,3,"1,3"
2022/03/20,0400 UTC,0,887,"887,3",887,,18,"13,9","20,8",18,"14,6","13,6",77,66,77,135,"3,2","1,1"
2022/03/20,0500 UTC,0,"886,7",887,"886,7",,"16,9","14,7",18,"16,9","14,9","13,9",87,77,87,158,"1,7","0,5"
2022/03/20,0600 UTC,0,"886,2","886,7","886,2",,"16,1","14,4","17,2","16,1","14,9","14,3",90,86,90,23,"1,8","0,9"
2022/03/20,0700 UTC,0,"886,1","886,2","885,9",,"17,2","13,5","18,8","16,1","15,5","13,5",91,75,79,106,"2,5","1,3"
2022/03/20,0800 UTC,0,"886,1","886,2","886,1",,"15,9","14,1","17,2","15,5","14,3","13,2",90,79,89,156,"2,5","0,1"
2022/03/20,0900 UTC,0,"886,3","886,3","886,1",,"15,5",14,"15,9",15,"14,4","13,6",93,89,91,13,"1,5","0,5"
2022/03/20,1000 UTC,0,"886,4","886,4","886,1","110,3","17,7","14,2","17,7","15,1","14,5","13,3",91,80,80,130,"1,9","0,6"
2022/03/20,1100 UTC,0,887,887,"886,4","891,8","22,1","14,5","22,1","17,7","16,4","13,7",83,60,62,21,"2,9","1,3"
2022/03/20,1200 UTC,0,"887,3","887,4",887,"1841,2",24,"14,8","24,2","22,1","15,5",14,63,55,57,88,"4,5","2,5"
2022/03/20,1300 UTC,0,"887,2","887,4","887,2","2663,4","25,5","15,2","25,9","23,9","16,2","14,8",60,51,53,80,"6,1","3,3"
2022/03/20,1400 UTC,0,"887,2","887,2",887,"3242,7","26,7","14,1","27,1","25,3","16,1","10,3",55,36,46,86,"6,1",3
2022/03/20,1500 UTC,0,"886,9","887,2","886,9","3582,6","27,4",13,28,"26,6","15,2","12,4",48,40,41,91,"5,5","2,7"
2022/03/20,1600 UTC,0,"886,3","886,9","886,3","3490,9","28,4","13,1","28,6","26,9","14,7","11,6",46,36,39,81,6,"2,6"
2022/03/20,1700 UTC,0,"885,7","886,3","885,7","3473,1","28,1","11,2","29,2","27,8","14,3","11,2",42,35,35,107,"6,4","2,1"
2022/03/20,1800 UTC,0,885,"885,7",885,3160,"29,2","10,9","29,4","28,1","13,1","10,4",39,31,32,53,"5,7","1,6"
2022/03/20,1900 UTC,0,"884,6",885,"884,6","2103,5","28,5","11,9","29,3","28,2","12,5","9,8",38,30,36,156,"5,4","2,3"
2022/03/20,2000 UTC,0,"884,5","884,6","884,5","1349,3","27,8","12,8","28,8","27,8","13,4","11,2",41,34,40,123,"5,4","2,2"
2022/03/20,2100 UTC,0,"884,5","884,5","884,4","479,8","26,5",13,"27,8","26,5","13,2","11,9",44,37,43,141,5,"2,9"
2022/03/20,2200 UTC,0,885,885,"884,4","24,5","25,2","15,2","26,6","25,1","15,3","12,9",55,43,54,115,"6,3","2,7"
2022/03/20,2300 UTC,0,"885,7","885,7",885,,"23,9","15,2","25,2","23,9","15,6","15,2",59,54,58,108,"5,8",2
2022/03/21,0000 UTC,0,886,886,"885,6",,"23,3","14,1","24,2","23,2","15,2","14,1",58,55,56,119,"4,7","2,4"
2022/03/21,0100 UTC,0,"886,5","886,5",886,,"22,3","14,2","23,6","22,3","14,2",14,60,55,60,134,"4,9","2,4"
2022/03/21,0200 UTC,0,"886,7","886,8","886,5",,"19,9","14,6","22,4","19,9","14,7","14,1",72,60,72,139,"4,6","0,9"
2022/03/21,0300 UTC,0,"886,9","886,9","886,7",,18,"14,2","19,9",18,15,"14,2",81,72,78,123,2,"0,9"
2022/03/21,0400 UTC,0,"886,8",887,"886,8",,"17,1","14,4",18,"16,8","14,6","13,8",84,78,84,123,"1,9","0,9"
2022/03/21,0500 UTC,0,"886,2","886,8","886,2",,"16,5","13,7","17,4","16,5","14,5","13,7",85,80,83,100,"2,4","0,6"
2022/03/21,0600 UTC,0,886,"886,2",886,,16,"13,8","16,6","15,9","13,9","13,6",87,83,86,309,"1,5","0,4"
2022/03/21,0700 UTC,0,"885,6",886,"885,6",,"16,1","14,1","16,7","15,8","14,6","13,7",89,86,88,109,"2,3","0,6"
2022/03/21,0800 UTC,0,"885,9","885,9","885,6",,"15,6","13,9","16,3","15,6","14,5","13,7",90,88,90,287,"1,5","0,7"
2022/03/21,0900 UTC,0,886,"886,1","885,8",,"15,8","14,2",16,"15,6","14,3","13,9",91,89,90,144,1,"0,2"
2022/03/21,1000 UTC,0,"886,6","886,6",886,"103,4","18,8","14,6","19,1","15,8","15,1","14,1",90,76,77,118,"1,9",1
2022/03/21,1100 UTC,0,"887,5","887,5","886,6","820,9","21,6","14,6","21,8","18,7","15,5","14,3",78,64,64,116,"5,2","2,5"
2022/03/21,1200 UTC,0,"887,8","887,9","887,5",1767,"23,2","15,1","23,2","21,3","15,5","14,3",67,60,60,87,"6,6","3,5"
2022/03/21,1300 UTC,0,"887,9","887,9","887,8","2625,9","24,2","16,5","24,2","22,9","16,5","14,9",64,60,62,91,"7,6","4,7"
2022/03/21,1400 UTC,0,888,"888,1","887,9","2973,7","24,8",16,"25,4","23,9","17,4","15,9",63,58,58,87,8,"3,3"
2022/03/21,1500 UTC,0,"887,6","888,1","887,6","3104,9","25,9","16,2","26,9","24,8","17,7","16,1",61,54,55,92,"6,8","4,2"
2022/03/21,1600 UTC,0,"886,8","887,6","886,8","3758,3","26,7","16,3","27,3","25,8","17,8","15,6",58,49,53,69,"8,5","3,5"
2022/03/21,1700 UTC,0,"885,8","886,8","885,8","3488,9","27,4","16,5","27,6","26,1","16,9","14,9",54,47,51,90,"7,7","3,1"
2022/03/21,1800 UTC,0,"885,1","885,8","885,1","2608,7","27,7","14,6","28,2","26,5","17,1","14,5",53,44,45,67,"6,6","3,6"
2022/03/21,1900 UTC,0,"884,6","885,1","884,6",2360,"27,7","14,6","28,5","27,2","16,2","14,4",49,44,45,106,"6,6","2,9"
2022/03/21,2000 UTC,0,"884,8","884,9","884,4","1146,9","25,9","15,6","28,1","25,9","16,1",14,54,43,53,110,"7,9","4,3"
2022/03/21,2100 UTC,0,"884,8","884,8","884,6","205,1","25,3","15,1","25,9","25,3","15,8","14,5",54,50,53,118,"7,7","2,8"
2022/03/21,2200 UTC,0,885,885,"884,8","15,5","24,4","15,4","25,3","24,3","15,6","15,1",58,53,57,104,"6,6","3,1"
2022/03/21,2300 UTC,0,"885,8","885,9","884,9",,"23,3","15,7","24,5","23,3","15,7","15,4",62,57,62,115,"6,5","2,7"
2022/03/22,0000 UTC,0,"886,2","886,2","885,8",,"22,6",16,"23,4","22,5",16,"15,7",66,62,66,120,"5,4","2,4"
2022/03/22,0100 UTC,0,"886,5","886,5","886,1",,"21,7","15,9","22,6","21,7",16,"15,8",70,66,70,119,"4,5",2
2022/03/22,0200 UTC,0,"886,7","886,7","886,5",,"21,1",16,"21,7",21,16,"15,9",73,70,73,123,"4,2","2,1"
2022/03/22,0300 UTC,0,"886,7","886,8","886,7",,"20,7","16,2","21,2","20,7","16,2",16,75,72,75,121,4,"1,7"
2022/03/22,0400 UTC,0,"886,3","886,7","886,3",,"20,7","15,9","20,8","20,4","16,3","15,9",77,74,74,95,"4,6","2,5"
2022/03/22,0500 UTC,0,"886,3","886,3","886,2",,"20,4","15,6",21,"20,3","15,9","15,5",75,72,74,104,"4,8","2,1"
2022/03/22,0600 UTC,0,"886,4","886,4","886,3",,"19,5",16,"20,4","19,5",16,"15,5",80,74,80,116,"7,2","3,5"
2022/03/22,0700 UTC,0,"886,4","886,5","886,3",,"18,6","16,1","19,5","18,6","16,2",16,85,80,85,111,"7,2","3,2"
2022/03/22,0800 UTC,0,"886,7","886,7","886,3",,"18,2","16,3","18,6","18,2","16,3","16,1",88,85,88,116,"6,7","3,4"
2022/03/22,0900 UTC,0,887,"887,1","886,6",,"17,9",16,"18,3","17,8","16,3","15,9",89,88,88,112,"7,5","3,5"
2022/03/22,1000 UTC,0,"887,7","887,7",887,"109,4","18,3","15,6","18,3","17,6","15,9","15,6",89,84,84,104,"7,5","3,1"
2022/03/22,1100 UTC,0,"888,4","888,4","887,7","856,3",20,"15,6","20,1","18,3","15,9","15,4",85,76,76,106,"8,5","4,1"
2022/03/22,1200 UTC,0,"889,2","889,2","888,4","1587,6","20,8","15,9","21,3","19,8","16,4","15,4",77,72,74,99,"11,1","5,3"
2022/03/22,1300 UTC,0,"889,5","889,5","889,2","1570,6","21,3","16,1","21,7","20,5","16,6","15,7",75,71,72,98,"10,1","4,9"
2022/03/22,1400 UTC,0,"889,2","889,5","889,2","1861,8","22,7","16,2","22,8","21,2","16,8","15,7",72,67,67,91,"9,4","4,3"
2022/03/22,1500 UTC,0,"888,5","889,2","888,5","2454,3",24,"16,1","24,2","22,4","17,1","15,7",68,61,62,76,"7,7","4,2"
2022/03/22,1600 UTC,0,"888,1","888,5","888,1","2701,1","24,7","15,8",25,"23,1","17,2","15,5",66,57,58,73,"8,1","3,8"
2022/03/22,1700 UTC,0,"887,3","888,1","887,3","2141,5","25,5","15,7","25,6","23,5","16,6","15,2",62,54,55,72,"8,1","3,3"
2022/03/22,1800 UTC,0,"886,6","887,3","886,6","2833,5","26,5","15,5","26,8",25,"16,4","14,8",56,49,51,96,"7,1","3,3"
2022/03/22,1900 UTC,0,886,"886,6",886,"2446,1","26,5",15,"26,9",26,"15,8","14,3",52,47,49,77,8,"3,2"
2022/03/22,2000 UTC,0,"885,8",886,"885,7","1362,8","25,8",15,"26,9","25,1","15,3","13,3",52,44,51,116,"6,5","3,4"
2022/03/22,2100 UTC,0,"885,9","885,9","885,7","386,3","24,4","14,8",26,"24,4","15,1","13,6",56,47,55,124,"6,5",3
2022/03/22,2200 UTC,0,"886,2","886,2","885,8","22,6","23,1","15,5","24,4","23,1","15,6","14,8",63,55,63,115,"7,3","2,9"
2022/03/22,2300 UTC,0,"886,8","886,8","886,2",,"22,2","15,5","23,2","22,2","15,6","15,4",66,62,66,107,6,"2,4"
2022/03/23,0000 UTC,0,"887,4","887,4","886,8",,"21,6","15,5","22,4","21,6","15,6","15,4",69,65,69,116,"5,4","2,3"
2022/03/23,0100 UTC,0,"887,8","887,9","887,4",,"21,3","15,7","21,7","21,2","15,7","15,5",70,68,70,109,"5,5",3
2022/03/23,0200 UTC,0,"887,6","887,9","887,6",,"20,5","15,8","21,3","20,5","15,8","15,6",75,70,75,102,"6,5","3,4"
2022/03/23,0300 UTC,0,"887,4","887,6","887,3",,"20,1","15,9","20,5",20,16,"15,8",77,75,77,91,"6,5","3,5"
2022/03/23,0400 UTC,0,"887,2","887,4","887,2",,"19,8",16,"20,2","19,7",16,"15,9",79,77,79,100,"7,9","3,6"
2022/03/23,0500 UTC,0,"887,2","887,2","887,1",,"19,3","15,9","19,8","19,2",16,"15,8",81,79,81,98,"7,8","3,6"
2022/03/23,0600 UTC,0,"886,9","887,2","886,9",,"18,9","15,7","19,3","18,9","15,8","15,7",82,80,81,106,"6,7","3,4"
2022/03/23,0700 UTC,0,887,"887,1","886,9",,"18,4","15,6","19,1","18,4","15,8","15,6",84,81,84,103,"7,1","2,9"
2022/03/23,0800 UTC,0,"887,3","887,4",887,,"17,8","15,7","18,5","17,7","15,7","15,6",88,84,87,103,"5,6","2,8"
2022/03/23,0900 UTC,0,"887,7","887,7","887,3",,"17,5","15,8","17,8","17,5","15,8","15,6",90,87,90,100,"5,3","2,8"
2022/03/23,1000 UTC,0,"888,2","888,2","887,7","58,5","17,9","16,1","17,9","17,4","16,1","15,7",90,89,89,112,"5,1","2,8"
2022/03/23,1100 UTC,0,"888,7","888,7","888,3","379,4","18,5","16,1","18,6","17,9","16,2",16,89,85,86,79,"7,6","4,3"
2022/03/23,1200 UTC,0,"889,2","889,3","888,7","922,1","20,1","16,3","20,1","18,5","16,4",16,86,78,79,85,"8,4","4,9"
2022/03/23,1300 UTC,0,"889,1","889,3","889,1",1743,"21,3","16,8","21,9","20,1","17,4",16,79,74,75,70,"8,1","2,6"
2022/03/23,1400 UTC,0,"888,9","889,2","888,9","2356,6","22,9","16,8","23,3","21,2","17,5","16,3",76,66,69,58,"7,7","3,5"
2022/03/23,1500 UTC,0,"888,3","888,9","888,3","2708,8","23,6","16,6","24,6","22,7","17,5","16,3",70,61,65,52,"7,1",3
2022/03/23,1600 UTC,0,"887,6","888,3","887,6","2850,7","25,1",17,"25,8","23,6","17,7","15,9",65,56,61,54,"6,6","1,7"
2022/03/23,1700 UTC,0,"886,6","887,6","886,6","2060,8","26,4","16,4","26,5","24,4","17,4","15,9",61,53,54,75,"5,8","2,7"
2022/03/23,1800 UTC,0,886,"886,6",886,2244,"26,8",16,27,"25,1","16,7",15,58,49,51,12,"6,1",3
2022/03/23,1900 UTC,0,"885,6",886,"885,6","2731,4","27,4","15,1",28,"26,8","16,8","14,7",53,45,47,13,"6,1","1,2"
2022/03/23,2000 UTC,0,"885,4","885,6","885,3","1193,6","25,9","15,3","27,4","25,3","15,8","14,7",54,47,52,95,"5,9","2,4"
2022/03/23,2100 UTC,0,"885,5","885,5","885,3","263,8","24,6","15,7","25,9","24,6","16,3","15,1",58,52,58,100,"4,5","2,2"
2022/03/23,2200 UTC,0,"885,9","885,9","885,5","13,9","23,4","16,7","24,6","23,4",17,"15,7",66,57,66,93,"5,3",3
2022/03/23,2300 UTC,0,"886,4","886,4","885,8",,"22,3",17,"23,6","22,3","17,1","16,7",72,65,72,110,"6,2","2,9"
2022/03/24,0000 UTC,0,"886,8","886,8","886,4",,"21,8","17,1","22,4","21,8","17,1","16,8",74,71,74,109,"5,9","2,8"
2022/03/24,0100 UTC,0,887,"887,1","886,8",,"21,2","16,7","21,8","21,2","17,1","16,7",75,74,75,109,"6,1","2,5"
2022/03/24,0200 UTC,0,"887,2","887,3",887,,"20,9","16,7","21,4","20,9","16,7","16,5",77,74,77,99,"6,4","3,3"
2022/03/24,0300 UTC,0,"887,1","887,2",887,,"20,4","16,6","20,9","20,3","16,7","16,6",79,77,79,98,"5,9","2,5"
2022/03/24,0400 UTC,0,"886,7","887,2","886,6",,"20,2","16,7","20,5","20,2","16,8","16,6",81,79,80,84,"6,5","3,6"
2022/03/24,0500 UTC,0,"886,5","886,8","886,4",,20,"16,7","20,2","19,9","16,8","16,6",82,80,81,90,"6,3","2,8"
2022/03/24,0600 UTC,0,"886,1","886,5","886,1",,"19,9","16,2",20,"19,6","16,7","16,2",82,79,80,96,"5,6","2,9"
2022/03/24,0700 UTC,0,"886,1","886,2",886,,19,"16,2","19,9",19,"16,2",16,83,79,83,87,"5,4","1,3"
2022/03/24,0800 UTC,0,"886,3","886,3","886,1",,"18,6","16,1","19,1","18,3","16,3",16,87,83,86,98,"3,6","1,5"
2022/03/24,0900 UTC,0,"886,8","886,8","886,3",,"18,9","15,9","19,2","18,5","16,2","15,8",86,82,82,70,"4,7","1,7"
2022/03/24,1000 UTC,0,"887,2","887,2","886,8","106,9","20,1","16,1","20,1","18,4","16,2","15,6",85,78,78,73,"3,5","1,1"
2022/03/24,1100 UTC,0,"888,1","888,1","887,2","848,4","21,4","16,3","21,5",20,"16,5","15,9",78,71,73,76,"5,1","2,5"
2022/03/24,1200 UTC,0,"888,7","888,7","888,1","1766,8","22,3","16,7","22,4",21,"16,8","15,9",75,69,71,76,"5,7","2,9"
2022/03/24,1300 UTC,0,"888,9",889,"888,7","2555,8","23,9","16,2","24,2","22,3",17,"15,8",71,62,62,48,"6,1",3
2022/03/24,1400 UTC,0,"888,8","888,9","888,6",3105,"25,1","15,9","25,7","23,8","17,3","15,9",64,56,57,29,"6,5","2,6"
2022/03/24,1500 UTC,0,888,"888,8",888,"2787,1","26,8","16,4","26,8","24,8","17,1","15,7",60,53,53,54,"6,3","2,3"
2022/03/24,1600 UTC,0,"887,4",888,"887,4","2164,5","26,3","15,8",27,"25,7","17,2",15,56,49,52,29,"5,3",2
2022/03/24,1700 UTC,0,"886,5","887,4","886,5",2108,"26,9","14,9","27,6","25,8","16,7","14,8",55,47,48,149,"4,9","2,4"
2022/03/24,1800 UTC,0,"885,8","886,5","885,8","1447,5","26,6","14,8","27,9","26,4","16,4","14,2",52,46,48,340,"4,8","1,2"
2022/03/24,1900 UTC,0,"885,4","885,8","885,4","1238,6","26,5","17,3","28,2","26,4","17,3","13,8",57,43,57,119,"3,1","0,8"
2022/03/24,2000 UTC,0,"885,2","885,4","885,1","415,9","25,1","16,9","26,6","25,1","17,6","14,9",61,49,60,341,"3,7","1,5"
2022/03/24,2100 UTC,0,"885,1","885,2",885,226,"23,4","17,2","25,1","23,4","17,7","16,7",68,60,68,1,"3,1","1,5"
2022/03/24,2200 UTC,0,"885,7","885,7","885,1","10,3","21,8","18,7","23,4","21,5",19,"17,1",85,68,82,29,"2,1","0,7"
2022/03/24,2300 UTC,0,"886,1","886,2","885,7",,"20,9","17,7","22,3","20,8","18,8","17,6",83,76,82,50,"1,5","0,8"
2022/03/25,0000 UTC,0,"886,9","886,9","886,1",,"21,7","17,6","21,7","19,9",18,"17,1",85,78,78,85,"2,9","1,1"
2022/03/25,0100 UTC,0,"887,2","887,3","886,9",,"22,2","16,7","22,9","21,7","17,4","16,7",78,70,71,85,"5,6","1,6"
2022/03/25,0200 UTC,0,"887,4","887,4","887,2",,"21,6","16,6","22,2","21,5","16,6","16,3",73,70,73,86,"3,6","1,8"
2022/03/25,0300 UTC,0,"887,3","887,5","887,3",,"21,2","16,7","21,8","20,2","16,8","16,1",79,73,75,99,"3,5",2
2022/03/25,0400 UTC,0,"887,1","887,3","887,1",,"20,9","16,4","21,6","20,9","16,7","16,3",75,74,75,103,"4,7","1,6"
2022/03/25,0500 UTC,0,"886,7","887,1","886,7",,"18,6","16,6",21,"18,6","16,7","15,8",89,75,89,293,"3,3","0,9"
2022/03/25,0600 UTC,0,"885,9","886,7","885,9",,"17,6","16,2","18,6","17,5","16,7",16,92,89,92,250,"1,1","0,4"
2022/03/25,0700 UTC,0,"886,1","886,2","885,9",,"17,2","16,1","17,7","16,9","16,5","15,8",93,92,93,234,"1,9","0,5"
2022/03/25,0800 UTC,0,"886,3","886,3",886,,17,"15,9","17,4",17,"16,4","15,9",94,93,93,50,"1,5","0,6"
2022/03/25,0900 UTC,0,"886,8","886,8","886,3",,"16,7","15,6","17,3","16,7","16,3","15,6",94,93,94,127,"1,9","0,9"
2022/03/25,1000 UTC,0,"887,4","887,4","886,7","62,9","18,1","17,2","18,1","16,5","17,2","15,6",95,94,95,16,"1,9","0,2"
2022/03/25,1100 UTC,0,888,888,"887,4",729,"22,3",17,"22,3","18,1","18,4","16,5",95,70,72,61,"4,6","2,3"
2022/03/25,1200 UTC,0,"888,8","888,8",888,"1670,3","23,6","16,7","23,7","21,5","17,2","16,2",74,65,65,62,"6,8","2,9"
2022/03/25,1300 UTC,0,"888,8","888,8","888,7","2346,5","24,8","16,8","25,1",23,"17,4",16,67,58,61,1,"6,8","3,3"
2022/03/25,1400 UTC,0,"888,3","888,8","888,3","1267,5","23,9","16,6","25,7","23,5","17,2",16,65,57,64,348,"5,5","2,5"
2022/03/25,1500 UTC,0,"887,1","888,3","887,1","2179,7","27,2","16,3","27,3","23,8","17,5","15,8",65,50,51,3,"5,1","2,1"
2022/03/25,1600 UTC,0,"886,1","887,1","886,1","4099,9","27,5","14,7","28,2","26,9","16,8","14,7",54,45,46,30,5,"2,1"
2022/03/25,1700 UTC,0,"885,2","886,1","885,2","2450,9","28,4","14,1","28,4","26,7","16,3","13,6",49,40,42,354,"4,5","1,1"
2022/03/25,1800 UTC,0,"884,2","885,2","884,2","2132,7","28,9","14,9","29,2","26,8","15,2","12,5",47,37,43,148,"4,9","2,1"
2022/03/25,1900 UTC,0,"883,8","884,2","883,8","975,1","25,8","16,5","29,1","25,7",17,14,59,41,56,301,"5,5","1,8"
2022/03/25,2000 UTC,0,"883,7","883,9","883,7","1159,9","24,5","16,9",28,"23,8","17,7","16,4",66,50,63,301,"7,2",2
2022/03/25,2100 UTC,0,"883,6","883,8","883,4","185,6","23,2",17,"24,6","23,2","17,1","16,5",69,61,68,318,"3,9","1,4"
2022/03/25,2200 UTC,0,"884,4","884,4","883,6","9,6","22,9",17,"23,5","22,9","17,4","16,6",70,65,70,307,"2,7","1,1"
2022/03/25,2300 UTC,0,885,885,"884,4",,"21,1","17,5","22,9","20,7","17,7","16,8",83,70,80,263,"1,7","0,7"
2022/03/26,0000 UTC,0,"885,7","885,7",885,,"21,6","17,1","22,6","21,1","18,2","17,1",80,71,75,192,"5,2","1,3"
2022/03/26,0100 UTC,0,886,886,"885,7",,"20,9","16,4","22,1","20,6",17,"16,2",76,70,76,219,"5,2","1,2"
2022/03/26,0200 UTC,0,"886,4","886,4",886,,"21,1","16,9","21,5","20,7","16,9","16,4",78,75,77,230,"3,7","1,1"
2022/03/26,0300 UTC,0,"886,4","886,6","886,3",,"20,3",17,"21,1","20,1",17,"16,7",82,77,81,89,"2,6","0,6"
2022/03/26,0400 UTC,0,"886,2","886,4","886,2",,"18,9","16,8","20,6","18,9","17,1","16,5",88,80,88,75,"2,2","0,4"
2022/03/26,0500 UTC,0,"885,7","886,2","885,7",,"17,7","16,3","19,3","17,7","17,2","16,3",91,86,91,233,"1,5","0,8"
2022/03/26,0600 UTC,0,"885,6","885,8","885,6",,"18,1","16,6","18,3","17,7","17,1","16,3",93,91,91,197,"1,8","1,1"
2022/03/26,0700 UTC,0,"885,4","885,6","885,2",,"17,4","16,2","18,5","17,3",17,"16,1",93,90,93,260,2,"0,9"
2022/03/26,0800 UTC,0,"885,4","885,5","885,3",,"17,4","16,4","17,5",17,"16,5",16,94,93,94,65,2,"0,5"
2022/03/26,0900 UTC,0,"885,8","885,9","885,4",,17,16,"17,9",17,17,"15,9",94,93,94,295,"1,6","0,6"
2022/03/26,1000 UTC,0,"886,1","886,1","885,8","106,9","19,3",18,"19,4","16,9","18,1","15,9",95,92,92,39,2,"0,6"
2022/03/26,1100 UTC,0,"886,5","886,5","886,1",899,"23,4",18,"23,4","19,2","18,2","17,2",92,70,72,127,"1,9","0,6"
2022/03/26,1200 UTC,0,887,887,"886,5","1768,5","24,6","17,3","24,7","22,8","18,1",17,73,63,64,120,"3,3","1,4"
2022/03/26,1300 UTC,0,"887,2","887,2",887,2669,"25,6","16,3","26,1","24,6","18,3","15,8",65,55,56,78,"6,2","2,6"
2022/03/26,1400 UTC,0,"886,8","887,2","886,8","2690,8",26,"16,5",27,"24,9","17,5","15,7",60,53,56,83,7,"2,8"
2022/03/26,1500 UTC,0,886,"886,8",886,"2855,3","27,5","16,5","27,7","25,8","17,4","15,7",56,50,51,85,7,"2,9"
2022/03/26,1600 UTC,0,"885,2",886,"885,2","2338,4","27,5","16,7","27,8","26,1","17,4",15,55,48,52,112,"6,5","2,4"
2022/03/26,1700 UTC,0,"884,5","885,2","884,5","2945,4","28,8","14,5","28,9","26,8","16,9","14,5",52,42,42,46,6,"2,1"
2022/03/26,1800 UTC,0,"883,6","884,5","883,6",2307,"28,4","15,3","29,1","26,9","17,2","13,8",50,41,45,15,"6,8","2,9"
2022/03/26,1900 UTC,0,"882,9","883,6","882,8","2448,4",29,"14,1","29,3","27,9","16,7",14,49,39,40,41,"5,9","1,3"
2022/03/26,2000 UTC,0,"882,7","882,9","882,7","1457,8","27,8","13,7","29,1","27,4","15,4","13,7",45,40,42,78,"5,2","2,3"
2022/03/26,2100 UTC,0,883,"883,1","882,7",293,"26,1","16,1","27,9","26,1","16,3","13,4",55,42,54,71,"7,4","3,1"
2022/03/26,2200 UTC,0,"883,5","883,5",883,"6,6","24,7","15,4","26,1","24,7","16,1","15,4",56,53,56,61,"6,6","1,9"
2022/03/26,2300 UTC,0,"884,3","884,3","883,5",,"21,7","16,2","24,8","21,7","16,2","15,3",71,56,71,79,"3,8","0,8"
2022/03/27,0000 UTC,0,885,885,"884,3",,"20,8","16,9","21,7","20,5","17,2",16,81,70,78,42,"1,7",1
2022/03/27,0100 UTC,0,"885,4","885,4","884,9",,"20,7","16,7","21,6","20,4",17,"16,4",80,74,78,355,"1,9","0,9"
2022/03/27,0200 UTC,0,"885,5","885,5","885,3",,"19,4","16,6","20,8","19,4","16,9","16,5",85,78,84,149,"1,9","0,7"
2022/03/27,0300 UTC,0,"885,7","885,8","885,5",,"19,5","16,7","19,7","19,1","16,8","16,3",85,83,84,218,"1,5","0,7"
2022/03/27,0400 UTC,0,"885,7","885,8","885,6",,"18,7","16,3","19,8","18,7","16,7","16,3",86,81,86,281,"1,2","0,5"
2022/03/27,0500 UTC,0,"885,4","885,7","885,4",,"18,5","16,3","19,6","18,5","16,8","16,2",87,83,87,145,"1,5","0,7"
2022/03/27,0600 UTC,0,"885,4","885,4","885,2",,"18,1","15,9","19,1","18,1","16,6","15,8",87,83,87,217,"1,4","0,8"
2022/03/27,0700 UTC,0,"885,5","885,5","885,4",,19,17,19,"17,7",17,"15,8",90,87,89,148,"1,9","0,4"
2022/03/27,0800 UTC,0,"885,7","885,7","885,5",,"19,1","16,5","19,4","18,9","17,1","16,5",89,85,85,84,"1,6","0,7"
2022/03/27,0900 UTC,0,"885,9",886,"885,6",,"19,3","16,4","20,4","18,8","16,8","16,1",86,80,83,137,"2,8","1,5"
2022/03/27,1000 UTC,0,"886,4","886,4","885,9","105,6","20,8","16,8","20,8",18,17,"15,9",89,78,78,154,"2,2","1,1"
2022/03/27,1100 UTC,0,"887,1","887,1","886,4","825,1","22,8","16,7","23,2","20,8","17,1","16,4",78,67,69,174,"3,1","1,4"
2022/03/27,1200 UTC,0,888,"888,1","887,1","1720,6","25,2","16,7","25,3","22,7","17,2",16,70,59,59,88,"4,5","2,1"
2022/03/27,1300 UTC,0,"888,1","888,3",888,2503,"25,8","16,7",26,"24,7","17,3","16,2",62,57,57,72,"7,2","2,7"
2022/03/27,1400 UTC,0,"888,1","888,2","888,1",3097,"27,2","17,5","27,2","25,3",18,"16,5",60,54,56,75,"6,5",3
2022/03/27,1500 UTC,0,"887,4","888,1","887,4","3234,4","27,7",16,"28,3","26,6","17,6","15,2",56,47,49,39,"8,4","2,8"
2022/03/27,1600 UTC,0,"886,7","887,4","886,7","3476,1","28,6","14,4","29,2","27,4","16,7","13,8",51,41,42,66,"6,4","2,7"
2022/03/27,1700 UTC,0,886,"886,7",886,"2562,9","29,4","14,7","29,7","27,5","15,9","13,7",47,38,41,46,"6,8","3,2"
2022/03/27,1800 UTC,0,"885,5",886,"885,5","1857,9","27,8","13,5","29,5","27,8","15,6","13,2",45,39,41,60,"6,9","2,3"
2022/03/27,1900 UTC,0,885,"885,5",885,"1329,4","28,5","14,7","29,5","27,7","15,6","13,6",46,41,43,40,6,"1,9"
2022/03/27,2000 UTC,0,"884,9",885,"884,7","1186,3","27,5","14,5","29,5","27,4","15,5","13,9",46,39,45,81,"5,3","2,3"
2022/03/27,2100 UTC,0,"884,9",885,"884,8","253,1","26,8","14,1",28,"26,8","15,1","12,7",47,39,46,73,6,"2,3"
2022/03/27,2200 UTC,0,"885,5","885,5","884,9","4,3","24,9","15,3","26,7","24,9","15,3","13,9",56,45,56,62,4,"1,2"
2022/03/27,2300 UTC,0,"886,5","886,5","885,5",,"24,6","15,3","24,9","24,4","15,7","15,3",58,55,56,109,"3,8","1,7"
2022/03/28,0000 UTC,0,887,887,"886,5",,"23,8","15,8","24,6","23,8","15,8","15,3",61,56,61,104,"3,7","1,5"
2022/03/28,0100 UTC,0,"887,7","887,7",887,,"23,7","16,2",24,"23,6","16,4","15,8",64,61,63,99,"4,8","2,2"
2022/03/28,0200 UTC,0,"887,9","887,9","887,7",,"22,6","16,3","23,6","22,6","16,6","16,2",68,63,68,125,"4,2","1,7"
2022/03/28,0300 UTC,0,"887,9",888,"887,9",,22,"16,5","22,9","21,1","16,7",16,74,67,71,122,"3,4","1,4"
2022/03/28,0400 UTC,0,"887,4","887,9","887,4",,"19,5","16,5","22,3","19,3","16,8",16,84,70,83,138,"2,4","1,2"
2022/03/28,0500 UTC,0,"887,1","887,4","887,1",,"19,1","16,9","19,7","18,6","16,9","16,1",88,82,87,154,"2,6",1
2022/03/28,0600 UTC,0,"886,6","887,1","886,6",,"20,1","16,6","20,4","18,8","17,2","16,6",87,80,80,169,"2,1",1
2022/03/28,0700 UTC,0,"886,6","886,6","886,4",,"19,4","16,1","20,1","18,3","16,7","16,1",87,80,82,168,"2,4","1,1"
2022/03/28,0800 UTC,0,"886,6","886,7","886,5",,19,"15,9","19,7","18,8","16,3","15,8",84,80,82,147,"2,7","1,1"
2022/03/28,0900 UTC,0,"887,1","887,1","886,6",,"17,3","15,6",19,"17,3","16,3","15,5",90,82,90,112,"2,2","0,7"
2022/03/28,1000 UTC,0,"887,9","887,9","887,2","121,1","19,9","16,9","19,9","17,2","17,2","15,6",92,83,83,165,"1,7","0,6"
2022/03/28,1100 UTC,0,"888,8","888,8","887,9","831,3","23,1","17,2","23,1","19,9","17,2","16,4",83,69,69,106,"3,4","1,9"
2022/03/28,1200 UTC,0,"889,2","889,3","888,8","1747,3","24,1","16,6","24,4",23,"17,1","16,1",69,61,63,83,"5,6","3,1"
2022/03/28,1300 UTC,0,"889,5","889,5","889,2",2492,"25,7","17,5","25,9","24,1","17,5","16,1",63,56,61,76,6,"2,9"
2022/03/28,1400 UTC,0,"889,1","889,5","889,1","3137,7","26,1","16,6","26,6","25,5","17,3",16,60,54,56,81,"6,3",3
2022/03/28,1500 UTC,0,"888,7","889,1","888,7","3139,2","26,9","15,6","27,8",26,"17,4","15,2",57,48,50,68,"6,5","2,4"
2022/03/28,1600 UTC,0,"887,7","888,7","887,7","3202,9","27,9","14,4","28,7","26,5","16,4","14,2",52,44,44,118,"7,3","3,8"
2022/03/28,1700 UTC,0,"886,5","887,7","886,5","2590,2","27,2","14,7","29,3","27,2","16,9","14,2",49,42,47,120,"7,5","3,4"
2022/03/28,1800 UTC,0,"885,3","886,5","885,3","2437,6","27,5","13,8","29,5","27,1","15,9","13,8",47,41,43,124,"6,5","3,2"
2022/03/28,1900 UTC,0,"884,7","885,3","884,7","1424,6","27,6","15,4","28,6",27,"16,4","13,7",48,43,47,106,"6,5","3,2"
2022/03/28,2000 UTC,0,"884,4","884,7","884,4","947,4","27,6","15,2","28,4","26,4","15,9","14,5",51,45,47,115,"6,9","3,1"
2022/03/28,2100 UTC,0,"885,1","885,1","884,4","505,7","25,8","15,5","27,6","25,8","15,9",15,53,46,53,110,"7,6","3,6"
2022/03/28,2200 UTC,0,"885,8","885,8","885,1","6,6","24,9","15,7","25,8","24,7","15,8","15,5",57,53,57,120,"6,3","2,3"
2022/03/28,2300 UTC,0,"886,7","886,7","885,8",,"24,1","16,4",25,"24,1","16,4","15,7",62,57,62,121,"5,1","2,2"
2022/03/29,0000 UTC,0,"887,4","887,4","886,7",,"23,5","16,4","24,2","23,4","16,4","16,3",65,62,65,116,"4,8","2,1"
2022/03/29,0100 UTC,0,888,"888,1","887,4",,"23,2","16,5","23,6","23,1","16,6","16,4",67,64,66,98,"4,6","2,5"
2022/03/29,0200 UTC,0,"887,8","888,1","887,8",,"23,1","15,4","23,4",23,"16,5","15,4",66,62,62,101,"5,2","2,4"
2022/03/29,0300 UTC,0,"887,5","887,8","887,5",,"22,7","14,8","23,2","22,6","15,4","14,8",62,61,61,107,"5,6","2,5"
2022/03/29,0400 UTC,0,"887,2","887,6","887,2",,"22,3","14,9","22,9","22,2",15,"14,7",63,60,63,102,6,"2,2"
2022/03/29,0500 UTC,0,"886,6","887,2","886,6",,22,"15,1","22,6","21,9","15,1","14,9",65,62,65,110,"4,8",2
2022/03/29,0600 UTC,0,"886,2","886,6","886,2",,"22,1","15,2","22,2","21,7","15,4","15,1",67,65,65,93,"5,7","2,8"
2022/03/29,0700 UTC,0,"885,8","886,2","885,8",,"21,8","15,2","22,3","21,6","15,2","15,1",67,64,66,94,6,"3,1"
2022/03/29,0800 UTC,0,"886,1","886,1","885,7",,"21,5","15,2","21,9","21,5","15,2",15,67,65,67,100,"7,2","3,2"
2022/03/29,0900 UTC,0,"886,5","886,5","886,1",,"20,6",15,"21,5","20,5","15,2","14,9",71,67,70,101,"8,9","2,8"
2022/03/29,1000 UTC,0,"886,8","886,9","886,5","90,1","20,2","15,2","20,6","20,2","15,2",15,73,70,73,94,"6,5","2,7"
2022/03/29,1100 UTC,0,"887,6","887,6","886,8","836,2","22,2","15,4","22,4","20,2","15,6","15,1",73,65,65,75,"8,3","3,7"
2022/03/29,1200 UTC,0,"888,4","888,4","887,6","1817,5","23,5","16,1","23,7","22,1","16,3","15,4",66,61,63,59,"8,6","3,2"
2022/03/29,1300 UTC,0,"888,6","888,8","888,4","2429,3","24,9","15,9","25,3",23,"16,6","15,7",65,56,58,76,"6,7",3
2022/03/29,1400 UTC,0,"888,5","888,7","888,5","3124,7","25,8","16,8","26,1","24,6","16,8","15,4",59,53,57,61,"8,9","2,9"
2022/03/29,1500 UTC,0,"887,7","888,5","887,7","3345,6","26,8","15,3","27,1","25,2","16,5","14,1",58,46,49,71,"7,3","3,2"
2022/03/29,1600 UTC,0,"886,7","887,7","886,7","3624,3","27,3","14,5","27,7","26,6","16,2","14,1",52,44,45,68,"7,2","3,1"
2022/03/29,1700 UTC,0,"885,7","886,7","885,7",3317,"27,9",15,28,"27,1","15,2","13,5",48,41,45,95,"6,5","2,4"
2022/03/29,1800 UTC,0,885,"885,8",885,"2832,7","28,4","13,3","28,6","27,5","14,9",13,45,39,39,105,"6,3","2,4"
2022/03/29,1900 UTC,0,"884,8","885,1","884,7","2308,8","28,2","13,3","28,5","27,8","14,7","12,5",44,38,40,56,"5,8","1,9"
2022/03/29,2000 UTC,0,"884,8","884,8","884,6",1163,"26,7","13,1","28,5","26,7",14,"12,8",44,39,43,61,"6,5",2
2022/03/29,2100 UTC,0,"884,9",885,"884,7","225,3","25,7","12,9","26,7","25,7","13,9","12,9",47,43,45,102,"5,4","2,6"
2022/03/29,2200 UTC,0,"885,4","885,4","884,9","6,7","24,7","13,1","25,9","24,6","13,2","12,7",49,44,48,90,"5,8","2,2"
2022/03/29,2300 UTC,0,"885,8","885,8","885,4",,"23,9","13,9","24,8","23,6","14,1",13,55,48,53,101,"4,6","1,9"
2022/03/30,0000 UTC,0,"886,4","886,4","885,8",,"22,7","14,2","23,9","22,7","14,3","13,6",59,53,59,118,"4,6","1,9"
2022/03/30,0100 UTC,0,"886,6","886,6","886,4",,"22,7","13,6","22,7","22,3","14,4","13,5",60,56,56,103,"4,4","2,5"
2022/03/30,0200 UTC,0,"886,6","886,6","886,5",,"22,3","14,1","22,9","22,1","14,1","13,3",60,55,60,109,"5,4","2,8"
2022/03/30,0300 UTC,0,"886,3","886,6","886,3",,"21,5","14,6","22,3","21,3","14,6","14,1",65,60,65,101,"5,8","2,9"
2022/03/30,0400 UTC,0,"886,2","886,3","886,1",,"18,4","14,3","21,5","18,4","14,6","14,3",77,65,77,46,"4,6","0,6"
2022/03/30,0500 UTC,0,"885,6","886,2","885,6",,20,"14,4","20,9",18,"15,1","14,4",81,68,70,61,"2,9","1,5"
2022/03/30,0600 UTC,0,"885,4","885,7","885,3",,"18,8","14,8","19,9",17,"15,2","13,9",86,70,77,81,"2,9","1,3"
2022/03/30,0700 UTC,0,"885,3","885,4","885,2",,20,"14,7",20,18,"14,9","14,4",80,71,71,104,"3,2","1,5"
2022/03/30,0800 UTC,0,"885,4","885,5","885,3",,19,"14,9","20,1","17,8",15,"14,2",82,71,77,84,"3,2","1,5"
2022/03/30,0900 UTC,0,"885,8","885,8","885,4",,"19,4","14,8","19,7",19,"14,9","14,7",77,73,75,99,3,"1,4"
2022/03/30,1000 UTC,0,"886,4","886,4","885,8","99,5",21,"15,3",21,"18,8","15,3","14,5",77,70,70,73,"2,5","1,2"
2022/03/30,1100 UTC,0,"886,6","886,7","886,4","853,6",23,"15,5",23,21,"15,8","15,1",70,63,63,63,"5,2","2,1"
2022/03/30,1200 UTC,0,887,887,"886,5","1758,1","24,6","15,2",25,"22,9",16,15,63,55,56,57,"5,3","2,3"
2022/03/30,1300 UTC,0,"887,3","887,4","886,9","2458,6","24,8","15,9","25,8","24,5","16,5","15,4",58,54,58,33,"5,9","2,2"
2022/03/30,1400 UTC,0,"886,9","887,3","886,8","2728,4","26,7","14,8","27,3","24,8","16,6","14,7",60,48,48,62,"6,9","2,3"
2022/03/30,1500 UTC,0,"886,3","886,9","886,3","2579,7","27,4","15,1","27,7","25,7",16,"14,2",53,45,47,10,"5,8","1,9"
2022/03/30,1600 UTC,0,"885,7","886,3","885,7","2968,6","26,6","13,4","28,4","26,6","15,2","12,6",48,38,44,139,"5,5","1,8"
2022/03/30,1700 UTC,0,"885,2","885,7","885,2","2680,1","29,1","12,9","29,7","26,7","15,3","12,8",48,37,37,135,"3,8","1,6"
2022/03/30,1800 UTC,0,"884,5","885,2","884,5","2507,8","29,1","12,8","30,3","27,9","14,5","12,2",41,34,37,84,"5,6","2,6"
2022/03/30,1900 UTC,0,884,"884,5",884,1669,"28,3",12,"29,4","27,7","13,3","11,4",39,34,36,174,"6,3",2
2022/03/30,2000 UTC,0,"883,7",884,"883,6","332,5","26,7","13,1","28,3","26,7","13,5","11,9",44,36,43,139,5,"1,3"
2022/03/30,2100 UTC,0,"883,8","883,8","883,6","79,6","24,3","15,6","26,7","23,3","16,2","12,8",63,43,59,326,"2,9","1,2"
2022/03/30,2200 UTC,0,"884,4","884,4","883,8","1,5","23,4","16,1","24,5","22,4",17,"15,5",70,58,64,292,"3,9",2
2022/03/30,2300 UTC,0,"884,8","884,9","884,4",,"21,8","17,1","23,4","21,8","17,7",16,77,64,75,44,"3,9","0,6"
2022/03/31,0000 UTC,0,"885,7","885,7","884,8",,"20,3","16,5","21,9","20,2","17,2","16,3",79,72,79,291,"2,3","0,3"
2022/03/31,0100 UTC,0,"886,2","886,2","885,7",,"20,8","16,5","20,8","19,8","17,1","16,3",83,76,77,127,"1,4","0,6"
2022/03/31,0200 UTC,0,"886,5","886,6","886,2",,"19,1","15,7","20,9","19,1","16,3","15,2",81,71,81,139,"2,5","1,2"
2022/03/31,0300 UTC,0,"886,3","886,6","886,3",,"18,7","15,5","19,7","18,7","16,1","15,4",82,79,81,85,"2,2","0,8"
2022/03/31,0400 UTC,0,886,"886,3",886,,"18,1","15,7","18,7","17,9","15,7","15,1",86,81,86,213,2,"0,5"
2022/03/31,0500 UTC,0,"885,5",886,"885,5",,"18,2","15,5","18,8","18,1","16,1","15,4",86,82,84,170,"1,2","0,7"
2022/03/31,0600 UTC,0,"885,3","885,5","885,1",,"17,2","15,2","18,2","17,1","15,6","15,1",88,84,88,65,1,"0,2"
2022/03/31,0700 UTC,0,"884,9","885,3","884,9",,"17,6","15,4","17,8","17,1","15,4","14,8",88,84,87,103,"1,1","0,5"
2022/03/31,0800 UTC,0,"885,1","885,1","884,9",,"16,6","14,9","17,8","16,5","15,4","14,6",89,85,89,174,"1,3","0,5"
2022/03/31,0900 UTC,0,"885,6","885,6","885,1",,"16,6","14,7",17,"16,5","15,3","14,5",91,88,89,188,"1,1","0,5"
2022/03/31,1000 UTC,0,"886,3","886,3","885,6","73,8",18,"15,1",18,"16,1","15,2","14,3",90,84,84,357,"0,8","0,7"
2022/03/31,1100 UTC,0,887,887,"886,3","813,4","23,5","14,7","23,9",18,"16,6","14,5",83,56,58,85,"2,8","1,3"
2022/03/31,1200 UTC,0,"887,4","887,4",887,1726,"25,3","14,9","25,4","23,5","15,6","14,3",60,52,53,75,"5,6","3,1"
2022/03/31,1300 UTC,0,"887,7","887,7","887,4","2495,2","26,1","15,1","26,2","24,9","15,6","14,5",55,50,51,77,"6,7","3,6"
2022/03/31,1400 UTC,0,"887,5","887,7","887,5","3063,7","27,2","14,5","27,6","25,9","15,9","14,1",52,45,46,93,"6,8","3,6"
2022/03/31,1500 UTC,0,887,"887,5",887,"3039,5","27,7","14,4","28,7","26,7","15,8",13,49,42,44,89,"7,8",3
2022/03/31,1600 UTC,0,"886,3","887,1","886,3","3689,2","28,1","13,6",29,"27,4","15,6","12,7",46,38,41,66,"6,8","3,2"
2022/03/31,1700 UTC,0,"885,5","886,3","885,5","2951,4","29,1","13,4","29,3","27,4","14,8",13,44,37,38,92,"6,8","3,4"
2022/03/31,1800 UTC,0,"884,5","885,5","884,5","2879,7","29,5","13,1","29,9","28,6","14,7","11,8",41,34,37,82,"6,8","3,1"
2022/03/31,1900 UTC,0,884,"884,5","883,9","1910,9","29,1","12,5","29,5","27,9","14,2","11,2",41,34,36,92,"7,4","3,3"
2022/03/31,2000 UTC,0,884,884,"883,9","1419,7","28,4","10,3","29,5","28,3","12,2","8,3",36,27,32,80,"7,5","3,8"
2022/03/31,2100 UTC,0,"884,3","884,3",884,"495,3","26,8","10,6","28,7","26,8","10,7","9,4",36,31,36,106,"7,5",3
2022/03/31,2200 UTC,0,"884,8","884,8","884,3","7,2","25,5","11,2","26,8","25,5","11,2","10,4",41,36,41,99,"5,5","2,3"
2022/03/31,2300 UTC,0,"885,5","885,5","884,8",,"23,8","12,7","25,5","23,7","12,7","11,2",50,41,50,62,"4,1","1,3"
2022/04/01,0000 UTC,0,"886,5","886,5","885,5",,21,"13,9","23,8","20,6","14,7","12,7",68,50,64,42,"2,4",1
2022/04/01,0100 UTC,0,"887,2","887,2","886,5",,"19,9","14,3","23,1","19,9","14,4","13,1",70,54,70,78,"2,2","0,7"
2022/04/01,0200 UTC,0,"887,5","887,5","887,2",,19,"14,5","19,9","18,9","14,9",14,75,70,75,226,"1,7","0,7"
2022/04/01,0300 UTC,0,"887,4","887,6","887,3",,19,"14,2","19,9","18,8","14,4","13,9",75,70,74,162,"1,4","0,5"
2022/04/01,0400 UTC,0,"886,9","887,4","886,9",,"18,3","13,4","19,2","18,3","14,2","13,2",75,69,73,147,"1,2","0,7"
2022/04/01,0500 UTC,0,"886,5","886,9","886,5",,"18,3","13,2","18,6","17,7","13,6","13,1",76,72,72,109,1,"0,4"
2022/04/01,0600 UTC,0,"886,2","886,5","886,2",,17,"13,7","18,5",17,"13,7","13,1",81,71,81,41,"1,4","0,6"
2022/04/01,0700 UTC,0,"886,3","886,4","886,2",,"17,3",14,"18,1",17,"14,5","13,8",83,77,81,129,2,"0,8"
2022/04/01,0800 UTC,0,"886,7","886,7","886,3",,"16,5","14,2","17,4","16,4","14,3","13,7",86,80,86,179,"1,5","0,7"
2022/04/01,0900 UTC,0,"887,3","887,3","886,7",,"16,8","14,1",17,"16,1","14,4","13,6",87,83,84,152,"1,8","0,9"
2022/04/01,1000 UTC,0,"887,9","887,9","887,2","95,3","18,4","14,8","18,4","16,2","14,8","13,5",85,79,80,263,"1,5","0,9"
2022/04/01,1100 UTC,0,"888,9","888,9","887,9","829,2","22,9","14,1",23,"18,4","15,6",14,80,57,57,142,"2,4","1,4"
2022/04/01,1200 UTC,0,"889,5","889,5","888,9","1548,7","23,2","14,6","24,8","22,8","15,2","13,3",59,51,59,179,"5,5","2,3"
2022/04/01,1300 UTC,0,"889,7","889,7","889,5","1690,8","24,6","15,6","24,6","22,9","16,1","14,3",61,56,58,189,"5,5","2,2"
2022/04/01,1400 UTC,0,"889,4","889,7","889,3",2635,"26,8","13,3","27,1","24,6","15,7","13,2",58,44,44,121,"5,8","3,1"
2022/04/01,1500 UTC,0,"888,8","889,4","888,8","3167,8","26,8","14,2","27,6","25,7","15,6","13,1",51,42,46,142,"6,7","2,6"
2022/04/01,1600 UTC,0,888,"888,8",888,"2827,7","27,2","14,1","28,1","26,2","15,4","13,2",49,41,44,133,"7,1","3,2"
2022/04/01,1700 UTC,0,887,888,887,"2046,2",27,"12,3","28,7","26,6",15,"11,8",47,37,40,105,"7,1","2,9"
2022/04/01,1800 UTC,0,"886,2",887,"886,2","2639,9",29,"12,8","29,5",27,"13,8","11,3",42,33,37,95,"6,1","2,3"
2022/04/01,1900 UTC,0,"885,9","886,2","885,8","1923,5","27,6","12,2","29,3","27,5","13,1","11,2",39,33,39,81,"6,2","2,5"
2022/04/01,2000 UTC,0,"885,9","885,9","885,7","1312,2","27,9","12,3","29,4","27,3","12,7","11,2",39,33,38,102,6,"3,2"
2022/04/01,2100 UTC,0,"886,3","886,3","885,9","172,4","26,4","12,5","27,9","26,2","12,6","11,3",43,36,42,88,"5,7","2,4"
2022/04/01,2200 UTC,0,"886,9","886,9","886,3","5,7","24,6","13,7","26,4","24,6","13,7","12,6",51,42,51,114,"4,6","1,6"
2022/04/01,2300 UTC,0,"887,6","887,6","886,9",,"24,4","14,3","24,8","24,3","14,4","13,7",54,51,53,106,"4,1","2,1"
2022/04/02,0000 UTC,0,"888,2","888,2","887,6",,"23,4","14,7","24,5","23,3","14,7","14,3",58,53,58,114,"4,6","1,7"
2022/04/02,0100 UTC,0,"888,6","888,6","888,2",,23,"14,5","23,4","22,7","14,8","14,5",61,58,59,105,"3,7","2,1"
2022/04/02,0200 UTC,0,"888,7","888,8","888,6",,"22,5",14,"23,1","22,5","14,5",14,59,58,59,99,"4,5",2
2022/04/02,0300 UTC,0,"888,6","888,8","888,6",,"21,8","13,9","22,7","21,8","14,1","13,9",61,58,61,113,"4,2","1,7"
2022/04/02,0400 UTC,0,"888,2","888,6","888,2",,"21,8","13,1","21,9","21,3","13,9","13,1",61,58,58,107,"4,4","2,2"
2022/04/02,0500 UTC,0,"887,8","888,3","887,8",,"20,3","13,3","21,8","19,8","13,5",13,66,58,64,120,"3,9","1,6"
2022/04/02,0600 UTC,0,"887,3","887,8","887,3",,"19,8","14,3","20,3","18,4","14,5","13,2",76,64,71,132,3,"1,8"
2022/04/02,0700 UTC,0,"887,3","887,4","887,3",,"17,4","13,6","19,8","17,4","14,3","13,6",78,71,78,127,"2,5","1,4"
2022/04/02,0800 UTC,0,"887,7","887,7","887,3",,"18,1","13,7","18,3","16,6","14,2","13,5",83,75,75,139,"3,2","1,9"
2022/04/02,0900 UTC,0,"888,1","888,1","887,6",,"16,8","13,6","18,1","16,8","13,9","13,3",82,75,82,132,"2,8","1,4"
2022/04/02,1000 UTC,0,889,889,"888,1","84,3","19,6","14,5","19,6","16,4","14,5","13,4",84,71,72,115,"5,5","3,1"
2022/04/02,1100 UTC,0,"889,8","889,8",889,"811,7","20,6","15,8","20,8","19,6","15,8","14,5",74,70,74,111,"8,4",5
2022/04/02,1200 UTC,0,"890,2","890,2","889,7","1700,2","22,2","15,7","22,5","20,6","16,6","15,7",74,66,67,107,"8,4","3,9"
2022/04/02,1300 UTC,0,"890,3","890,4","890,2","2474,1","23,7","14,3","24,2","22,2",16,"14,1",67,55,56,80,"7,8","4,1"
2022/04/02,1400 UTC,0,890,"890,4",890,"3060,7","25,5","13,5","25,7","23,5","15,3","13,5",58,47,48,72,"8,3","3,8"
2022/04/02,1500 UTC,0,"889,5",890,"889,5","3410,2","26,5","12,6","26,7","25,2","14,2","12,3",50,41,42,57,"8,2","3,7"
2022/04/02,1600 UTC,0,"888,5","889,5","888,5","3436,5","27,5","12,8","27,9","26,2","13,9",12,46,38,40,92,"7,3","2,7"
2022/04/02,1700 UTC,0,"887,8","888,5","887,8","3219,4","28,2","11,8","28,4","27,4","13,3","10,9",42,34,36,90,"7,6",3
2022/04/02,1800 UTC,0,"887,2","887,8","887,2","2748,4","28,5",12,"28,6","27,6","13,6","11,5",41,36,36,69,"7,3","2,8"
2022/04/02,1900 UTC,0,"886,8","887,2","886,8","2087,8","27,8","11,7","28,7",27,"12,8","10,9",38,34,37,106,"7,7","3,6"
2022/04/02,2000 UTC,0,"886,7","886,8","886,7","1405,2","26,9",11,"28,2","26,9","12,1","10,7",38,35,37,108,"7,1","3,7"
2022/04/02,2100 UTC,0,"886,6","886,7","886,5","468,9","25,6","11,4",27,"25,6","11,8","10,8",42,36,41,93,"6,4","2,9"
2022/04/02,2200 UTC,0,887,887,"886,5","6,4","24,3","12,1","25,7","24,3","12,2","11,3",47,41,47,98,6,"2,2"
2022/04/02,2300 UTC,0,"887,8","887,8",887,,"23,3","12,6","24,4","23,3","12,7","12,2",51,47,51,105,"3,7","1,7"
2022/04/03,0000 UTC,0,"888,6","888,6","887,8",,"21,1","13,7","23,3","20,8","13,7","12,7",64,51,63,110,"3,5","1,4"
2022/04/03,0100 UTC,0,889,889,"888,6",,"22,2","13,3","22,6","21,1","13,9","13,1",63,56,57,92,"4,1","2,1"
2022/04/03,0200 UTC,0,889,"889,1",889,,"21,8","13,5","22,2","21,5","13,7","13,3",61,57,59,95,"4,2","2,1"
2022/04/03,0300 UTC,0,"888,7",889,"888,7",,"20,8","13,4","21,8","20,8","13,5","13,3",62,59,62,89,"3,9","1,5"
2022/04/03,0400 UTC,0,"888,2","888,7","888,2",,"20,5","13,4","21,1","20,4","13,6","13,4",64,62,64,83,"3,7","1,2"
2022/04/03,0500 UTC,0,"887,7","888,2","887,7",,19,"13,5","20,8",19,"13,6","13,4",71,63,71,62,3,1
2022/04/03,0600 UTC,0,"887,3","887,7","887,3",,"19,1","13,7","19,3","17,1",14,"13,5",81,71,71,70,"2,6","1,4"
2022/04/03,0700 UTC,0,887,"887,3",887,,"20,4","13,9","20,4",19,"13,9","13,5",71,66,66,75,"3,6",2
2022/04/03,0800 UTC,0,887,887,887,,"19,9","13,8","20,6","19,8","13,9","13,7",68,65,68,88,"3,8","1,8"
2022/04/03,0900 UTC,0,"887,5","887,5",887,,"18,6","14,1","20,1","18,1","14,2","13,6",78,68,75,105,"3,3","1,5"
2022/04/03,1000 UTC,0,"887,9","887,9","887,5","74,1","20,5","12,9","20,6","18,6","14,1","12,9",75,61,61,89,"4,4","1,8"
2022/04/03,1100 UTC,0,"888,4","888,4","887,9","838,5","22,1","13,6","22,1","20,6","13,7","12,6",62,57,59,95,6,"3,4"
2022/04/03,1200 UTC,0,"888,7","888,7","888,4","1742,4","22,8","14,1","23,4","21,9","14,6","13,3",60,57,58,96,"8,3","4,4"
2022/04/03,1300 UTC,0,"888,8","888,9","888,7",2503,"24,3","14,9","24,4","22,6","15,3","13,7",60,55,56,80,"9,1","3,9"
2022/04/03,1400 UTC,0,"888,6","888,8","888,6","3098,3","25,3",15,"25,6","24,2","15,6","14,2",57,51,53,104,"7,8","3,7"
2022/04/03,1500 UTC,0,888,"888,6",888,3464,"26,4","13,3","26,9","25,3","15,5","12,7",53,42,44,87,"8,8","5,1"
2022/04/03,1600 UTC,0,"887,3",888,"887,2","3498,4","27,2","12,2","27,9","26,4","14,4","11,8",46,38,39,97,"9,4","4,8"
2022/04/03,1700 UTC,0,"886,5","887,3","886,5","2958,5","27,9","13,3","27,9","26,7","13,8","12,1",44,38,41,104,"9,6","3,8"
2022/04/03,1800 UTC,0,"885,8","886,5","885,8","2695,9","27,9","13,4","28,5","26,9","13,4","11,9",42,37,41,113,9,"3,9"
2022/04/03,1900 UTC,0,"885,7","885,9","885,7","2320,7","27,6","13,3","28,6",27,"13,9","12,3",42,38,41,90,"8,8",4
2022/04/03,2000 UTC,0,"885,8","885,8","885,6","1229,8",27,"12,8","28,2","26,2",14,"12,4",43,39,42,96,"9,5","3,7"
2022/04/03,2100 UTC,0,"885,9","885,9","885,7","416,8","25,3","12,9","27,1","25,3","13,3","12,6",46,41,46,120,"7,8","3,2"
2022/04/03,2200 UTC,0,"886,3","886,3","885,9","5,3","24,1","13,1","25,3","24,1","13,1","12,9",50,46,50,103,"7,8","2,6"
2022/04/03,2300 UTC,0,"886,9","886,9","886,3",,"23,4",13,"24,2","23,2","13,3","12,9",52,50,52,102,"5,4","2,6"
2022/04/04,0000 UTC,0,"887,4","887,5","886,9",,"22,6","13,3","23,4","22,5","13,4",13,56,52,56,108,"5,4","1,9"
2022/04/04,0100 UTC,0,"887,8","887,8","887,4",,22,"13,1","22,7","21,8","13,4",13,58,55,57,98,"5,9","2,4"
2022/04/04,0200 UTC,0,"887,9","887,9","887,8",,"21,7","12,5","22,1","21,4","13,2","12,5",59,55,56,96,"5,2","2,4"
2022/04/04,0300 UTC,0,888,888,"887,9",,"21,2","12,8",22,21,"12,8","12,4",59,54,59,108,"6,5","1,6"
2022/04/04,0400 UTC,0,"887,7",888,"887,7",,"20,7","13,2","21,1","20,3","13,2","12,8",62,59,62,116,4,"1,5"
2022/04/04,0500 UTC,0,"887,4","887,7","887,3",,"20,4","13,4","20,8","19,3","13,5",13,68,62,64,108,"3,6","1,9"
2022/04/04,0600 UTC,0,"887,4","887,4","887,3",,"20,5","13,5","20,9","20,4","13,7","13,3",65,62,64,116,"4,6","1,8"
2022/04/04,0700 UTC,0,"887,3","887,4","887,2",,"19,7","13,4","20,6","19,6","13,6","13,2",67,64,67,120,"3,4","1,7"
2022/04/04,0800 UTC,0,"887,4","887,5","887,3",,"19,2","13,3","19,8","19,1","13,4","13,3",69,67,69,108,"3,8","1,8"
2022/04/04,0900 UTC,0,"887,9","887,9","887,4",,"19,1","13,5","19,3","18,8","13,6","13,3",71,69,70,95,"3,8",2
2022/04/04,1000 UTC,0,"888,2","888,2","887,9","76,3","20,2","13,7","20,2",19,"13,7","13,5",70,66,66,78,"5,5","2,8"
2022/04/04,1100 UTC,0,"888,8","888,8","888,2","824,5","21,8","13,8",22,"20,2","14,2","13,5",66,60,61,90,"7,1","3,3"
2022/04/04,1200 UTC,0,"889,1","889,1","888,8","1727,3","23,2","14,5","23,2","21,8","14,5","13,8",62,56,58,71,9,"4,3"
2022/04/04,1300 UTC,0,"889,2","889,3","889,1","2500,7","24,2","14,5","24,4","23,2","14,8","14,1",58,54,55,78,9,"4,6"
2022/04/04,1400 UTC,0,"888,6","889,2","888,6",3059,26,"14,5",26,"24,2","15,1","13,3",56,47,49,61,8,"3,4"
2022/04/04,1500 UTC,0,888,"888,7",888,"3309,9","26,7","11,6","26,9","25,3","14,3","9,1",49,33,39,78,"7,2",3
2022/04/04,1600 UTC,0,"887,2",888,"887,2","2436,5","27,8","13,6","27,8","25,4","13,9","10,9",46,38,42,88,"6,1","3,1"
2022/04/04,1700 UTC,0,"886,6","887,2","886,6",3541,"27,6","11,7","28,3","26,9","13,6","11,5",42,36,37,37,6,"1,8"
2022/04/04,1800 UTC,0,886,"886,6",886,"2520,3","26,4","11,6","28,7","26,4",13,"11,4",43,35,40,132,"5,6","1,7"
2022/04/04,1900 UTC,0,"885,6",886,"885,6","2252,2","27,9",12,"28,3","26,2","12,8","10,8",41,34,37,116,"5,6","2,7"
2022/04/04,2000 UTC,0,"885,7","885,7","885,6","1243,7","26,8","11,7",28,"26,8","12,9","11,3",40,37,39,120,"5,7","2,7"
2022/04/04,2100 UTC,0,"885,6","885,7","885,6","267,5","25,1","11,6","26,8","25,1","12,4","11,3",44,39,43,118,"4,8","2,2"
2022/04/04,2200 UTC,0,"885,9","885,9","885,6","4,7","23,7","12,6","25,1","23,7","12,6","11,3",50,43,50,122,"4,8","1,8"
2022/04/04,2300 UTC,0,"886,6","886,6","885,9",,"23,1","13,3","23,7","23,1","13,4","12,7",54,50,54,110,"4,5","2,3"
2022/04/05,0000 UTC,0,"887,1","887,1","886,6",,"22,3","12,4","23,1","22,3","13,3","12,4",55,53,53,107,"4,5","2,2"
2022/04/05,0100 UTC,0,"887,7","887,7","887,1",,"21,9","12,1","22,4","21,9","12,6","12,1",55,53,54,125,"3,9","2,2"
2022/04/05,0200 UTC,0,888,888,"887,7",,"21,1","12,5","22,1","21,1","12,5","12,1",58,53,58,128,"3,9","1,7"
2022/04/05,0300 UTC,0,"888,2","888,2",888,,"20,6","12,7","21,1","20,4","12,7","12,4",61,58,61,125,"3,3","1,6"
2022/04/05,0400 UTC,0,"888,2","888,2","888,1",,"20,1","12,8","20,6",20,"12,9","12,6",63,61,63,124,"3,6","1,8"
2022/04/05,0500 UTC,0,"887,8","888,2","887,8",,"17,1","13,2","20,1","16,9","13,2","12,6",78,63,78,146,"3,6",1
2022/04/05,0600 UTC,0,"887,5","887,8","887,5",,"17,3","13,1","17,5","16,7","13,3","12,8",78,76,76,122,"2,5","1,6"
2022/04/05,0700 UTC,0,"887,1","887,5","887,1",,"18,4","12,3","18,4","16,4",13,"12,3",78,68,68,79,3,"1,4"
2022/04/05,0800 UTC,0,"887,2","887,2",887,,"19,3",12,"19,6","18,4","12,3","11,9",68,61,63,107,"3,1","1,6"
2022/04/05,0900 UTC,0,"887,4","887,4","887,2",,"19,3","11,7","19,5","17,6","12,2","11,7",69,61,62,90,"3,5",2
2022/04/05,1000 UTC,0,888,888,"887,4","71,6","20,5","12,1","20,5","19,2","12,1","11,6",62,59,59,99,"3,5","1,8"
2022/04/05,1100 UTC,0,"888,5","888,5",888,"818,9","22,8","12,2","22,8","20,5","12,6","11,9",59,50,51,86,"5,5","3,6"
2022/04/05,1200 UTC,0,889,889,"888,5","1729,2","23,5","13,1","23,5","22,6","13,3",12,54,50,52,88,"7,6","4,2"
2022/04/05,1300 UTC,0,"889,1","889,1","888,9","2495,6","25,2","13,3","25,5","23,4","14,1","12,8",53,46,48,87,"7,6","3,7"
2022/04/05,1400 UTC,0,"888,9","889,2","888,9","3081,6","26,5","14,3","26,6","24,9","14,5","12,4",50,43,47,61,"7,4","3,2"
2022/04/05,1500 UTC,0,"888,2","888,9","888,2",3558,"27,4","11,2","27,8","26,4","13,5","11,2",47,36,36,65,"6,7",3
2022/04/05,1600 UTC,0,"887,4","888,2","887,4","3482,3","27,5","9,5","28,4","27,1","12,2","9,3",39,32,32,139,"6,5","2,7"
2022/04/05,1700 UTC,0,"886,8","887,4","886,8","3257,6","28,7","10,5","28,8","27,5","11,4",9,36,30,32,96,"6,1","1,8"
2022/04/05,1800 UTC,0,"885,9","886,8","885,9","2621,7","28,3","10,5","28,9",27,"12,2","9,4",37,31,33,87,"6,3","2,2"
2022/04/05,1900 UTC,0,"885,7","885,9","885,6","2210,3","28,5","11,5","28,8","27,8","11,5","9,7",35,31,35,57,"6,7","2,5"
2022/04/05,2000 UTC,0,"885,5","885,7","885,5","1176,5","27,7","11,3","28,8","26,8","11,8","10,4",38,33,36,107,"6,4","2,4"
2022/04/05,2100 UTC,0,"885,7","885,7","885,5","257,1",26,"11,8","27,7",26,"11,8","11,1",41,36,41,80,"5,3","2,2"
2022/04/05,2200 UTC,0,"885,9","885,9","885,6","6,4","24,5","12,5",26,"24,5","12,6","11,8",47,41,47,110,"3,9","1,5"
2022/04/05,2300 UTC,0,"886,1","886,1","885,8",,"23,4",14,25,"23,2",14,"12,6",56,46,56,115,"6,1","1,6"
2022/04/06,0000 UTC,0,"886,7","886,7","886,1",,"21,7","13,6","23,4","21,7",14,"13,4",60,55,60,108,"3,4","1,4"
2022/04/06,0100 UTC,0,887,887,"886,7",,"19,5",14,"21,7","19,5","14,3","13,6",71,60,71,117,"2,6","1,2"
2022/04/06,0200 UTC,0,887,887,"886,9",,"19,1","14,3","19,5","18,7","14,6","14,1",76,71,74,125,"2,3","1,3"
2022/04/06,0300 UTC,0,887,"887,1","886,9",,"17,4","14,3","19,1","17,4","14,8","14,2",82,74,82,130,"2,3","1,1"
2022/04/06,0400 UTC,0,"886,7",887,"886,7",,"17,4","14,3","18,3","17,3","14,8","14,2",83,79,82,135,"2,1","0,9"
2022/04/06,0500 UTC,0,"886,4","886,7","886,4",,"17,6","14,6","17,9","17,3","14,6","14,1",83,80,82,104,"1,3","0,7"
2022/04/06,0600 UTC,0,"886,3","886,4","886,3",,"17,3","14,4",18,"17,2","14,6","14,2",84,80,84,137,"2,4","1,3"
2022/04/06,0700 UTC,0,"886,3","886,3","886,1",,"16,2","14,1","17,5","16,2","14,7","14,1",87,83,87,314,"1,5","0,6"
2022/04/06,0800 UTC,0,"886,5","886,5","886,3",,"16,6","14,5","16,7","16,1","14,8","14,1",89,87,88,306,"0,9","0,4"
2022/04/06,0900 UTC,0,887,887,"886,5",,"16,7","14,5",17,"16,3","14,7","14,2",88,86,87,149,"1,9","1,3"
2022/04/06,1000 UTC,0,"887,5","887,5",887,"77,3",20,"15,8",20,"16,7","15,8","14,6",87,77,77,135,"1,6","0,5"
2022/04/06,1100 UTC,0,"888,1","888,1","887,5","787,3","22,8","15,5","22,9",20,"15,7",15,77,62,63,131,"3,3","1,9"
2022/04/06,1200 UTC,0,"888,1","888,2","888,1","1587,6","24,7","15,2","25,2","22,8","15,9","14,6",63,54,56,125,5,"2,7"
2022/04/06,1300 UTC,0,"888,1","888,2","888,1","2261,4","26,5","15,9","26,6","24,6","16,4",15,57,51,52,141,"5,2","2,5"
2022/04/06,1400 UTC,0,"887,9","888,1","887,9","2388,5","26,2",15,"27,3","25,7","16,2","14,3",54,48,50,77,"6,3","2,5"
2022/04/06,1500 UTC,0,"887,5","887,9","887,5","2560,5",27,"14,8","28,3","25,7","15,8","12,5",52,39,47,112,"6,1",2
2022/04/06,1600 UTC,0,"886,8","887,5","886,8","2858,4",28,"13,2","28,9","26,9","15,3","11,9",48,36,40,110,"7,2","2,4"
2022/04/06,1700 UTC,0,"886,1","886,8","886,1","1978,1","28,4","13,7","28,7","27,2","14,9","12,7",44,38,40,171,"5,8","2,7"
2022/04/06,1800 UTC,0,"885,6","886,1","885,6","2341,1","29,4","12,5","29,7","27,2","14,8",12,44,34,35,104,"5,8","2,8"
2022/04/06,1900 UTC,0,"885,3","885,6","885,3","2125,9","28,9","13,4","29,6","28,5",14,"10,5",40,31,39,135,"5,5","2,4"
2022/04/06,2000 UTC,0,"885,5","885,5","885,3","1357,3","27,5","13,3","29,6","27,5","14,2","12,4",42,36,42,127,"6,3","3,4"
2022/04/06,2100 UTC,0,"885,6","885,6","885,4","93,9","25,7","13,8","27,5","25,6","14,2","13,3",49,42,48,135,"5,6","1,5"
2022/04/06,2200 UTC,0,"885,7","885,7","885,6","2,1",25,"14,8","25,8",25,"14,8","13,7",53,48,53,92,"4,1","2,1"
2022/04/06,2300 UTC,0,"886,2","886,2","885,7",,"24,5","14,6","25,3","24,2","14,8","14,6",55,52,54,88,"4,2","2,1"
2022/04/07,0000 UTC,0,"886,5","886,5","886,2",,"24,1","14,7","24,6","23,9","14,7","14,5",56,54,56,108,"4,2","2,2"
2022/04/07,0100 UTC,0,"886,7","886,7","886,5",,"23,2",15,"24,1","23,1",15,"14,6",60,56,60,117,"4,3","2,5"
2022/04/07,0200 UTC,0,"886,7","886,7","886,6",,"21,7","15,4","23,2","21,5","15,4","14,9",68,60,68,141,"4,3","2,1"
2022/04/07,0300 UTC,0,"886,7","886,8","886,6",,19,15,"21,9",19,"15,4","14,9",78,66,78,102,"3,4","0,8"
2022/04/07,0400 UTC,0,"886,1","886,7","886,1",,"20,4","15,8","20,4","17,9","15,8","14,8",84,75,75,106,"2,5","1,4"
2022/04/07,0500 UTC,0,"885,7","886,1","885,7",,"19,5","14,5","21,6","19,3","15,7","14,5",76,68,73,129,"3,3","1,6"
2022/04/07,0600 UTC,0,"885,6","885,7","885,5",,20,"14,8","20,2","18,3","15,5","14,5",81,72,72,105,"2,9","1,6"
2022/04/07,0700 UTC,0,"885,6","885,7","885,6",,"17,7",15,20,"17,2","15,5","14,4",87,72,84,158,"2,9",1
2022/04/07,0800 UTC,0,"885,8","885,8","885,5",,"17,2","14,9","18,6","16,8","15,6","14,5",87,82,87,130,"2,2",1
2022/04/07,0900 UTC,0,"886,2","886,2","885,8",,"17,7",15,"17,7","16,3","15,2","14,3",89,84,84,126,2,"1,5"
2022/04/07,1000 UTC,0,887,887,"886,2","65,7","19,5","15,1","19,6","17,7","15,2","14,4",84,74,75,99,"2,9","1,1"
2022/04/07,1100 UTC,0,"887,6","887,6",887,"785,6","23,7","15,3","23,7","19,6","15,6","14,8",75,58,59,92,"4,9",3
2022/04/07,1200 UTC,0,888,888,"887,6","1673,4","24,8","15,8","25,1","23,7","15,9","14,9",59,54,57,101,6,"3,2"
2022/04/07,1300 UTC,0,"888,1","888,1",888,"2435,2","26,1",16,"26,3","24,8","16,2","15,3",57,52,54,69,"6,1","3,5"
2022/04/07,1400 UTC,0,"887,7","888,2","887,7","2920,5","26,9","15,5","27,7","25,8","16,7","15,3",55,49,49,66,"6,3","2,9"
2022/04/07,1500 UTC,0,887,"887,7",887,"3156,3","27,4","15,1","28,6","26,3","16,5","14,9",51,44,47,85,"6,3","2,8"
2022/04/07,1600 UTC,0,"886,1",887,886,"3089,8","29,3",15,"29,6","27,3","16,1","13,8",48,40,42,7,6,"3,1"
2022/04/07,1700 UTC,0,"885,3","886,1","885,3","2685,7","28,7","14,2","29,7","27,9","15,6","13,5",45,38,41,42,6,"1,8"
2022/04/07,1800 UTC,0,"884,9","885,3","884,9","2019,7","28,5","14,1","29,8","28,2",15,"13,1",43,37,41,359,"5,4","2,8"
2022/04/07,1900 UTC,0,"884,5","884,9","884,5","2236,1","29,7","13,8","30,4","28,2","15,1","13,7",42,37,38,340,"5,3","1,8"
2022/04/07,2000 UTC,0,"884,4","884,6","884,3","855,5","28,1",14,"30,4","28,1","14,7","13,2",42,36,42,24,"4,3","1,5"
2022/04/07,2100 UTC,0,"884,9","884,9","884,4","95,3","26,1","15,5","28,1","26,1","16,1","14,1",54,42,52,62,"5,9","1,9"
2022/04/07,2200 UTC,0,"885,5","885,5","884,9",0,"24,8","16,1","26,2","24,8","16,3","15,5",59,52,58,229,"3,9","0,5"
2022/04/07,2300 UTC,0,"885,9","885,9","885,5",,"23,6","16,7","24,8","22,5","17,5","16,1",73,58,65,80,2,"1,2"
2022/04/08,0000 UTC,0,"886,5","886,5","885,9",,"21,3","16,4","24,1","21,3","16,7","16,2",74,63,74,251,"2,6","1,3"
2022/04/08,0100 UTC,0,"886,9","886,9","886,5",,"20,3","16,5","21,7","20,3","16,7","16,2",79,73,79,303,"2,5","0,6"
2022/04/08,0200 UTC,0,"887,1","887,1","886,8",,"19,9","16,6","20,5","19,9","16,9","16,4",81,79,81,198,"1,9","0,9"
2022/04/08,0300 UTC,0,"886,9","887,1","886,9",,"20,1","16,7","21,6","19,9","17,2","16,6",82,75,81,78,"2,2","0,7"
2022/04/08,0400 UTC,0,"886,7",887,"886,7",,"19,1","16,6","20,7",19,"17,1","16,4",86,79,86,351,"2,4","0,6"
2022/04/08,0500 UTC,0,"886,6","886,7","886,6",,"18,5","16,4","19,4","18,4","16,8","16,4",88,84,88,113,"2,4","0,4"
2022/04/08,0600 UTC,0,"886,5","886,7","886,5",,"19,3","17,3","19,6","18,4","17,3","16,4",89,85,88,85,"1,5","0,3"
2022/04/08,0700 UTC,0,"886,4","886,6","886,4",,"19,3","17,3","20,3","19,3","17,8","17,3",88,85,88,94,"1,5","0,5"
2022/04/08,0800 UTC,0,"886,6","886,6","886,4",,"18,5","16,7","19,6","18,5","17,7","16,5",90,87,89,132,"2,5","0,4"
2022/04/08,0900 UTC,0,"886,9","886,9","886,6",,21,"17,2",21,"18,5","17,6","16,7",90,79,79,80,"3,3","1,9"
2022/04/08,1000 UTC,0,"887,9","887,9","886,9","21,6","21,2","17,1","21,5",21,"17,3",17,79,76,78,61,5,"2,2"
2022/04/08,1100 UTC,"0,8","888,8","888,8","887,9","87,9","20,1","18,1","21,2","20,1","18,1","17,1",88,78,88,45,7,"2,4"
2022/04/08,1200 UTC,"0,2","889,3","889,3","888,8","392,5","20,6","18,7","20,8",20,"18,9","18,1",90,87,89,67,"5,2","2,3"
2022/04/08,1300 UTC,0,"889,6","889,7","889,3","1383,3","22,9","18,6","23,1","20,7","19,2","17,9",89,75,77,54,"6,1","2,9"
2022/04/08,1400 UTC,0,"889,5","889,8","889,5","2997,3","25,6","18,2","25,9","22,8","19,4","17,9",76,64,64,24,"6,9","3,7"
2022/04/08,1500 UTC,0,889,"889,5",889,"1751,2","24,4","17,7","25,6",24,"18,4","17,4",70,64,66,35,"6,9","2,9"
2022/04/08,1600 UTC,0,888,"889,1",888,"1975,2","24,9","17,2","25,9","24,1","18,3","16,8",67,60,62,16,"7,3","3,6"
2022/04/08,1700 UTC,0,"887,2",888,"887,1","2834,9","26,6",17,"27,1","24,8","17,7","16,1",62,53,55,9,"8,5","3,4"
2022/04/08,1800 UTC,0,"886,3","887,2","886,3","2879,2","27,4",16,"27,4","26,4","17,7","15,6",58,49,50,49,"6,5","2,3"
2022/04/08,1900 UTC,0,886,"886,3","885,9","2065,9","27,3","15,2","28,3",27,17,"15,1",53,47,48,45,"4,3",2
2022/04/08,2000 UTC,0,"885,9",886,"885,8","1127,5","26,3","14,7","28,1","26,3","16,4","14,7",50,45,49,20,"5,2",2
2022/04/08,2100 UTC,0,"886,3","886,3","885,9","130,7",23,"16,3","26,3",23,"16,9","14,6",67,49,66,36,"3,9","0,9"
2022/04/08,2200 UTC,0,"886,2","886,3","886,1",,"20,8","16,1",23,"20,6","17,2","15,9",79,66,75,262,"1,4","0,6"
2022/04/08,2300 UTC,0,"886,4","886,4","886,2",,21,"16,1","21,2","20,5","16,9","15,8",77,73,74,103,"0,9","0,3"
2022/04/09,0000 UTC,0,"886,9","886,9","886,4",,"20,4","16,2","21,7","20,2","16,6","15,5",78,68,77,166,"2,4","1,2"
2022/04/09,0100 UTC,0,"887,3","887,3","886,9",,"20,3","16,8","22,1","19,3","16,9","16,1",83,70,80,197,"2,4","0,8"
2022/04/09,0200 UTC,0,"887,6","887,6","887,3",,"21,2","16,6","21,5","19,4","16,7","15,7",81,71,75,162,"2,5","1,4"
2022/04/09,0300 UTC,0,"887,6","887,6","887,5",,"20,4",17,"21,2","20,1","17,2","16,3",81,75,81,200,"2,5","1,2"
2022/04/09,0400 UTC,0,"887,5","887,6","887,5",,"20,4","17,2","20,6","19,6","17,5","16,8",85,81,82,151,"2,1","1,2"
2022/04/09,0500 UTC,0,"887,1","887,5","887,1",,20,17,"20,6","19,2","17,5","16,8",86,81,83,143,"1,8",1
2022/04/09,0600 UTC,0,"887,1","887,1",887,,"18,2","16,8","19,9","18,1","17,2","16,6",92,83,92,5,"1,4",1
2022/04/09,0700 UTC,0,"887,1","887,2","887,1",,"18,1","16,8","18,4","17,8","17,1","16,5",93,92,92,94,"1,4","0,3"
2022/04/09,0800 UTC,0,"886,9","887,1","886,9",,"17,8","16,5","18,3","17,8","17,1","16,5",93,91,92,53,"1,9","0,6"
2022/04/09,0900 UTC,0,"887,4","887,4","886,9",,"17,4","16,4","18,1","17,4","16,8","16,2",94,92,94,308,"1,9","0,4"
2022/04/09,1000 UTC,0,888,888,"887,4","67,7","19,7","18,2","19,7","17,4","18,3","16,4",94,91,91,222,"0,7","0,1"
2022/04/09,1100 UTC,0,"888,8","888,8",888,"743,2","23,9","17,2","23,9","19,6","19,1","17,1",91,65,66,95,3,"1,6"
2022/04/09,1200 UTC,0,"889,3","889,3","888,7","1662,3","25,9","16,9","25,9","23,9","17,6","16,2",67,56,58,59,"5,1","2,1"
2022/04/09,1300 UTC,0,"889,3","889,4","889,2","2430,8",27,"16,9","27,1","25,1","17,3","16,3",61,53,54,87,"5,3","2,6"
2022/04/09,1400 UTC,0,"888,8","889,3","888,8","2999,8","27,6",16,"27,9","26,5","17,4","15,7",56,48,49,53,6,"2,5"
2022/04/09,1500 UTC,0,888,"888,8",888,3499,"29,2","15,7","29,4","27,4","17,1","14,9",51,44,44,11,"5,8",2
2022/04/09,1600 UTC,0,"887,2",888,"887,2","3231,7","28,6","14,2","29,9","28,3","16,4","13,2",46,39,41,92,5,"1,9"
2022/04/09,1700 UTC,0,"886,2","887,2","886,2","3210,7","30,6","13,3","30,9","28,6","15,4","12,7",43,35,35,93,"5,3","1,9"
2022/04/09,1800 UTC,0,"885,2","886,3","885,2",2769,"30,2","12,6","30,6","29,3","13,5","11,6",37,32,34,63,"5,8","2,1"
2022/04/09,1900 UTC,0,"884,6","885,3","884,6","656,1","27,6","14,9","30,2","27,6","15,6","13,2",46,34,46,32,"4,5","1,8"
2022/04/09,2000 UTC,0,"884,8","884,9","884,6","336,3",26,"16,8","27,8","25,9","17,4","14,4",57,44,57,268,"5,2","2,2"
2022/04/09,2100 UTC,0,885,885,"884,8","155,6","23,7","17,3",26,"23,7","17,6","16,7",68,57,67,270,"4,3","1,1"
2022/04/09,2200 UTC,0,"885,3","885,3",885,,"22,2","17,1","23,7","21,9","17,7","16,9",74,67,73,125,"1,9","0,2"
2022/04/09,2300 UTC,0,"886,2","886,2","885,3",,"24,3","17,4","24,5","22,1","17,4","16,6",73,63,65,185,"4,9","2,4"
2022/04/10,0000 UTC,0,"886,8","886,8","886,2",,"23,8","17,9","24,3","23,7","17,9","17,4",70,65,70,203,5,2
2022/04/10,0100 UTC,0,"886,6","886,8","886,5",,"22,8","17,6","23,8","22,7",18,"17,6",73,70,73,205,"6,1","2,1"
2022/04/10,0200 UTC,0,"886,4","886,6","886,4",,"22,4","17,6","22,9","22,4","17,6","17,4",74,72,74,200,"5,1","1,7"
2022/04/10,0300 UTC,0,"886,2","886,4","886,1",,"22,1","17,8","22,4","22,1","17,9","17,6",76,74,76,191,"4,8","1,7"
2022/04/10,0400 UTC,0,"885,8","886,2","885,8",,"21,4",18,"22,2","21,3","18,1","17,7",81,76,81,242,"4,4","0,7"
2022/04/10,0500 UTC,0,"885,4","885,8","885,4",,21,"18,4","21,4","20,8","18,4",18,85,81,85,13,"2,1","0,4"
2022/04/10,0600 UTC,0,"885,3","885,5","885,3",,"21,5",18,"21,9","20,9","18,5","17,9",85,79,80,158,"2,4","1,1"
2022/04/10,0700 UTC,0,"885,2","885,4","885,2",,"20,9","17,9","21,5","20,9","18,1","17,8",83,80,83,126,"2,5",1
2022/04/10,0800 UTC,0,"885,1","885,2","885,1",,"19,6","17,6","20,9","19,5",18,"17,4",89,83,88,167,2,1
2022/04/10,0900 UTC,0,"885,7","885,7","885,1",,"20,2","18,1","20,2","19,5","18,2","17,5",90,88,88,113,"2,3","1,5"
2022/04/10,1000 UTC,0,"886,2","886,3","885,6","69,1","20,9","18,2","20,9",20,"18,2","17,9",88,85,85,148,"2,4","1,3"
2022/04/10,1100 UTC,0,887,887,"886,2","791,4",23,"18,5",23,"20,9","18,7","18,2",85,75,76,184,"3,7","1,8"
2022/04/10,1200 UTC,0,"887,3","887,3","886,9",876,"23,7","17,9","23,7","22,8","18,6","17,8",76,70,70,133,"3,5","1,6"
2022/04/10,1300 UTC,0,"887,3","887,5","887,2","2311,8","26,1","17,6","26,4","23,7","18,6","16,9",71,57,59,87,"4,2","1,8"
2022/04/10,1400 UTC,0,"886,7","887,3","886,7","2585,8","27,3","17,4","27,6","25,8","18,6","16,4",61,53,55,44,"7,1","1,9"
2022/04/10,1500 UTC,0,"885,8","886,7","885,8","3003,5","28,9","15,1","29,2","26,3","17,7","15,1",57,43,43,358,"5,5","3,2"
2022/04/10,1600 UTC,0,"884,9","885,8","884,9","3663,9","29,4","13,7","30,1","28,2","15,8","13,7",44,38,38,345,6,"2,1"
2022/04/10,1700 UTC,0,"884,4","884,9","884,4","2303,8","28,7","15,2","30,2","28,4","15,6","13,7",44,38,44,107,"6,4","1,2"
2022/04/10,1800 UTC,0,"884,1","884,4","884,1","373,4","23,7","16,7","28,7","23,7","16,7","14,6",65,43,65,283,"7,6","2,9"
2022/04/10,1900 UTC,0,"883,8","884,1","883,7","539,6","24,2","17,4",25,"23,7","17,5","16,5",66,61,66,296,"6,5","2,1"
2022/04/10,2000 UTC,0,"884,2","884,2","883,7","445,5","24,4","17,7","24,4","23,4","17,8","17,3",71,66,66,273,"5,6","1,6"
2022/04/10,2100 UTC,0,"883,9","884,2","883,8","217,5",24,"17,1","24,9",24,"17,7","16,9",66,61,66,275,"3,2","1,1"
2022/04/10,2200 UTC,0,885,885,"883,9","1,8","23,4",17,"24,4","23,1","17,8","16,8",72,63,68,136,"6,6",4
2022/04/10,2300 UTC,0,"885,5","885,5","884,9",,"21,7","16,9","23,4","21,6","17,1","16,8",76,68,74,174,"6,9","1,6"
2022/04/11,0000 UTC,0,"885,5","886,4","885,5",,"19,8","15,9","21,8","19,8","17,4","15,3",78,70,78,90,"8,9",2
2022/04/11,0100 UTC,0,"885,5","885,6","885,2",,"19,8","17,2","21,5","19,3","17,5","15,9",86,77,85,7,"4,6","2,1"
2022/04/11,0200 UTC,0,"885,2","885,5","885,1",,20,"17,2",20,"18,7","17,2","16,6",89,84,84,155,"4,6","1,7"
2022/04/11,0300 UTC,0,"885,3","885,5","885,2",,"19,1","16,9","20,2","18,7","17,2","16,4",87,82,87,3,"3,2","0,6"
2022/04/11,0400 UTC,0,"885,1","885,3",885,,"19,1","16,9","19,7",19,"17,5","16,6",90,84,87,295,"2,2","0,6"
2022/04/11,0500 UTC,0,"884,8","885,1","884,8",,"19,7","17,7","19,7","18,9","17,7","16,8",89,86,88,175,"1,3","0,4"
2022/04/11,0600 UTC,0,"884,7","884,9","884,7",,"19,9",18,"20,1","19,6",18,"17,4",90,84,89,357,"1,9","1,4"
2022/04/11,0700 UTC,0,"884,2","884,7","884,1",,"19,5","17,4","20,2","19,5",18,"17,1",89,83,88,308,"1,9","0,7"
2022/04/11,0800 UTC,0,"884,5","884,5","884,1",,"20,5","17,2","20,5","19,4","17,6","16,8",89,81,82,129,"2,9","1,1"
2022/04/11,0900 UTC,0,"885,1","885,1","884,5",,20,"17,2","20,6",20,"18,3","17,2",87,82,84,46,"4,8","2,2"
2022/04/11,1000 UTC,0,"885,7","885,7","885,1","30,1","20,4","17,4","20,4","19,9","17,5","17,1",84,83,83,46,"4,4","1,1"
2022/04/11,1100 UTC,0,"886,1","886,1","885,7","403,3",22,"17,7",22,"20,4","17,8","17,1",83,76,76,14,"4,1","1,3"
2022/04/11,1200 UTC,0,"886,7","886,7","886,1","888,9","23,1","17,5","23,3",22,18,"16,6",76,68,70,7,3,"1,5"
2022/04/11,1300 UTC,0,"886,9","886,9","886,7","1576,1","25,5","16,5","26,1","23,1","17,9","16,5",71,57,57,59,"3,2","1,4"
2022/04/11,1400 UTC,0,"886,8",887,"886,8","2604,8","26,4",18,"27,4","25,4","18,9","16,9",61,56,60,94,"6,1","3,2"
2022/04/11,1500 UTC,0,886,"886,8",886,1810,"24,8",17,"27,8","24,8","18,3","16,9",63,53,62,236,"6,1","2,1"
2022/04/11,1600 UTC,0,"884,9",886,"884,9","1380,1","25,3","17,3","26,1","24,6","18,5","16,4",64,58,61,159,"4,4",2
2022/04/11,1700 UTC,0,"883,9","884,9","883,8","2722,6",27,"17,8","28,3","25,3","18,7","15,7",62,48,57,95,"5,7","2,6"
2022/04/11,1800 UTC,0,"883,8",884,"883,7","1338,1","24,6","17,9","26,9","24,6","18,3","17,2",68,56,66,31,"6,3","2,8"
2022/04/11,1900 UTC,0,884,"884,5","883,4","275,8","22,6","17,4","24,7","22,5","17,9",17,75,64,72,291,"6,1","1,6"
2022/04/11,2000 UTC,0,"883,9","884,1","883,7","94,4","23,2","17,4","23,2","22,6","17,5","16,8",72,68,70,207,"3,2","0,6"
2022/04/11,2100 UTC,0,"884,4","884,4","883,9","73,8","22,2","18,7","23,3",22,"18,8","17,3",81,69,81,165,"4,1","1,2"
2022/04/11,2200 UTC,0,"884,8","884,8","884,4",,"22,5","18,7","22,6","21,8",19,"18,5",83,79,79,120,"2,4","0,9"
2022/04/11,2300 UTC,0,"885,1","885,1","884,7",,"21,7","18,8","22,7","21,6","18,9","18,6",84,78,84,13,"2,9","0,6"
2022/04/12,0000 UTC,0,"885,8","885,8","885,1",,"20,9","18,2","22,3","20,9","18,9","18,1",84,79,84,172,"2,4","0,3"
2022/04/12,0100 UTC,0,"886,5","886,6","885,7",,22,"18,6",22,"20,5","18,6","17,9",87,81,81,265,4,"1,8"
2022/04/12,0200 UTC,0,"886,1","886,7","886,1",,"21,1",19,22,"21,1",19,"18,4",88,81,88,209,"3,7","1,8"
2022/04/12,0300 UTC,0,"886,1","886,3","886,1",,"20,6","18,7","21,1","20,3","19,1","18,7",91,88,89,162,"3,1",1
2022/04/12,0400 UTC,0,"885,8","886,1","885,8",,"20,5","18,4","20,7","20,3","18,8","18,3",90,87,88,278,"3,2","0,9"
2022/04/12,0500 UTC,0,"885,3","885,8","885,3",,"20,7","18,6","20,9","20,4","18,7","18,4",89,87,88,322,"1,5","0,8"
2022/04/12,0600 UTC,0,"885,3","885,3","885,2",,"20,8","18,5","20,9","20,3","18,9","18,2",90,85,87,183,"3,3","1,7"
2022/04/12,0700 UTC,0,885,"885,3",885,,"19,8",18,"20,8","19,7","18,5","17,9",90,85,90,180,"6,1",2
2022/04/12,0800 UTC,0,"885,2","885,2","884,9",,"19,7",16,"20,1","19,7",18,16,90,79,79,142,"4,1","1,9"
2022/04/12,0900 UTC,0,"885,8","885,8","885,2",,"19,5","16,8","19,7","19,4","16,8",16,85,79,85,133,"3,7","1,2"
2022/04/12,1000 UTC,0,"886,3","886,3","885,8","12,9","19,8","17,6","19,8","19,5","17,6","16,9",87,85,87,139,"2,8","1,4"
2022/04/12,1100 UTC,0,"887,1","887,1","886,3","149,8","20,6","18,1","20,6","19,8","18,3","17,6",88,86,86,135,"3,3",1
2022/04/12,1200 UTC,0,"887,7","887,8","887,1","572,3","21,9","18,6","21,9","20,6","18,7","18,1",86,81,82,140,"2,9","1,8"
2022/04/12,1300 UTC,0,"888,3","888,3","887,7",912,"22,7","18,9","22,7","21,8",19,"18,4",82,79,79,118,"4,6","2,2"
2022/04/12,1400 UTC,0,888,"888,3",888,"1356,9","23,6","17,9","23,8","22,4","19,2","17,8",80,69,70,87,4,"1,6"
2022/04/12,1500 UTC,0,"886,7",888,"886,7","2889,2","26,1",18,"26,5","23,6",19,"17,5",71,61,61,62,"5,7","2,1"
2022/04/12,1600 UTC,0,"885,8","886,7","885,8","3343,7","27,4","17,9","27,4","25,8","18,7","17,1",63,55,56,75,5,"2,2"
2022/04/12,1700 UTC,0,"884,7","885,8","884,7","3172,7","27,6","17,8","27,6","26,3","18,3","16,6",58,53,55,147,"5,3","1,6"
2022/04/12,1800 UTC,0,884,"884,7","883,9","1549,6","27,1","17,4","28,4","26,4","18,3","17,4",60,53,55,45,"4,8","2,1"
2022/04/12,1900 UTC,0,"884,3","884,3","883,8","625,6",23,"16,9","27,5",23,18,"16,8",72,55,68,331,"9,3",3
2022/04/12,2000 UTC,0,"883,9","884,3","883,8","677,9","24,2","17,6","24,6",23,"18,5","16,5",74,62,66,304,"5,2","2,5"
2022/04/12,2100 UTC,0,884,"884,2","883,9","338,4","22,9","18,2","24,5","22,9","18,6","17,2",75,64,75,337,"5,5","1,7"
2022/04/12,2200 UTC,0,"884,3","884,3",884,"1,1","21,5","17,3","22,9","21,4","18,2","17,2",77,75,77,284,"3,9","2,1"
2022/04/12,2300 UTC,0,885,885,"884,3",,"20,9","17,5","21,5","20,5","17,5","17,2",82,77,81,319,"3,8","1,6"
2022/04/13,0000 UTC,0,886,"886,1",885,,"19,3","17,3","20,9","19,3","17,5","17,1",88,80,88,312,"2,6","0,8"
2022/04/13,0100 UTC,0,"886,3","886,4",886,,"18,9","17,3",20,"18,9","17,8","17,1",90,86,90,251,"1,8","1,1"
2022/04/13,0200 UTC,0,"886,2","886,4","886,2",,"19,3","17,8","19,8","18,9","18,3","17,3",91,89,91,279,"2,2","0,6"
2022/04/13,0300 UTC,0,"886,3","886,5","886,2",,19,"17,6","19,8",19,"18,2","17,4",92,89,91,139,"1,6","0,3"
2022/04/13,0400 UTC,0,"886,1","886,3","886,1",,"18,7","17,4","19,3","18,7",18,"17,3",93,91,92,237,"2,1","0,6"
2022/04/13,0500 UTC,0,"885,3","886,1","885,3",,"18,3","17,2",19,"18,3","17,8","17,2",93,92,93,353,2,"0,9"
2022/04/13,0600 UTC,0,"885,4","885,4","885,3",,"18,4","17,5","18,4","18,2","17,5","17,1",94,93,94,324,"1,3","0,5"
2022/04/13,0700 UTC,0,"885,1","885,5","885,1",,"18,6",17,"18,7","18,2","17,7",17,94,91,91,145,"1,5","0,9"
2022/04/13,0800 UTC,0,"885,3","885,3","885,1",,"18,2",17,"19,6",18,"17,8","16,3",93,88,93,7,"1,9","0,2"
2022/04/13,0900 UTC,0,"885,8","885,8","885,2",,"19,4","17,9","19,4",18,18,"16,9",94,91,91,138,"1,7","1,2"
2022/04/13,1000 UTC,0,"886,1","886,1","885,8","48,5","18,7","17,6","19,4","17,9","17,7","16,4",94,89,93,56,"1,9","0,6"
2022/04/13,1100 UTC,0,"886,5","886,6","886,1","471,7","22,5","18,5","22,5","18,7","18,9","17,6",94,78,78,48,"1,3","0,4"
2022/04/13,1200 UTC,0,"886,7","886,7","886,4","1548,4","24,4","18,5","24,4","22,6","18,8","17,6",79,69,70,188,"3,8","2,1"
2022/04/13,1300 UTC,0,887,887,"886,7","2269,1","25,6","17,1","26,5","24,1","18,6","17,1",70,58,59,238,"3,8","1,4"
2022/04/13,1400 UTC,0,"886,5",887,"886,5","2149,3","27,8","17,8",28,25,"18,3","16,6",64,53,54,12,"3,5","1,6"
2022/04/13,1500 UTC,0,"885,6","886,5","885,6","2009,2","26,6","16,6","29,1","26,6","17,5","16,2",56,48,54,255,"3,7","0,9"
2022/04/13,1600 UTC,0,"885,2","885,6",885,"531,7",24,"18,6","26,9",24,"18,6","16,9",72,54,72,48,"4,1","1,5"
2022/04/13,1700 UTC,19,"884,4","885,5","884,4","95,7","18,9","17,2",24,"18,3","18,7","16,4",91,72,90,197,"10,2","2,2"
2022/04/13,1800 UTC,"1,4","882,8","884,4","882,8","424,7","22,1","19,8","22,1","18,9","20,2","17,4",92,87,87,95,"3,9","0,9"
2022/04/13,1900 UTC,"0,2","882,7","883,1","882,7","1609,3","23,5","19,3","23,5","22,1","20,4","18,9",87,77,77,334,"6,4","2,5"
2022/04/13,2000 UTC,0,"883,6","883,6","882,6","971,9","24,3","18,9","24,7","23,4","20,3","18,2",80,68,72,262,"4,8","0,8"
2022/04/13,2100 UTC,0,"884,2","884,4","883,6",62,20,"17,3","24,3",20,"18,9","17,3",86,72,85,179,"10,3","2,6"
2022/04/13,2200 UTC,0,"884,4","884,4","884,2",,20,"17,6","20,3","19,9","17,6","17,2",86,83,86,223,"5,8","1,4"
2022/04/13,2300 UTC,"0,2","885,1","885,1","884,4",,"19,9","17,9",20,"19,5","18,1","17,6",91,86,88,174,"3,7","1,7"
2022/04/14,0000 UTC,0,"885,6","885,7","885,1",,"19,6","18,3","20,1","19,4","18,3","17,7",92,86,92,202,"3,4","0,4"
2022/04/14,0100 UTC,"0,2","885,7","885,9","885,6",,"19,5","18,2","19,6","19,3","18,5","18,1",93,92,93,36,"2,4","0,6"
2022/04/14,0200 UTC,0,"885,5","885,7","885,5",,"18,7","17,7","19,5","18,7","18,2","17,7",94,93,94,303,"1,9","0,7"
2022/04/14,0300 UTC,0,"885,2","885,5","885,2",,"18,9","17,9","19,1","18,5","18,1","17,5",94,94,94,3,"1,1","0,8"
2022/04/14,0400 UTC,0,"885,1","885,2",885,,19,"18,1",19,"18,5","18,1","17,5",95,94,94,163,"1,9","0,9"
2022/04/14,0500 UTC,0,"884,6","885,1","884,6",,"19,1","18,1","19,1","18,4","18,1","17,4",94,94,94,154,"2,4",1
2022/04/14,0600 UTC,0,"884,5","884,6","884,4",,"18,8","17,6","19,4","18,7","18,1","17,3",94,90,93,161,"2,4","0,6"
2022/04/14,0700 UTC,0,"884,1","884,5","884,1",,"18,7","17,4","19,2","18,5",18,"17,4",93,91,93,164,"2,2","0,7"
2022/04/14,0800 UTC,0,"884,1","884,2",884,,"18,2","17,2","18,8","18,2","17,6","17,2",94,93,94,171,"1,4","0,7"
2022/04/14,0900 UTC,0,"884,5","884,5",884,,"18,1","16,7","18,7","17,9","17,6","16,7",94,92,92,156,"2,8","0,7"
2022/04/14,1000 UTC,0,"885,3","885,3","884,5","63,3","18,9","17,8","18,9","17,4","17,8","16,2",94,92,93,127,"1,1","0,6"
2022/04/14,1100 UTC,0,"885,9","885,9","885,3","745,4","22,8","17,6","23,1","18,9","18,8","17,6",94,72,72,147,"2,4","0,7"
2022/04/14,1200 UTC,0,"886,1","886,1","885,8","1601,9","23,5","17,8","23,7","22,7","18,2","16,9",74,69,70,165,4,"2,2"
2022/04/14,1300 UTC,0,"886,6","886,6","886,1","2330,8",25,"18,4","25,1","23,5","19,2","17,7",72,66,67,159,"4,7","1,8"
2022/04/14,1400 UTC,0,"886,3","886,7","886,3","2365,4","25,6","17,1","26,6","24,5","18,7","16,5",69,56,59,165,"5,6","2,1"
2022/04/14,1500 UTC,0,"885,3","886,3","885,3","1959,3","26,2","18,1","26,9",25,"18,5","16,4",65,56,61,161,"5,8","3,1"
2022/04/14,1600 UTC,0,"884,1","885,3","884,1","2562,3","27,2","17,3","27,7","24,3","18,5","16,6",68,53,55,199,"6,1","2,5"
2022/04/14,1700 UTC,0,"883,4","884,1","883,4","2799,8","28,3","16,6","28,3","26,8","17,8","15,2",56,46,49,176,"5,2","2,4"
2022/04/14,1800 UTC,0,"882,3","883,4","882,3","1902,5",28,"16,3","28,6","27,1","17,3","15,4",55,46,49,180,"5,8","2,6"
2022/04/14,1900 UTC,0,"882,4","882,4","882,1",1432,27,"16,3","29,2","26,6",17,"15,3",53,44,52,201,"6,3","2,8"
2022/04/14,2000 UTC,0,"882,8","882,8","882,3","904,2","26,9","16,8","28,1","26,6","16,8","15,5",54,48,54,183,"7,1","3,2"
2022/04/14,2100 UTC,0,"883,3","883,6","882,8",304,"24,8","16,8","26,9","24,8","17,3","16,6",62,54,61,195,"7,1","2,6"
2022/04/14,2200 UTC,0,"884,1","884,1","883,2","1,3","23,7","17,1","24,9","23,4","17,3","16,8",68,61,67,181,"5,2","1,4"
2022/04/14,2300 UTC,0,"884,7","884,7",884,,"23,4","17,3","23,8","23,4","17,5",17,69,66,69,181,"4,4","1,4"
2022/04/15,0000 UTC,0,"885,3","885,3","884,7",,23,"17,6","23,5","22,5",18,"17,4",75,69,72,197,"2,9","1,3"
2022/04/15,0100 UTC,0,"885,7","885,7","885,2",,"22,3","17,2","23,2","22,3","17,6","17,2",73,70,73,209,"5,4",3
2022/04/15,0200 UTC,0,"886,2","886,2","885,7",,"20,8","17,6","22,3","20,8","17,6","17,1",82,73,82,341,"5,8","2,2"
2022/04/15,0300 UTC,0,"886,1","886,2",886,,"19,5","17,6","20,7","19,5","17,8","17,6",89,82,89,320,"5,3","1,4"
2022/04/15,0400 UTC,0,"885,5","886,2","885,5",,"19,6","17,8","19,7","19,5","17,8","17,6",89,89,89,308,"3,3","1,3"
2022/04/15,0500 UTC,0,"884,6","885,5","884,6",,20,"17,4","20,1","19,4","17,8","17,4",90,85,85,188,"3,6","1,7"
2022/04/15,0600 UTC,0,884,"884,6",884,,"18,9",17,"20,1","18,9","17,4","16,9",89,84,89,200,"3,6","0,9"
2022/04/15,0700 UTC,0,"883,6",884,"883,6",,"19,4",17,"19,5","18,9","17,4",17,89,86,86,200,"4,3","1,9"
2022/04/15,0800 UTC,0,"883,6","883,6","883,5",,"18,9",17,"19,4","18,4",17,"16,5",90,86,89,210,"3,9","1,9"
2022/04/15,0900 UTC,0,"883,9","883,9","883,6",,"18,7","16,9","19,1","18,6","17,1","16,7",89,87,89,191,"4,2","1,5"
2022/04/15,1000 UTC,0,"884,6","884,6","883,9","50,8",19,"16,9",19,"18,5","16,9","16,7",89,87,87,188,"4,7",2
2022/04/15,1100 UTC,0,"885,4","885,4","884,6",587,20,"17,1","20,1","18,9","17,4","16,8",88,83,83,177,6,"2,4"
2022/04/15,1200 UTC,0,886,886,"885,4","858,5","20,2","17,4","20,5",20,"17,5","16,9",85,82,84,164,6,2
2022/04/15,1300 UTC,0,"886,3","886,3",886,"1854,7","22,9","17,2","22,9","20,1","17,9","16,9",84,69,70,167,"5,8","2,6"
2022/04/15,1400 UTC,0,"886,2","886,5","886,1","2966,3","24,7","16,2","25,6","22,8","17,9","16,2",70,59,59,141,"5,8","2,3"
2022/04/15,1500 UTC,0,"885,6","886,2","885,5","2476,1","25,7",17,"25,7","23,9","17,7","16,3",65,58,59,174,"5,1","1,7"
2022/04/15,1600 UTC,0,"884,7","885,6","884,7","1862,2","26,2","16,8","26,6","24,4","17,3",16,63,54,56,152,"4,4","1,4"
2022/04/15,1700 UTC,0,"884,2","884,7","884,2","936,8","25,7",16,"26,3","25,3","16,8","15,5",58,52,55,258,"6,1","1,3"
2022/04/15,1800 UTC,0,"883,3","884,1","883,3","1303,4","27,2","17,2","27,2","24,4",18,"15,6",66,53,55,264,"4,5","1,2"
2022/04/15,1900 UTC,0,"883,3","883,3","883,2","1349,1","26,9","16,5","27,6","25,9","17,5","15,7",57,52,53,237,"4,2","1,7"
2022/04/15,2000 UTC,0,"883,4","883,4","883,2","821,3","25,6","16,1","26,9","25,5","16,7","15,8",58,52,56,224,"5,6","2,8"
2022/04/15,2100 UTC,0,"884,1","884,1","883,4","150,9","22,5","17,2","25,7","22,5","17,4","16,1",72,56,72,355,"5,1","1,7"
2022/04/15,2200 UTC,0,"884,6","884,6","884,1",,"22,8","16,9","22,8","21,6","17,1","16,7",75,69,70,198,5,"1,6"
2022/04/15,2300 UTC,0,"885,1","885,1","884,6",,"22,4","16,9","22,9","22,4",17,"16,7",71,68,71,200,"3,6","1,5"
2022/04/16,0000 UTC,0,"885,9","885,9","885,1",,"21,8","17,2","22,7","21,8","17,2","16,8",75,69,75,212,"4,1","0,9"
2022/04/16,0100 UTC,0,"885,9",886,"885,8",,"22,2","16,7","22,6","21,8","17,2","16,7",75,70,71,179,"4,9","2,4"
2022/04/16,0200 UTC,0,"886,1","886,1","885,9",,"21,1","16,4","22,2",21,"16,7","16,4",75,71,75,176,"5,5","1,8"
2022/04/16,0300 UTC,0,"886,1","886,2",886,,"20,4","15,8","21,1","20,4","16,3","15,8",76,74,75,182,"4,7",2
2022/04/16,0400 UTC,0,"885,9","886,2","885,9",,"19,7","15,6","20,4","19,7","15,9","15,6",77,75,77,184,"5,1","2,2"
2022/04/16,0500 UTC,0,"885,4","885,9","885,3",,"19,1","15,6","19,7",19,"15,7","15,5",81,77,80,181,"4,6","2,1"
2022/04/16,0600 UTC,0,885,"885,4",885,,"18,8","15,2","19,1","18,6","15,6","15,2",81,79,79,183,"4,2","2,1"
2022/04/16,0700 UTC,0,"885,1","885,1","884,8",,"18,1","15,2","18,8",18,"15,2",15,83,79,83,179,"4,1","1,2"
2022/04/16,0800 UTC,0,"884,9","885,1","884,8",,"17,7","14,9","18,3","17,7","15,2","14,9",84,82,84,172,"4,1","1,4"
2022/04/16,0900 UTC,0,"885,5","885,5","884,9",,"17,4","14,8","17,8","17,3",15,"14,8",86,84,85,153,4,"1,9"
2022/04/16,1000 UTC,0,"886,3","886,3","885,5","54,2","17,7",15,"17,7","17,1",15,"14,8",87,84,84,166,"4,3","1,5"
2022/04/16,1100 UTC,0,"886,9","886,9","886,3",738,20,"14,3",20,"17,7",15,"14,1",84,69,70,146,5,"3,2"
2022/04/16,1200 UTC,0,"887,5","887,5","886,9",1623,"21,7","13,6",22,20,"14,8","13,5",70,60,60,144,"5,8","3,1"
2022/04/16,1300 UTC,0,"887,9","887,9","887,4","2387,6","23,7",15,"23,9","21,7","15,4","13,3",61,54,58,132,"6,3","2,3"
2022/04/16,1400 UTC,0,"887,6","887,9","887,6","2952,4","24,2","15,7","24,3","23,2","16,1","14,7",63,57,59,117,"6,3","2,2"
2022/04/16,1500 UTC,0,"887,2","887,6","887,2","3272,4","25,8","15,7","25,9","23,7","16,1","14,7",60,52,54,116,"5,2","2,2"
2022/04/16,1600 UTC,0,"886,4","887,2","886,4","3511,5","25,9","14,1","26,7","25,2",16,"14,1",55,46,48,155,"5,6",2
2022/04/16,1700 UTC,0,"885,2","886,4","885,2",2201,"27,1","14,3","27,6","25,1","15,6","12,5",54,43,45,46,"5,1",1
2022/04/16,1800 UTC,0,"884,6","885,2","884,6","2626,9","27,3","13,6","28,6","26,5","14,8","11,7",47,37,43,153,"4,6","1,9"
2022/04/16,1900 UTC,0,"884,2","884,6","884,2","1494,7","27,2","12,9","27,8",26,"14,5","12,3",46,40,41,188,"6,2",3
2022/04/16,2000 UTC,0,"884,4","884,5","884,2","944,9","26,4","12,4","27,2","26,2","13,7",12,45,40,42,148,"6,2","2,5"
2022/04/16,2100 UTC,0,"884,8","884,8","884,4","323,9","24,5","12,8","26,5","24,5","12,8","11,4",48,40,48,152,"5,2","2,2"
2022/04/16,2200 UTC,0,"885,5","885,5","884,8",,"21,3","14,5","24,5","21,3","14,5","12,9",65,48,65,150,"3,6","0,9"
2022/04/16,2300 UTC,0,"886,1","886,1","885,5",,"20,2",14,"21,8","20,1","14,5","13,9",69,61,68,175,3,"1,1"
2022/04/17,0000 UTC,0,"886,9","886,9","886,1",,"20,2","14,1",21,"19,3","14,5","13,9",71,65,68,195,"3,3","1,5"
2022/04/17,0100 UTC,0,"887,3","887,3","886,9",,"20,6","13,4",21,"19,8","14,2","13,4",69,63,64,149,"4,4","1,7"
2022/04/17,0200 UTC,0,"887,4","887,4","887,2",,"19,9","13,5","20,7","19,9","13,6","13,3",67,63,67,173,"4,4","1,6"
2022/04/17,0300 UTC,0,"887,3","887,4","887,3",,"19,2","13,5","19,9","19,2","13,7","13,5",70,67,70,143,"4,1","1,9"
2022/04/17,0400 UTC,0,"886,9","887,3","886,9",,"18,2","13,5","19,4","18,2","13,7","13,5",74,70,74,155,"3,6",1
2022/04/17,0500 UTC,0,"886,5","886,9","886,5",,"18,5","14,2","18,9","17,6","14,3","13,4",77,71,76,155,"3,8","0,4"
2022/04/17,0600 UTC,0,886,"886,5","885,9",,"18,4","13,4","19,1","18,4",14,"13,4",76,70,72,155,"3,3","1,6"
2022/04/17,0700 UTC,0,"885,8","886,1","885,8",,18,"13,8","18,7","17,6","13,9","13,4",77,71,76,150,"2,9",1
2022/04/17,0800 UTC,0,"885,8","885,9","885,8",,"18,3","13,5","18,4","16,8","14,3","13,4",82,73,74,166,"2,2","1,2"
2022/04/17,0900 UTC,0,"886,4","886,4","885,8",,"17,8","14,4","18,3","17,8","14,5","13,5",81,74,81,134,"2,2","0,7"
2022/04/17,1000 UTC,0,"887,1","887,1","886,4","32,4","18,6","14,8","18,6","17,7","15,1","14,2",81,78,79,171,"2,3","0,9"
2022/04/17,1100 UTC,0,"887,5","887,5","887,1","291,8","19,4",16,"19,4","18,6",16,"14,5",80,76,80,129,4,"2,1"
2022/04/17,1200 UTC,0,"887,9","887,9","887,5","811,4","20,3","16,8","20,7","19,4","17,3","16,1",83,78,80,105,"6,3","3,1"
2022/04/17,1300 UTC,0,"888,2","888,2","887,9","1875,2","22,9",17,"22,9","20,3","17,9","16,1",80,70,70,93,7,4
2022/04/17,1400 UTC,0,"888,2","888,2","888,1","2373,8","24,2","16,4","24,5","22,2","17,2","15,9",71,62,62,105,"7,4","3,2"
2022/04/17,1500 UTC,0,"887,6","888,3","887,6","2388,9","24,9","16,2","25,2","22,9","16,5","14,9",66,55,59,95,"6,8","3,7"
2022/04/17,1600 UTC,0,"887,2","887,6","887,2","2979,8","25,6","15,4","25,9","24,7","16,3","15,1",59,52,53,58,"7,2","2,5"
2022/04/17,1700 UTC,0,"886,3","887,2","886,3","2725,7","24,9","14,7","26,7","24,9","16,2","14,5",56,50,53,83,"6,4","2,9"
2022/04/17,1800 UTC,0,"885,5","886,3","885,5","1505,9","25,8","15,9","26,3","24,8","16,4","14,7",55,51,54,81,"5,9","2,1"
2022/04/17,1900 UTC,0,"884,9","885,5","884,9","1136,7",26,"15,1","26,2","24,9","16,1","14,9",56,51,51,90,"4,8","2,5"
2022/04/17,2000 UTC,0,"885,1","885,1","884,9","876,6","24,5","15,4","26,6","24,5",16,"14,5",57,50,57,127,"6,3","3,1"
2022/04/17,2100 UTC,0,"885,2","885,3","885,1",160,"23,7","15,3","24,5","23,5","15,7","15,3",60,57,60,100,"6,3","2,9"
2022/04/17,2200 UTC,0,"885,8","885,8","885,2",,"22,5","15,5","23,7","22,5","15,6","15,3",65,59,64,92,"5,4","2,3"
2022/04/17,2300 UTC,0,"886,3","886,3","885,8",,22,"15,9","22,6","21,9","15,9","15,4",69,64,69,95,"5,4",3
2022/04/18,0000 UTC,0,"887,2","887,2","886,3",,"21,4",16,22,"21,3","16,1","15,9",72,69,72,97,"5,6","3,1"
2022/04/18,0100 UTC,0,"887,7","887,7","887,2",,"20,6","16,1","21,4","20,6","16,1","15,9",75,72,75,115,"5,1","2,4"
2022/04/18,0200 UTC,0,"887,9","887,9","887,6",,20,16,"20,7",20,"16,1",16,78,75,78,97,"5,4","1,5"
2022/04/18,0300 UTC,0,"887,7","887,9","887,7",,"19,3",16,"20,1","18,9","16,3","15,7",83,78,81,118,"3,6","1,3"
2022/04/18,0400 UTC,0,887,"887,7",887,,"19,4","16,1","19,4",19,"16,2",16,83,81,81,108,"3,9",2
2022/04/18,0500 UTC,0,"886,6","886,9","886,6",,"19,3","16,4","19,6","19,1","16,4",16,84,81,83,79,"4,6","2,1"
2022/04/18,0600 UTC,0,"886,2","886,6","886,2",,19,"16,5","19,4","18,9","16,7","16,3",86,83,86,105,4,"1,9"
2022/04/18,0700 UTC,0,886,"886,2",886,,"18,8","16,7","19,1","18,6","16,7","16,3",88,85,87,97,"5,1","2,6"
2022/04/18,0800 UTC,0,"886,1","886,2",886,,"18,7","16,8","18,9","18,6","16,8","16,6",89,87,89,100,"5,3","2,8"
2022/04/18,0900 UTC,0,"886,6","886,6","886,1",,"18,3","16,9","18,7","18,3","16,9","16,7",91,89,91,100,5,"2,4"
2022/04/18,1000 UTC,0,"887,5","887,5","886,6","14,7","18,2","16,9","18,3",18,17,"16,8",93,91,92,113,"5,3","1,8"
2022/04/18,1100 UTC,0,"888,1","888,1","887,5","288,3",19,"16,9",19,"18,2","17,1","16,8",92,88,88,69,"5,5","2,6"
2022/04/18,1200 UTC,0,"888,6","888,6","888,1","854,2",20,"17,1","20,1","18,9","17,3","16,8",88,83,84,77,"5,3","2,8"
2022/04/18,1300 UTC,0,"889,1","889,1","888,6","2129,6","22,1",17,"22,3","19,9","17,6","16,7",84,73,73,81,"5,9","2,2"
2022/04/18,1400 UTC,0,889,"889,2",889,"2627,3",23,"16,9","23,6","21,7","17,9","16,4",76,67,69,72,"6,4","2,9"
2022/04/18,1500 UTC,0,"888,4","889,1","888,4","3069,3",24,"16,3","24,9","22,9","17,4","15,7",69,58,62,116,"5,7","2,9"
2022/04/18,1600 UTC,0,"887,9","888,4","887,9","3326,9","25,8","15,9","26,2",24,"17,6","15,1",64,51,54,98,"7,1","3,1"
2022/04/18,1700 UTC,0,"887,2","887,9","887,2","3037,3","26,2","13,9","26,9",25,"16,2","13,5",56,46,47,65,"7,1","2,3"
2022/04/18,1800 UTC,0,"886,5","887,2","886,5","2186,7","25,8","14,1","27,1","25,5","15,5","13,6",52,45,48,94,5,"2,5"
2022/04/18,1900 UTC,0,"886,1","886,5",886,"1872,6","26,7","13,9","27,5","25,7","15,1","12,8",49,43,46,133,"5,9","2,8"
2022/04/18,2000 UTC,0,"885,9","886,1","885,8","968,7","25,2","14,5","26,9","25,2","14,6","12,6",52,42,52,101,"4,7","2,2"
2022/04/18,2100 UTC,0,"886,1","886,1","885,9","85,5","23,7","14,5","25,2","23,7","14,6","13,8",57,51,57,116,"4,7","2,1"
2022/04/18,2200 UTC,0,"886,4","886,4","886,1",,"22,7","15,2","23,7","22,7","15,4","14,5",63,57,63,112,4,2
2022/04/18,2300 UTC,0,"887,2","887,2","886,4",,"22,3","15,5","22,7",22,"15,5","15,2",66,63,66,88,5,"2,7"
2022/04/19,0000 UTC,0,"887,9","887,9","887,2",,"21,4","15,5","22,3","21,4","15,6","15,4",69,66,69,90,"5,1","2,7"
2022/04/19,0100 UTC,0,"888,1","888,2","887,9",,21,"15,5","21,5","20,8","15,6","15,4",71,69,71,93,"5,2","2,8"
2022/04/19,0200 UTC,0,"888,1","888,2","888,1",,"20,3","15,4",21,"20,3","15,5","15,3",74,71,74,95,"5,9","2,7"
2022/04/19,0300 UTC,0,"888,3","888,3","888,1",,"19,6","15,4","20,3","19,5","15,5","15,3",77,74,77,79,"4,7","1,2"
2022/04/19,0400 UTC,0,"887,7","888,3","887,7",,"19,4","15,3","19,6","18,7","15,4",15,80,77,77,67,"3,8","1,9"
2022/04/19,0500 UTC,0,"887,2","887,7","887,2",,"19,2","14,8","19,5",19,"15,2","14,8",77,76,76,72,"4,7","2,4"
2022/04/19,0600 UTC,0,"886,9","887,2","886,9",,"18,4","14,5","19,3","18,4","14,8","14,5",78,75,78,76,"4,7","1,2"
2022/04/19,0700 UTC,0,"886,8",887,"886,7",,"18,5","14,6","18,9","18,4","14,8","14,5",78,77,78,76,"3,5","1,6"
2022/04/19,0800 UTC,0,"886,7","886,9","886,7",,"18,4","15,3","18,8","18,2","15,3","14,6",82,78,82,77,"5,4","2,8"
2022/04/19,0900 UTC,0,"887,1","887,1","886,7",,"17,6","15,3","18,5","17,6","15,4","15,2",86,82,86,102,"5,3",2
2022/04/19,1000 UTC,0,888,888,"887,1","52,8","18,4","15,6","18,4","17,3","15,6","15,1",88,84,84,62,"4,9","2,2"
2022/04/19,1100 UTC,0,"888,6","888,6",888,"753,2","19,8","15,7","20,1","18,4","16,2","15,5",84,77,78,67,"6,5","3,5"
2022/04/19,1200 UTC,0,"889,1","889,1","888,6","1557,2","20,9",16,"21,1","19,8","16,4","15,7",78,73,74,71,"6,3","2,9"
2022/04/19,1300 UTC,0,"889,6","889,7","889,1","2092,8","22,5",16,"22,5","20,6","16,6","15,6",74,67,67,80,"7,8","4,3"
2022/04/19,1400 UTC,0,"889,6","889,7","889,5","2615,9","23,8","14,9","24,3","22,3","16,2","14,5",67,55,57,71,8,"3,4"
2022/04/19,1500 UTC,0,"889,1","889,6",889,"2979,8","24,6","14,3","25,3","23,1","15,7","13,6",59,49,53,90,"7,2","3,5"
2022/04/19,1600 UTC,0,888,"889,1",888,2457,"24,6","14,2","25,3",24,"15,3","13,2",55,47,53,83,"6,7","2,6"
2022/04/19,1700 UTC,0,"887,4",888,"887,4",2991,"26,3","13,6","26,4","24,6","14,7","13,2",53,44,46,75,"7,6","2,7"
2022/04/19,1800 UTC,0,"886,5","887,4","886,5","2285,4",26,"13,1","27,4","24,7","14,2","12,2",48,42,45,75,"6,2","1,9"
2022/04/19,1900 UTC,0,"886,5","886,6","886,4","1513,6","25,5","12,3","27,1","25,3","14,2","11,5",47,41,44,132,"5,8","2,7"
2022/04/19,2000 UTC,0,"886,9","886,9","886,5","826,4","25,4",12,"25,9","25,1","12,6","10,4",44,39,43,130,"5,5","2,5"
2022/04/19,2100 UTC,0,"887,2","887,2","886,9","351,3","23,5","12,6","25,5","23,5","12,9","11,7",51,43,50,110,"5,3","2,4"
2022/04/19,2200 UTC,0,"887,4","887,4","887,1",,"22,8","13,1","23,6","22,5","13,1","12,6",55,50,54,107,"5,2",2
2022/04/19,2300 UTC,0,888,888,"887,4",,"21,4","14,2","22,8","21,3","14,2",13,64,54,64,115,"4,1",2
2022/04/20,0000 UTC,0,"888,3","888,3",888,,21,"13,8","21,7","20,9","14,3","13,7",64,61,64,111,"4,7","2,4"
2022/04/20,0100 UTC,0,"888,6","888,6","888,3",,"20,2","13,8",21,"20,1","13,8","13,6",67,64,67,117,"4,2","1,9"
2022/04/20,0200 UTC,0,"888,7","888,7","888,5",,"19,6","13,6","20,3","19,5","13,8","13,5",68,65,68,118,"5,5","1,9"
2022/04/20,0300 UTC,0,"888,5","888,7","888,5",,"19,2","13,8","19,6",19,"13,8","13,6",71,68,71,112,"4,3",2
2022/04/20,0400 UTC,0,888,"888,5",888,,"18,6","13,7","19,2","18,6","13,9","13,7",73,71,73,114,"4,2","1,7"
2022/04/20,0500 UTC,0,"887,8",888,"887,8",,"18,9","13,5",19,"18,5","13,8","13,4",73,71,71,109,"4,9","2,5"
2022/04/20,0600 UTC,0,"887,4","887,8","887,4",,"17,2","12,7",19,"17,2","13,4","12,7",75,70,75,129,"4,5","1,3"
2022/04/20,0700 UTC,0,"887,2","887,4","887,2",,"17,5","12,8","17,6","16,6","13,4","12,7",79,74,74,102,"4,1","1,8"
2022/04/20,0800 UTC,0,"887,3","887,4","887,2",,"17,7","12,8","17,8","17,2",13,"12,5",74,73,73,82,"4,1",2
2022/04/20,0900 UTC,0,"887,7","887,8","887,3",,"17,4","12,8","18,1","17,4","12,8","12,4",74,71,74,115,"4,7","1,6"
2022/04/20,1000 UTC,0,"888,2","888,2","887,7","52,5","18,3","12,5","18,3",17,"12,8","12,5",75,69,69,103,"4,2","1,6"
2022/04/20,1100 UTC,0,"888,7","888,7","888,2","768,4",20,"13,2",20,"18,3","13,4","12,5",69,65,65,95,"7,1","3,2"
2022/04/20,1200 UTC,0,"889,2","889,2","888,7",1653,"21,7","13,6","21,9",20,"14,1","13,2",66,60,60,96,"6,9","3,1"
2022/04/20,1300 UTC,0,"889,4","889,5","889,2","2420,7","23,2","13,9","23,5","21,5","14,4","13,3",61,54,56,88,7,4
2022/04/20,1400 UTC,0,"889,1","889,5","889,1","2986,5","24,7","13,7","25,1","23,2","14,6","13,6",56,49,50,58,7,"3,1"
2022/04/20,1500 UTC,0,"888,5","889,1","888,4","3289,6","26,1","12,1","26,2","24,5","14,3","11,9",52,42,42,78,"6,8","2,9"
2022/04/20,1600 UTC,0,"887,7","888,5","887,7","3330,4",27,12,"27,3","25,7","12,9","10,4",44,36,40,61,"7,5",3
2022/04/20,1700 UTC,0,"887,2","887,7","887,2","3282,7","27,4","10,5","27,8","26,4","11,9","10,1",40,33,35,100,"6,7","2,8"
2022/04/20,1800 UTC,0,"886,4","887,2","886,3","1799,4","27,3","9,5","27,9","25,7","10,8","8,2",37,31,33,191,"5,8","1,1"
2022/04/20,1900 UTC,0,886,"886,4",886,"1795,1","27,1","9,1","27,9","26,3","9,8",8,34,30,32,66,"6,1","1,4"
2022/04/20,2000 UTC,0,"886,3","886,3",886,"944,4","25,6","9,2","27,3","25,6","9,8","8,5",37,32,36,133,"5,3","1,8"
2022/04/20,2100 UTC,0,"886,5","886,5","886,3","210,6","24,1","9,9",26,"24,1","10,3","8,8",41,34,41,110,"4,1","1,8"
2022/04/20,2200 UTC,0,"886,9","886,9","886,5",,"22,9","10,4","24,2","22,7","11,4","9,8",49,40,45,110,"3,8","1,6"
2022/04/20,2300 UTC,0,"887,5","887,5","886,9",,"20,9","12,2","23,3","20,9","12,2","10,1",58,44,58,131,"4,2","1,1"
2022/04/21,0000 UTC,0,888,888,"887,5",,"21,2","12,5","21,2","18,8","13,7","11,7",71,57,58,150,"2,6","1,4"
2022/04/21,0100 UTC,0,"888,2","888,2",888,,"18,6","12,9","21,8","18,6","13,2","11,2",70,51,70,129,"2,9",1
2022/04/21,0200 UTC,0,"888,1","888,2","888,1",,"17,7","11,9","20,5","17,7",13,"11,7",72,58,69,122,"3,1","1,2"
2022/04/21,0300 UTC,0,888,"888,1",888,,"20,3","11,8","20,3","17,4","12,7","11,7",72,58,58,108,"4,4","2,1"
2022/04/21,0400 UTC,0,"887,5","888,1","887,5",,"19,5","11,6","20,4","19,4","11,8","11,5",61,57,60,101,"4,8","2,3"
2022/04/21,0500 UTC,0,"887,2","887,5","887,2",,"19,5","11,3","19,5","19,1","11,7","11,3",62,59,59,95,"4,4","2,3"
2022/04/21,0600 UTC,0,887,"887,2","886,9",,"14,6","11,3","19,5","14,6","11,4","11,1",81,59,81,134,"3,9",1
2022/04/21,0700 UTC,0,887,"887,1",887,,"14,8","11,9",15,"13,9",12,"11,3",85,81,83,164,"1,5","0,4"
2022/04/21,0800 UTC,0,"887,1","887,1",887,,"14,4","12,1","14,9","13,5","12,1","11,3",88,81,86,214,"1,2","0,8"
2022/04/21,0900 UTC,0,"887,5","887,5","887,1",,"17,3",11,"17,3","14,4","12,3",11,86,67,67,118,"2,8","1,8"
2022/04/21,1000 UTC,0,"888,2","888,2","887,5","56,2","15,7","11,7","17,4","14,3","11,7","10,2",81,65,77,138,3,"1,2"
2022/04/21,1100 UTC,0,"888,7","888,7","888,2","756,1","20,5","11,8","20,5","15,7","12,1","11,5",77,57,57,121,"5,1","1,7"
2022/04/21,1200 UTC,0,"888,8","888,8","888,7","1637,3","22,4","12,4","22,4","20,1","12,5",11,58,51,53,88,7,"3,3"
2022/04/21,1300 UTC,0,889,"889,1","888,8","2413,6","23,9","12,5","24,2","22,4","12,6","11,4",53,46,49,85,"7,6","3,7"
2022/04/21,1400 UTC,0,"888,5",889,"888,5","2972,8","25,1","12,3","25,2","23,8","12,9","11,5",49,43,45,108,"7,5","4,3"
2022/04/21,1500 UTC,0,"887,7","888,6","887,7","3244,1","26,6","12,6","26,6","24,8","13,1","11,3",46,40,42,65,"8,1","2,8"
2022/04/21,1600 UTC,0,887,"887,7",887,"2940,7","26,2","12,1","26,7","25,3","12,3","10,7",44,39,42,99,"7,5","2,1"
2022/04/21,1700 UTC,0,886,887,886,"2052,8","27,5","10,8","27,5","25,6","12,5","9,4",42,34,35,86,"5,8","2,3"
2022/04/21,1800 UTC,0,"885,3",886,"885,3","2087,9","27,3","10,8","27,6","26,1","10,9",9,38,33,36,81,"5,6","2,5"
2022/04/21,1900 UTC,0,"885,1","885,3","885,1","1341,7",26,"10,7","27,5","25,7",11,"9,3",40,33,38,54,5,"1,7"
2022/04/21,2000 UTC,0,885,"885,1",885,"826,9","25,3","10,6","26,7","25,3","11,3","9,8",40,36,40,78,"4,3","2,1"
2022/04/21,2100 UTC,0,"885,1","885,1","884,9","160,4",24,"11,1","25,3","23,9","11,4","10,5",45,40,44,82,"5,9","2,2"
2022/04/21,2200 UTC,0,"885,3","885,3","885,1",,"23,4","11,1","24,1","23,2","11,5",11,48,44,46,71,"4,3","1,7"
2022/04/21,2300 UTC,0,"885,7","885,7","885,3",,"22,7","11,7","23,6","22,7","11,7",11,50,45,50,79,4,"1,5"
2022/04/22,0000 UTC,0,"886,2","886,3","885,7",,"22,5",12,"22,8","22,4",12,"11,5",52,49,51,49,"3,6","1,2"
2022/04/22,0100 UTC,0,"886,4","886,4","886,2",,"22,5","11,4","22,7","22,4","12,1","11,4",52,49,49,95,"3,7","2,2"
2022/04/22,0200 UTC,0,"886,3","886,5","886,3",,"22,4","11,1","22,7","22,4","11,5","11,1",50,49,49,90,"3,7","1,8"
2022/04/22,0300 UTC,0,"886,2","886,5","886,2",,"21,8","11,4","22,5","21,8","11,6","11,1",52,48,52,85,"3,8","1,7"
2022/04/22,0400 UTC,0,"885,9","886,2","885,9",,"18,9","13,1","21,8","18,8","13,6","11,4",70,52,69,79,3,"0,5"
2022/04/22,0500 UTC,0,"885,4","885,9","885,4",,"19,5","13,1","19,5","18,4","13,7","12,8",73,65,67,44,"2,7","1,4"
2022/04/22,0600 UTC,0,"885,1","885,5","885,1",,"17,4","12,9","19,6","17,4","13,9","12,3",76,63,75,140,"3,1",1
2022/04/22,0700 UTC,0,"885,1","885,2",885,,"15,5","12,4","17,4","15,3","13,2","12,1",82,75,82,313,"2,4","0,7"
2022/04/22,0800 UTC,0,885,"885,1","884,9",,"16,9",13,18,"15,6","13,1","12,5",82,71,78,10,"2,1","0,8"
2022/04/22,0900 UTC,0,"885,5","885,5","884,9",,"17,1","13,4","18,1","16,5",14,"12,9",81,72,79,21,"2,1","0,7"
2022/04/22,1000 UTC,0,"885,9","885,9","885,5","65,1","18,3","13,1","18,4","16,5","13,7","13,1",83,72,72,46,"1,8","0,7"
2022/04/22,1100 UTC,0,"886,5","886,5","885,9","734,7","22,3","11,7","22,3","18,4","13,9","11,6",71,51,51,4,"2,3","1,4"
2022/04/22,1200 UTC,0,"886,7","886,7","886,5","1608,9","24,5","12,1","24,5","22,3","12,8","11,1",53,45,46,13,"4,1","2,2"
2022/04/22,1300 UTC,0,"886,9",887,"886,7","2337,4","25,7","12,7","25,7","24,1","12,8","11,4",47,42,44,41,"5,6","2,4"
2022/04/22,1400 UTC,0,"886,6",887,"886,6","2596,5","26,9","11,7","26,9","24,3","12,7","10,2",46,36,39,17,"6,8","2,4"
2022/04/22,1500 UTC,0,"886,1","886,6","886,1","2288,2","26,6","11,8","27,1","25,2","12,7","9,5",43,35,40,341,5,"2,3"
2022/04/22,1600 UTC,0,"885,4","886,1","885,4","2560,9","25,6","11,4","27,5","25,6","12,5","10,8",43,36,41,17,"6,6","1,9"
2022/04/22,1700 UTC,0,"884,7","885,4","884,7","2592,8","26,2","11,2","28,2","25,6","13,1","10,4",43,35,39,325,7,"3,3"
2022/04/22,1800 UTC,0,"884,1","884,7","884,1","2366,4","27,7","11,2","28,5","26,2","13,1","10,9",41,35,36,331,"7,1","2,6"
2022/04/22,1900 UTC,0,884,"884,1",884,"1786,9","27,6","12,2","28,2","26,2","12,7","11,3",42,36,38,7,6,"2,9"
2022/04/22,2000 UTC,0,"884,3","884,3",884,"927,8","26,2","12,4","27,6","25,5","12,8","11,7",44,38,42,12,"6,7","3,7"
2022/04/22,2100 UTC,0,"884,5","884,5","884,3",290,24,"13,1","26,4",24,"13,1","12,1",51,42,51,353,"5,8","2,3"
2022/04/22,2200 UTC,0,"885,1","885,1","884,5",,"21,2","14,1",24,"21,2","14,1","13,1",64,51,64,332,"3,8","1,5"
2022/04/22,2300 UTC,0,"885,5","885,5",885,,"19,2","14,3","21,2","19,2","14,5","13,9",73,64,73,20,"2,5","0,8"
2022/04/23,0000 UTC,0,"885,9","885,9","885,5",,"18,4","14,3","19,2","18,4","14,5","14,1",77,74,77,344,"1,3","0,5"
2022/04/23,0100 UTC,0,886,886,"885,8",,"17,9","14,3","18,6","17,9","14,7","14,2",80,77,79,354,"1,4","0,7"
2022/04/23,0200 UTC,0,"886,1","886,1","885,9",,"17,7","14,3",18,"17,6","14,5","14,2",81,79,80,356,"0,9","0,6"
2022/04/23,0300 UTC,0,"886,3","886,3",886,,"17,3",14,"17,8","17,3","14,5",14,81,80,81,26,"1,2","0,8"
2022/04/23,0400 UTC,0,"886,2","886,5","886,2",,"16,9","14,2","17,3","16,6","14,3","13,9",85,81,84,6,"1,4","0,5"
2022/04/23,0500 UTC,0,886,"886,2",886,,"16,6","13,8","17,3","16,6","14,2","13,7",84,81,83,17,"1,5","0,6"
2022/04/23,0600 UTC,0,"885,6",886,"885,6",,16,"13,6","17,1",16,"14,3","13,6",86,81,86,355,"1,2","0,3"
2022/04/23,0700 UTC,0,"885,5","885,6","885,4",,16,"13,8","16,3","15,6","14,3","13,6",89,86,87,6,"1,5",1
2022/04/23,0800 UTC,0,"885,6","885,7","885,4",,"15,5","13,4","17,3","15,3","14,3",13,89,81,87,53,"3,1","0,8"
2022/04/23,0900 UTC,0,"885,9","885,9","885,6",,"18,7","13,6","18,7","15,5","14,2","13,3",89,72,72,67,"2,7","1,5"
2022/04/23,1000 UTC,0,"886,8","886,8","885,9","63,3","17,8","14,1","18,7","15,8","14,2","13,1",87,72,79,36,"2,9","0,7"
2022/04/23,1100 UTC,0,"887,5","887,5","886,8","728,7","22,7","15,4","22,8","17,8","15,9",14,79,63,63,42,"3,1","1,3"
2022/04/23,1200 UTC,0,888,888,"887,5","1585,9","24,8","14,9","24,9","22,7","15,8","14,9",64,54,54,37,"4,8","2,6"
2022/04/23,1300 UTC,0,"888,4","888,5",888,"2357,2","26,2","14,9","26,2","24,6","16,1","13,8",57,47,50,22,"6,1","2,6"
2022/04/23,1400 UTC,0,"888,2","888,5","888,2","2840,3","27,4","14,2","27,5",26,"15,6","13,9",51,44,44,357,"5,4","2,8"
2022/04/23,1500 UTC,0,"887,5","888,2","887,5","3269,4",28,"13,1","28,6","26,9","14,7","12,4",46,38,40,18,"6,7","2,5"
2022/04/23,1600 UTC,0,"886,7","887,5","886,7","2828,6","28,9","12,8","29,7","27,5","13,4","11,4",40,33,37,295,"5,9","1,4"
2022/04/23,1700 UTC,0,886,"886,7","885,8","2308,9","27,9","12,2","29,7","27,9","13,7","11,3",39,33,38,228,"7,6","2,7"
2022/04/23,1800 UTC,0,"885,8",886,"885,8","435,5","24,5","14,9","27,9","24,4","14,9","11,9",55,38,55,262,"7,6","2,6"
2022/04/23,1900 UTC,0,"885,3","885,8","885,3","767,7","25,8","13,5","26,3","24,3","15,3","13,4",57,45,47,209,"4,8","0,9"
2022/04/23,2000 UTC,0,886,886,"885,3","270,6","23,6","14,6","26,1","23,6","15,2","13,3",57,45,57,87,"6,5","3,4"
2022/04/23,2100 UTC,"0,8","886,5","886,5","885,9","36,1","20,8","15,8","23,6","20,3","16,9","14,9",77,57,73,151,"6,5","2,2"
2022/04/23,2200 UTC,"0,6","886,5","886,5","886,2",,"19,2","17,5","20,8","19,2","17,6","15,9",90,73,90,184,"5,5","0,2"
2022/04/23,2300 UTC,0,"886,5","886,8","886,4",,"19,5","16,7","19,6","18,5","17,8","16,7",92,83,84,330,"2,6","1,7"
2022/04/24,0000 UTC,0,"886,9","886,9","886,5",,"18,2","16,7","19,5","18,1","16,9","16,4",91,83,91,2,"2,6","1,1"
2022/04/24,0100 UTC,0,"887,5","887,5","886,9",,18,"16,6","18,3","17,9","16,9","16,5",92,91,92,10,"1,9","1,2"
2022/04/24,0200 UTC,0,"887,6","887,7","887,5",,18,"16,5","18,4","17,7","16,8","16,3",92,90,90,334,"1,9","0,5"
2022/04/24,0300 UTC,0,888,888,"887,6",,"19,9","16,4","19,9","17,7",17,"16,2",92,80,80,212,"4,1","1,8"
2022/04/24,0400 UTC,0,"887,7",888,"887,7",,"18,6","15,5","20,1","18,5","16,4","15,5",83,76,82,233,"3,6","1,3"
2022/04/24,0500 UTC,0,"887,6","887,8","887,6",,"17,5","15,8","19,2","17,5",16,"15,4",89,79,89,13,"2,2","1,3"
2022/04/24,0600 UTC,0,"887,1","887,6","887,1",,"17,4","15,6","17,9",17,"16,2","15,4",92,88,89,86,"1,8","0,6"
2022/04/24,0700 UTC,0,887,"887,2",887,,"17,7","15,8","17,9",17,"16,1","15,4",91,89,89,24,"1,7","1,2"
2022/04/24,0800 UTC,0,"887,1","887,3",887,,"17,1","15,6","18,5","16,9","16,1","15,2",91,85,91,42,"2,8","0,4"
2022/04/24,0900 UTC,0,"887,8","887,9","887,1",,"16,5",15,"17,1","16,3","15,8",15,93,91,91,177,2,"0,9"
2022/04/24,1000 UTC,0,"888,3","888,3","887,8","38,7","16,7","15,2","17,1","16,3","15,7","14,9",93,91,91,152,2,"0,8"
2022/04/24,1100 UTC,0,"889,2","889,2","888,3","345,9","20,3","15,6","20,3","16,6","16,2","15,2",91,75,75,139,"1,9","1,2"
2022/04/24,1200 UTC,0,"889,7","889,7","889,2","1431,9","22,7",16,"22,7","20,3","16,4","15,3",77,65,66,134,"2,8","1,8"
2022/04/24,1300 UTC,0,"890,3","890,3","889,7","2372,9","25,3","15,5","25,3","22,7","16,4","14,9",66,53,55,140,5,"2,3"
2022/04/24,1400 UTC,0,"890,1","890,4","890,1","2867,7","26,2","15,4",27,"24,6","16,3","14,7",57,49,52,135,"5,8","3,3"
2022/04/24,1500 UTC,0,"889,6","890,1","889,6","2847,8","25,7","15,6","27,4","25,7","16,8","14,9",56,50,54,103,"6,5",3
2022/04/24,1600 UTC,0,"888,7","889,6","888,7","2092,8","26,5",16,"26,9","25,7","16,7","15,2",55,50,52,91,"6,7",3
2022/04/24,1700 UTC,0,888,"888,7",888,"1953,8","27,7","15,7","28,1","25,9","16,2","14,1",53,43,48,65,"6,7","3,2"
2022/04/24,1800 UTC,0,"887,3",888,"887,3",2532,"26,7","14,9",28,"26,7","15,9","14,5",49,45,48,84,"7,1","3,8"
2022/04/24,1900 UTC,0,"887,2","887,3","887,2","1844,6",27,"14,9","27,9","26,6","16,1","14,8",51,46,47,90,7,"3,6"
2022/04/24,2000 UTC,0,"887,2","887,2",887,"1024,1","26,1","14,9","27,4","25,8","15,2","14,3",51,46,50,95,7,"2,9"
2022/04/24,2100 UTC,0,"887,2","887,2","887,1","257,8","24,5","14,4","26,1","24,4",15,"14,3",53,49,53,101,"6,2","2,4"
2022/04/24,2200 UTC,0,"887,5","887,5","887,2",,"23,8","14,3","24,6","23,6","14,4",14,56,52,56,103,"6,2","2,2"
2022/04/24,2300 UTC,0,"888,1","888,1","887,5",,"23,7","15,2","23,8","23,4","15,2","14,3",59,56,59,110,5,"2,8"
2022/04/25,0000 UTC,0,"888,4","888,5",888,,"23,2","15,8","23,8","23,2","15,8","15,2",64,59,63,113,"5,6","2,2"
2022/04/25,0100 UTC,0,"888,7","888,7","888,4",,23,"15,7","23,2",23,16,"15,7",64,63,63,113,"4,8","2,4"
2022/04/25,0200 UTC,0,"888,7","888,8","888,7",,"22,4","15,6",23,"22,4","15,8","15,5",66,63,65,109,"5,6","2,5"
2022/04/25,0300 UTC,0,"888,6","888,7","888,6",,"21,7","15,2","22,4","21,7","15,6","15,2",67,65,66,108,"4,8","1,9"
2022/04/25,0400 UTC,0,"888,2","888,6","888,2",,"21,4","15,1","21,9","21,3","15,2","14,8",67,65,67,114,"4,9","2,5"
2022/04/25,0500 UTC,0,"887,6","888,2","887,6",,"21,3","14,6","21,4","20,9","15,2","14,6",70,66,66,105,5,3
2022/04/25,0600 UTC,0,"887,6","887,7","887,6",,"21,5","13,7","21,7","21,2","14,6","13,7",66,61,61,111,"6,1","2,9"
2022/04/25,0700 UTC,0,"887,5","887,6","887,4",,"20,7","13,7","21,7","20,6",14,"13,6",65,61,64,121,"6,7","2,6"
2022/04/25,0800 UTC,0,"887,8","887,8","887,5",,"19,7","14,2","20,7","19,7","14,2","13,7",70,64,70,121,"5,7","2,5"
2022/04/25,0900 UTC,0,"888,1","888,1","887,7",,"19,6","14,5","20,2","19,5","14,5","14,2",72,69,72,107,"6,8","2,7"
2022/04/25,1000 UTC,0,"888,7","888,7",888,"63,6","19,6","14,6","19,6","19,2","14,6","14,4",74,72,73,107,"7,7","2,7"
2022/04/25,1100 UTC,0,"889,3","889,3","888,7","724,7","21,6","15,3","21,6","19,6","15,4","14,6",73,67,68,76,"6,9","3,7"
2022/04/25,1200 UTC,0,"889,7","889,7","889,3","1593,8","23,7",16,"23,9","21,6","16,3","15,3",68,62,62,60,"8,5","4,4"
2022/04/25,1300 UTC,0,"890,2","890,2","889,7","2329,8","24,9","16,2","25,4","23,6","16,7","15,9",63,57,58,54,10,"4,8"
2022/04/25,1400 UTC,0,"889,9","890,2","889,9","2899,8","26,1","15,6","26,2","24,8","16,6","15,5",59,52,53,60,10,"4,5"
2022/04/25,1500 UTC,0,889,"889,9","888,9","3207,7","26,9","15,1","27,5","25,9","15,9","14,4",54,46,48,61,"10,6","4,3"
2022/04/25,1600 UTC,0,"888,1",889,"888,1","3250,8","27,7",14,"28,1","26,8","15,8",14,49,42,43,56,"9,6","3,6"
2022/04/25,1700 UTC,0,"887,3","888,2","887,3","3030,8","28,1","13,6","28,6","27,4","14,7","13,3",46,40,41,76,8,"3,4"
2022/04/25,1800 UTC,0,"886,9","887,3","886,9","2571,5","28,1","13,8","28,5","27,5","14,1","12,3",42,38,41,76,"6,7",3
2022/04/25,1900 UTC,0,"886,8","886,9","886,7","1951,1","28,1","13,4","28,3","27,6","13,6","12,4",42,38,40,88,"7,3","3,4"
2022/04/25,2000 UTC,0,"886,9","886,9","886,7","1084,8",27,"11,8","28,1",27,"13,2","11,6",40,38,39,104,"7,2","3,2"
2022/04/25,2100 UTC,0,"887,1","887,1","886,9","276,8","25,1","12,9",27,"25,1","12,9","11,7",47,39,47,117,"6,1","2,3"
2022/04/25,2200 UTC,0,"887,6","887,6","887,1",,"24,3",13,"25,1",24,"13,5",13,52,47,49,109,"4,8","2,5"
2022/04/25,2300 UTC,0,"888,4","888,4","887,6",,23,"13,7","24,3",23,"13,7","12,9",56,49,56,116,"5,1","2,1"
2022/04/26,0000 UTC,0,"888,9","888,9","888,4",,"22,7","14,4","23,3","22,7","14,5","13,7",60,55,60,111,"6,4","3,1"
2022/04/26,0100 UTC,0,889,"889,1","888,8",,22,"14,8","22,7","21,9","14,9","14,4",64,60,64,100,"7,5","3,2"
2022/04/26,0200 UTC,0,889,"889,1",889,,"21,6","14,4",22,"21,4","14,8","14,4",66,63,63,104,"6,9","3,3"
2022/04/26,0300 UTC,0,"888,8","889,1","888,8",,21,"14,4","21,6",21,"14,5","14,3",66,63,66,101,"5,9","2,4"
2022/04/26,0400 UTC,0,"888,3","888,8","888,3",,"20,5","14,6","21,1","20,4","14,7","14,4",69,66,69,98,"5,2","2,5"
2022/04/26,0500 UTC,0,"887,7","888,3","887,7",,"20,8","14,4","20,8","20,3","14,7","14,4",70,67,67,92,"5,7","3,1"
2022/04/26,0600 UTC,0,"887,5","887,7","887,5",,"19,9","14,5","20,8","19,8","14,5","14,2",71,67,71,102,"6,7","3,2"
2022/04/26,0700 UTC,0,"887,5","887,6","887,4",,"19,2","14,6",20,"19,1","14,7","14,5",75,71,75,92,"7,1","2,7"
2022/04/26,0800 UTC,0,"887,6","887,7","887,4",,"18,8","14,6","19,2","18,6","14,6","14,4",77,75,77,106,"4,6","2,5"
2022/04/26,0900 UTC,0,"888,2","888,2","887,6",,"18,4","14,7",19,"18,4","14,7","14,5",79,76,79,77,5,"2,3"
2022/04/26,1000 UTC,0,889,889,"888,2","66,6","19,1","15,1","19,1","18,3","15,1","14,7",80,78,78,82,"5,5","2,8"
2022/04/26,1100 UTC,0,"889,5","889,5",889,"724,6","20,3","15,5","20,4","19,1","15,6","15,1",78,73,74,59,"8,1","3,6"
2022/04/26,1200 UTC,0,"889,9","889,9","889,4","1586,4","21,9","15,5",22,"20,2","15,8","15,2",74,67,67,70,"8,1","3,8"
2022/04/26,1300 UTC,0,"890,2","890,2","889,8",2258,"23,3","16,1","23,5","21,6","16,3","15,1",69,62,64,55,8,"2,3"
2022/04/26,1400 UTC,0,"889,8","890,3","889,8","2406,2","24,4","15,5","24,7","22,9","16,5","15,1",64,57,58,87,"6,6","3,8"
2022/04/26,1500 UTC,0,889,"889,8",889,"2850,4","25,8","14,8","25,8","23,5","15,7",14,60,51,51,88,"8,3",4
2022/04/26,1600 UTC,0,"888,3","889,1","888,3","3046,3","26,1","15,1","26,9","24,8","15,3","14,3",54,47,51,90,"8,1","3,7"
2022/04/26,1700 UTC,0,"887,4","888,3","887,3","2906,8","26,9","14,7","26,9","25,1","14,9","13,3",51,45,47,87,9,"3,5"
2022/04/26,1800 UTC,0,"886,6","887,4","886,6","2526,1","26,2",13,"27,3","25,9","14,7",13,48,44,44,106,"8,6","4,1"
2022/04/26,1900 UTC,0,"886,3","886,6","886,3","1948,3","26,8",13,"27,2","26,1","13,9","12,6",46,42,43,95,"9,2","3,5"
2022/04/26,2000 UTC,0,"886,5","886,5","886,3","769,6","25,8","12,8","26,8","24,9","13,7","12,7",48,43,45,82,"6,7","3,6"
2022/04/26,2100 UTC,0,"886,8","886,9","886,5","261,6","24,2","12,5","25,9","24,2","13,1","12,3",48,44,48,95,"7,4","3,7"
2022/04/26,2200 UTC,0,"886,9","886,9","886,8",,23,"13,2","24,2",23,"13,2","12,4",54,48,54,101,"6,4","2,3"
2022/04/26,2300 UTC,0,"887,2","887,2","886,9",,"21,9",14,"23,2","21,8",14,"13,2",61,54,61,115,"5,8",2
2022/04/27,0000 UTC,0,"887,5","887,6","887,2",,"21,3","14,2","21,9","21,2","14,2","13,9",64,61,64,111,"4,4",2
2022/04/27,0100 UTC,0,"887,8","887,8","887,5",,"21,3","14,2","21,4",21,"14,3","14,1",65,64,64,104,"4,9","2,7"
2022/04/27,0200 UTC,0,"887,7","887,8","887,7",,"20,9","14,4","21,3","20,9","14,5","14,2",66,64,66,99,"5,4","2,9"
2022/04/27,0300 UTC,0,"887,6","887,8","887,6",,"20,3","14,5","20,9","20,2","14,6","14,4",70,66,70,98,"5,4","2,8"
2022/04/27,0400 UTC,0,"887,2","887,6","887,2",,20,15,"20,3","19,9",15,"14,5",73,70,73,97,"7,3","3,4"
2022/04/27,0500 UTC,0,"886,8","887,2","886,8",,"19,6","15,4","20,1","19,4","15,5",15,77,73,77,86,"7,4","3,8"
2022/04/27,0600 UTC,0,"886,6","886,8","886,6",,"18,8","15,5","19,6","18,8","15,5","15,3",81,77,81,97,7,"3,4"
2022/04/27,0700 UTC,0,"886,4","886,6","886,4",,"18,8",15,"18,9","18,5","15,5",15,82,79,79,87,"6,6",3
2022/04/27,0800 UTC,0,"886,5","886,5","886,4",,"18,7","14,7","18,9","18,5","15,1","14,7",79,77,78,86,"5,9","2,7"
2022/04/27,0900 UTC,0,"887,1","887,1","886,5",,"18,7","14,4","18,7","18,2","14,7","14,3",79,76,76,65,"5,1","2,3"
2022/04/27,1000 UTC,0,888,888,"887,1","66,4","18,8","14,6","18,8","17,9","14,6","14,2",80,76,77,70,"5,9",2
2022/04/27,1100 UTC,0,"888,9","888,9",888,"725,4","19,7","14,9","19,7","18,8",15,"14,6",77,74,74,98,7,"4,1"
2022/04/27,1200 UTC,0,"889,3","889,3","888,8","1583,5","21,3",15,"21,6","19,5","15,6","14,6",75,66,67,71,"7,1","4,2"
2022/04/27,1300 UTC,0,"889,4","889,4","889,3","2333,4","22,8","15,6",23,"21,3","15,7","14,8",68,62,64,76,"7,8","4,2"
2022/04/27,1400 UTC,0,"889,1","889,4","889,1","2890,1","24,9","15,1",25,"22,9","15,8","14,6",64,54,54,78,"7,3","3,1"
2022/04/27,1500 UTC,0,"888,3","889,1","888,3","3037,6","25,7","13,6","26,1","23,8","15,6","13,3",57,46,47,53,"6,5","2,5"
2022/04/27,1600 UTC,0,"887,7","888,3","887,7","3106,5",26,"14,4","27,3",25,"15,5","12,9",51,44,49,84,"7,2",3
2022/04/27,1700 UTC,0,"886,9","887,7","886,9","2314,2","26,4","14,4","27,9","25,2","15,2","13,5",50,44,48,76,"7,2","3,5"
2022/04/27,1800 UTC,0,"886,3","886,9","886,3","2677,2","27,1","13,3","27,6","26,1","14,7",13,48,41,43,96,6,"2,7"
2022/04/27,1900 UTC,0,886,"886,3",886,"1977,7","27,1",12,"27,6","26,7","13,3","11,3",43,37,39,103,"6,2","2,9"
2022/04/27,2000 UTC,0,"886,2","886,2",886,1081,"25,8","11,8","27,2","25,8","12,6","11,6",43,38,41,101,"6,9","2,9"
2022/04/27,2100 UTC,0,"886,6","886,6","886,2","216,4",24,"12,6",26,24,"12,6","11,7",49,41,49,91,"5,8","2,1"
2022/04/27,2200 UTC,0,887,887,"886,6",,"23,3","13,1","24,1","23,2","13,2","12,6",53,49,53,87,"5,7","2,9"
2022/04/27,2300 UTC,0,"887,7","887,7",887,,"22,2","14,4","23,3","22,2","14,4","13,1",61,53,61,101,6,"3,1"
2022/04/28,0000 UTC,0,"888,3","888,3","887,7",,"21,6","14,5","22,2","21,4","14,6","14,4",65,61,64,98,6,"3,1"
2022/04/28,0100 UTC,0,"888,6","888,6","888,3",,"20,8","14,5","21,7","20,5","14,6","14,4",68,64,67,105,"5,3","2,4"
2022/04/28,0200 UTC,0,"888,7","888,7","888,6",,"20,3","14,5",21,"20,2","14,6","14,4",70,66,70,111,"5,3","2,5"
2022/04/28,0300 UTC,0,"888,8","888,8","888,7",,"20,3","14,5","20,4",20,"14,7","14,5",71,69,69,89,"6,1","3,3"
2022/04/28,0400 UTC,0,"888,7","888,8","888,7",,"19,5","14,6","20,3","19,5","14,7","14,5",73,69,73,98,"5,6","2,3"
2022/04/28,0500 UTC,0,"888,5","888,7","888,5",,"19,3","14,5","19,5",19,"14,6","14,4",75,73,74,85,"4,6","2,7"
2022/04/28,0600 UTC,0,"888,4","888,5","888,3",,"18,3","14,2","19,3","18,3","14,5","14,2",77,73,77,130,"4,5","1,8"
2022/04/28,0700 UTC,0,"888,2","888,4","888,2",,"18,1","14,3","18,3","17,7","14,5","14,2",81,77,78,105,"3,8","2,2"
2022/04/28,0800 UTC,0,"888,4","888,5","888,2",,"17,8",14,"18,2","17,8","14,2","13,9",79,77,79,102,"4,7","2,1"
2022/04/28,0900 UTC,0,"888,9","888,9","888,4",,"17,7","14,1","18,2","17,6","14,2","13,9",79,77,79,102,"5,6",3
2022/04/28,1000 UTC,0,"889,8","889,8","888,9","63,3","17,8","14,2","17,8","17,2","14,2","13,9",82,79,80,107,"5,5","2,5"
2022/04/28,1100 UTC,0,"890,4","890,4","889,8","714,4","19,1","15,2","19,2","17,8","15,3","14,2",80,78,78,87,"7,9","4,2"
2022/04/28,1200 UTC,0,891,891,"890,4","1553,2","20,1","15,8","20,5",19,16,"15,2",79,74,76,97,8,"4,2"
2022/04/28,1300 UTC,0,"891,4","891,4",891,"2234,3","21,4","16,2","21,5",20,"16,5","15,5",77,72,72,99,"7,8","4,5"
2022/04/28,1400 UTC,0,"891,2","891,5","891,1","2840,4","22,6","16,1","22,8","21,1","16,6","15,5",73,66,67,113,"7,8","3,9"
2022/04/28,1500 UTC,0,"890,2","891,2","890,2","3198,5","24,2","15,8","24,6",22,"16,6","15,7",69,59,60,74,"7,4","3,4"
2022/04/28,1600 UTC,0,"889,1","890,2","889,1","3016,5","25,8","15,2","26,2","23,7",17,15,62,52,52,47,7,"2,9"
2022/04/28,1700 UTC,0,"888,2","889,1","888,2","3052,9","27,1","13,3","27,4","25,6",16,"12,6",55,41,43,55,"5,9","2,3"
2022/04/28,1800 UTC,0,"887,5","888,3","887,5","2583,6","27,1","13,2","27,6","26,7","14,1","12,6",45,41,42,104,"6,1","2,7"
2022/04/28,1900 UTC,0,"887,4","887,6","887,4","1877,5","27,2","13,3","27,8","26,1","14,7","12,9",47,41,42,117,5,"2,5"
2022/04/28,2000 UTC,0,"887,7","887,8","887,4","1051,2","26,3","12,8","27,6","25,8","13,9","11,8",47,40,43,118,5,"1,8"
2022/04/28,2100 UTC,0,"888,1","888,1","887,7","239,9",24,"13,7","26,3",24,"13,8","12,6",52,43,52,104,"4,8","2,1"
2022/04/28,2200 UTC,0,"888,4","888,4","888,1",,"23,2","13,9","24,1","23,2","14,1","13,7",56,52,56,97,"4,4","2,2"
2022/04/28,2300 UTC,0,889,889,"888,4",,"22,7","14,3","23,3","22,6","14,5",14,60,56,59,107,"4,9","1,8"
2022/04/29,0000 UTC,0,"889,5","889,5",889,,"21,4","15,1","22,7","21,2","15,1","14,2",68,59,67,120,"3,7","1,7"
2022/04/29,0100 UTC,0,"889,9","889,9","889,5",,"21,2","15,3","21,9","21,2","15,3","15,1",69,65,69,119,"4,5","1,8"
2022/04/29,0200 UTC,0,"889,8",890,"889,8",,"20,5","15,3","21,2","20,5","15,4","15,2",72,69,72,114,"4,1","1,8"
2022/04/29,0300 UTC,0,"889,6","889,8","889,6",,"20,1","15,4","20,6","20,1","15,5","15,3",74,72,74,110,"4,7","2,1"
2022/04/29,0400 UTC,0,"889,1","889,6","889,1",,"19,7","15,4","20,5","19,7","15,5","15,3",76,73,76,113,"4,4","1,9"
2022/04/29,0500 UTC,0,"888,4","889,1","888,4",,"19,1","15,3","19,7",19,"15,4","15,2",79,76,79,114,"4,4","1,9"
2022/04/29,0600 UTC,0,"888,1","888,4","888,1",,"19,2",15,"19,4","18,9","15,4",15,79,77,77,98,"5,1","2,7"
2022/04/29,0700 UTC,0,"887,9","888,1","887,9",,19,"14,8","19,3","18,8",15,"14,8",78,76,77,82,"5,1","2,6"
2022/04/29,0800 UTC,0,"887,9",888,"887,8",,"18,8","14,3","19,1","18,3","14,8","14,2",78,74,75,87,"5,9","2,8"
2022/04/29,0900 UTC,0,"888,3","888,3","887,9",,"17,9","14,3","18,9","17,7","14,4","14,1",80,75,80,84,"5,1","1,8"
2022/04/29,1000 UTC,0,"888,9","888,9","888,3","60,7",19,"14,7",19,"17,9","14,7","14,2",80,76,76,87,"5,3","1,9"
2022/04/29,1100 UTC,0,"889,5","889,5","888,9","712,8","21,1","15,1","21,1",19,"15,2","14,7",76,69,69,77,"6,1","2,7"
2022/04/29,1200 UTC,0,890,890,"889,5","1563,2","22,6","14,9","22,6",21,"15,3","14,5",69,62,62,103,6,"2,4"
2022/04/29,1300 UTC,0,"890,2","890,2",890,"2306,8","23,7","14,2",24,"22,4","15,5","14,2",63,55,55,104,"5,7","3,2"
2022/04/29,1400 UTC,0,"890,2","890,3","890,2","2871,4","25,1","13,2","25,1","23,3","15,3","13,1",58,48,48,99,"7,9","4,6"
2022/04/29,1500 UTC,0,"889,6","890,2","889,6","3132,1",26,"13,7","26,2","24,9","14,3","12,8",51,46,47,92,"8,8",4
2022/04/29,1600 UTC,0,"888,9","889,6","888,9","2332,8","25,2","13,5","26,3","24,6","14,6",13,51,46,48,119,"8,8","3,8"
2022/04/29,1700 UTC,0,"888,3","888,9","888,2","1789,6","25,2",13,"27,3","24,7","14,3","12,3",50,42,47,128,"8,2","3,9"
2022/04/29,1800 UTC,0,"887,7","888,3","887,6","1881,4","26,6","13,1","26,9",25,14,"12,4",48,41,43,108,"7,6","3,2"
2022/04/29,1900 UTC,0,"887,3","887,7","887,3","1555,6","25,7","13,1","27,1","25,1","13,7",12,46,41,46,119,"8,6","3,7"
2022/04/29,2000 UTC,0,"887,5","887,5","887,3","993,1","25,6","11,6","26,3",25,"13,3","11,6",46,41,42,98,"7,5",4
2022/04/29,2100 UTC,0,"887,8","887,8","887,5","195,3","23,7","12,3","25,6","23,7","12,3",11,49,40,49,106,"7,7","2,3"
2022/04/29,2200 UTC,0,"888,2","888,2","887,8",,23,"13,3","23,8","22,9","13,3","12,2",55,48,54,108,"5,7","2,3"
2022/04/29,2300 UTC,0,"888,5","888,5","888,2",,"21,9","13,8","23,1","21,9","13,8","13,3",60,54,60,117,"5,4","2,1"
2022/04/30,0000 UTC,0,"888,9","888,9","888,5",,"21,1","13,8",22,"21,1",14,"13,8",63,60,63,108,"3,9","1,9"
2022/04/30,0100 UTC,0,"889,3","889,4","888,9",,"20,3",14,"21,2","20,2","14,1","13,9",68,63,67,103,"3,9","1,8"
2022/04/30,0200 UTC,0,"889,1","889,4","889,1",,"20,2","13,9","20,8","20,2",14,"13,8",67,65,67,104,"4,4","1,8"
2022/04/30,0300 UTC,0,"889,1","889,2",889,,"19,2","14,1","20,5","19,2","14,1","13,8",72,67,72,123,"3,8","1,6"
2022/04/30,0400 UTC,0,"888,7","889,1","888,7",,"20,1","13,8","20,1",19,"14,3","13,8",73,67,67,85,5,"2,7"
2022/04/30,0500 UTC,0,"888,4","888,7","888,4",,"19,4","13,7","20,1","19,4","13,9","13,7",70,67,70,94,5,"2,3"
2022/04/30,0600 UTC,0,888,"888,4","887,9",,"19,1","13,1","19,8","18,9","13,8",13,70,67,68,90,"5,3","2,3"
2022/04/30,0700 UTC,0,"887,5",888,"887,5",,"18,8","13,1","19,2","18,7","13,2",13,70,68,70,68,"4,9","1,9"
2022/04/30,0800 UTC,0,"887,4","887,5","887,4",,"18,6","12,6","18,8","18,2","13,1","12,6",72,68,68,83,"4,6","2,3"
2022/04/30,0900 UTC,0,"888,1","888,1","887,4",,"18,5","12,5","18,6",18,"12,6","12,4",69,68,68,72,"4,8","2,3"
2022/04/30,1000 UTC,0,"888,7","888,7","888,1","59,5","18,7","12,2","18,7",18,"12,5","12,2",69,66,66,64,"4,3","1,7"
2022/04/30,1100 UTC,0,"889,6","889,6","888,7","726,8","20,6","11,7","20,6","18,8","12,3","11,5",66,57,57,94,"6,3","3,2"
2022/04/30,1200 UTC,0,"890,2","890,2","889,6",1592,"21,4",12,"21,6","20,3","12,1","11,3",58,53,55,94,"8,1","3,4"
2022/04/30,1300 UTC,0,"890,4","890,5","890,2","2335,1","22,2","13,1","22,7","21,2","13,4","11,6",57,52,56,79,"7,3","3,7"
2022/04/30,1400 UTC,0,"890,5","890,6","890,4","2886,6",24,"12,1","24,2","22,2","13,6",12,56,47,47,89,"7,3","3,5"
2022/04/30,1500 UTC,0,"889,7","890,5","889,7","3187,5","24,6","9,5","25,1","23,5","12,8","7,2",50,33,38,84,"8,1","4,7"
2022/04/30,1600 UTC,0,"888,8","889,7","888,7","3199,4","25,7","9,2",26,"24,2","11,5",9,44,35,35,88,"8,4","3,5"
2022/04/30,1700 UTC,0,"887,8","888,8","887,8","2998,1","25,5","10,3","26,3",25,"10,6","8,1",40,33,38,100,"8,7","4,1"
2022/04/30,1800 UTC,0,"887,1","887,8","887,1","2621,8",26,"9,9","26,8","25,2","11,3","9,9",40,36,36,82,"7,2","3,3"
2022/04/30,1900 UTC,0,"886,7","887,1","886,7","2020,3","25,9","10,3","26,3","25,5","10,9","9,7",39,36,37,64,"7,6","3,1"
2022/04/30,2000 UTC,0,"886,9","886,9","886,6","1119,9","25,1","9,8","26,1",25,11,"9,8",40,37,38,103,"7,1",3
2022/04/30,2100 UTC,0,"887,1","887,2","886,9","212,6","23,4",10,"25,1","23,4","10,6","9,5",43,38,43,109,"7,1","2,7"
2022/04/30,2200 UTC,0,"887,5","887,5","887,1",,"22,1","10,6","23,4",22,"10,6",10,48,43,48,103,"5,5","2,2"
2022/04/30,2300 UTC,0,"888,3","888,3","887,5",,"21,2","10,9","22,3",21,"10,9","10,6",52,48,52,115,"4,9","1,6"
2022/05/01,0000 UTC,0,"888,7","888,7","888,3",,"20,3","10,7","21,2","19,5","11,3","10,6",57,52,54,114,"4,4","2,1"
2022/05/01,0100 UTC,0,"888,8","888,8","888,7",,"19,7","10,7","20,3","19,6","10,8","10,6",56,54,56,111,"4,4","1,7"
2022/05/01,0200 UTC,0,"888,6","888,8","888,6",,"19,5","10,7","19,8","18,9","10,8","10,6",59,56,57,104,"4,4",2
2022/05/01,0300 UTC,0,"888,5","888,6","888,5",,18,"11,3",20,18,"11,4","10,7",65,56,65,135,"4,4","1,6"
2022/05/01,0400 UTC,0,888,"888,5",888,,"15,1","11,3","18,1","15,1","11,5","11,1",78,65,78,111,"2,6",1
2022/05/01,0500 UTC,0,"887,4",888,"887,4",,"14,5","11,3","15,1","14,5","11,6","11,2",81,78,81,104,2,"0,6"
2022/05/01,0600 UTC,0,"887,1","887,4","887,1",,18,"11,3",18,"14,5","12,1","11,3",82,65,65,104,"2,9","1,4"
2022/05/01,0700 UTC,0,"886,9","887,1","886,9",,"13,8","11,2",18,"13,8","11,6","10,9",84,65,84,130,"2,7","1,3"
2022/05/01,0800 UTC,0,887,887,"886,9",,"13,8","11,8","14,3","13,6","11,9","11,1",87,84,87,116,"2,2","1,1"
2022/05/01,0900 UTC,0,"887,7","887,7",887,,"13,5","11,3",14,"13,4","11,9","11,2",88,86,87,95,"2,6","1,1"
2022/05/01,1000 UTC,0,"888,4","888,4","887,7",59,"17,2",12,"17,2","13,3","12,3","11,1",87,71,71,103,"3,6","1,9"
2022/05/01,1100 UTC,0,"889,1","889,1","888,4","697,7","19,6","11,3","19,8","17,2","11,9",11,71,58,59,104,"5,8",3
2022/05/01,1200 UTC,0,"889,4","889,4","889,1","1550,9","21,1",12,"21,1","19,6","12,1","11,1",60,56,56,91,"6,3","3,7"
2022/05/01,1300 UTC,0,"889,8","889,8","889,4","2290,9","22,4","12,7","23,1","20,8","13,2","11,7",57,52,54,93,"6,1","3,7"
2022/05/01,1400 UTC,0,"889,3","889,9","889,3","2787,4","24,1","12,8","24,2","22,1","13,8","12,5",56,49,49,112,"7,6","3,9"
2022/05/01,1500 UTC,0,"888,6","889,4","888,6","3164,4","24,7","13,1","25,6","23,6","13,9","12,5",51,46,49,54,"7,6","2,6"
2022/05/01,1600 UTC,0,"887,7","888,6","887,7","2453,7","25,4","10,9","26,6","23,9","13,8","10,9",51,38,40,22,7,"1,8"
2022/05/01,1700 UTC,0,887,"887,7",887,"2673,4","25,4","10,9","27,5",25,"12,2","9,9",43,36,40,126,"5,4","1,5"
2022/05/01,1800 UTC,0,"886,3",887,"886,3","1858,7","24,8","10,7","27,1","24,8","11,8",10,43,35,41,94,"4,8","2,6"
2022/05/01,1900 UTC,0,"886,1","886,3","886,1","991,3","26,5","10,7","26,5","24,8","11,7","10,1",42,36,37,137,"4,3","1,8"
2022/05/01,2000 UTC,0,"886,2","886,2","886,1","646,6","25,3","11,4","26,6","24,8","11,5","10,2",43,37,42,63,"5,2","2,2"
2022/05/01,2100 UTC,0,"886,6","886,6","886,2",220,"23,5","11,7","25,4","23,4","11,9",11,49,41,48,90,"5,3","2,5"
2022/05/01,2200 UTC,0,887,887,"886,6",,"22,8","12,7","23,5","22,4","12,8","11,7",54,48,53,84,4,"1,6"
2022/05/01,2300 UTC,0,"887,7","887,7",887,,"22,5",13,23,"22,4",13,"12,6",55,52,55,100,"3,7","1,5"
2022/05/02,0000 UTC,0,"888,2","888,2","887,7",,"21,6","12,4","22,4","21,6","13,1","12,3",56,54,56,108,"4,5",2
2022/05/02,0100 UTC,0,"888,4","888,4","888,2",,"21,1","12,4","21,6","21,1","12,6","12,3",58,56,57,100,"4,8","2,4"
2022/05/02,0200 UTC,0,"888,5","888,5","888,3",,21,"12,5","21,3","20,9","12,5","12,4",58,57,58,100,"4,4","2,5"
2022/05/02,0300 UTC,0,"888,3","888,6","888,3",,"20,2","12,2",21,20,"12,5","12,2",61,58,60,104,"4,2","2,1"
2022/05/02,0400 UTC,0,"888,1","888,4","888,1",,"19,1","12,3","20,3","19,1","12,4","12,1",65,60,65,119,"3,8","1,7"
2022/05/02,0500 UTC,0,"887,8","888,1","887,8",,"19,8",12,"19,8",19,"12,8",12,67,61,61,101,4,"2,2"
2022/05/02,0600 UTC,0,"887,6","887,8","887,6",,"19,4","12,1",20,"19,4","12,1","11,8",63,59,63,121,"5,1","1,3"
2022/05/02,0700 UTC,0,"887,6","887,6","887,5",,"18,8","12,6","19,4","18,8","12,6","12,1",67,63,67,127,3,"1,7"
2022/05/02,0800 UTC,0,"887,7","887,7","887,5",,"17,3","12,5","18,9","17,3","12,8","12,2",74,65,74,149,"3,1","0,6"
2022/05/02,0900 UTC,0,888,888,"887,7",,"15,9","11,7","18,5","15,9",13,"11,6",78,64,77,99,3,"0,4"
2022/05/02,1000 UTC,0,"888,6","888,6",888,"62,7","16,4","12,7","16,4","14,6","12,7","11,7",85,76,79,112,"1,4","0,7"
2022/05/02,1100 UTC,0,"889,2","889,2","888,6","668,3","21,7","12,5","21,7","16,4","13,9","11,9",79,55,56,119,"3,3","1,8"
2022/05/02,1200 UTC,0,"889,7","889,7","889,2","1511,2","22,4","11,6","22,7","21,5","12,7","11,1",57,49,50,98,"6,9",4
2022/05/02,1300 UTC,0,"889,9","889,9","889,6",2268,"23,9","10,8","24,1","22,3","11,9","10,5",51,44,44,100,"7,1","3,9"
2022/05/02,1400 UTC,0,"889,4","889,9","889,4","2811,7","25,3","12,4","25,4","23,6","12,4","10,7",46,42,45,111,"6,8",3
2022/05/02,1500 UTC,0,"888,6","889,4","888,5",3157,"26,5","11,6","26,5",25,"12,1","10,6",45,38,39,80,"6,2","2,9"
2022/05/02,1600 UTC,0,"887,7","888,6","887,7","2811,1","27,5","10,9","27,5","25,3","11,8","9,6",42,33,35,49,"5,5","1,3"
2022/05/02,1700 UTC,0,"886,9","887,7","886,9","1483,8","25,9",9,"27,7","25,3","11,1","8,9",39,33,34,82,"4,9","1,4"
2022/05/02,1800 UTC,0,"886,4","886,9","886,3",1845,"27,3","8,5","27,9","25,8","10,4","8,4",38,30,31,106,"3,6",2
2022/05/02,1900 UTC,0,"886,2","886,3","886,1","1308,5","26,7",10,"27,8",26,"10,5","8,4",38,30,35,44,"4,8","1,9"
2022/05/02,2000 UTC,0,"886,2","886,2","886,1",653,"25,4","11,1","26,8","25,4","11,5","10,2",41,35,41,1,"4,2",2
2022/05/02,2100 UTC,0,"886,7","886,7","886,2","121,2","24,4","11,3","25,5","23,8","12,1","10,7",48,39,44,40,"4,4","1,4"
2022/05/02,2200 UTC,0,"887,1","887,1","886,7",,"22,6","13,2","24,5","22,6","13,8","10,8",59,42,55,38,3,"0,9"
2022/05/02,2300 UTC,0,"887,5","887,5","887,1",,"21,8","13,8","22,6","21,4","14,9","13,1",67,55,60,62,2,"0,8"
2022/05/03,0000 UTC,0,"887,8","887,8","887,4",,23,"11,9","23,1","21,1","15,4","11,8",70,49,50,88,"2,3","1,3"
2022/05/03,0100 UTC,0,"887,8","887,9","887,8",,"20,4","12,7",23,"20,4","14,2","11,9",65,50,61,71,"2,3",1
2022/05/03,0200 UTC,0,"887,9","887,9","887,8",,"19,9","12,6","21,2","18,6","13,7","12,4",73,58,63,95,"2,6","1,2"
2022/05/03,0300 UTC,0,"888,1","888,1","887,8",,21,"12,5","21,1","19,8","13,9","12,2",68,58,58,98,"3,7","2,3"
2022/05/03,0400 UTC,0,"887,9","888,1","887,9",,"20,2","12,6","21,1","20,2","12,6","12,4",62,58,62,106,"3,8",2
2022/05/03,0500 UTC,0,"887,3","887,9","887,3",,20,"12,8","20,3","19,5","12,8","12,6",65,61,63,99,"3,3",2
2022/05/03,0600 UTC,0,"887,2","887,4","887,2",,"17,9","13,2",20,"17,3","13,2","12,3",75,63,74,103,"3,3","1,2"
2022/05/03,0700 UTC,0,"887,3","887,3","887,2",,"16,2","13,3","18,9","15,9","13,3","12,4",83,68,83,263,3,"0,7"
2022/05/03,0800 UTC,0,"887,5","887,5","887,3",,"17,6","14,6","17,6","16,2","14,6","13,4",83,80,82,40,"1,2","0,7"
2022/05/03,0900 UTC,0,"887,8","887,8","887,4",,"18,3",14,"18,5","17,6","14,7",14,83,76,76,26,"1,9","1,1"
2022/05/03,1000 UTC,0,"888,2","888,2","887,8","32,3",20,"13,2",20,"18,3","14,1","13,1",76,65,65,46,"2,4","1,2"
2022/05/03,1100 UTC,0,"888,8","888,8","888,2",468,"21,9","13,5","21,9",20,"13,7","13,1",65,58,59,24,"4,1","1,8"
2022/05/03,1200 UTC,0,"888,8","888,9","888,7","1131,9","24,4","13,6","24,4","21,8","13,8",13,59,51,51,21,"4,5","2,3"
2022/05/03,1300 UTC,0,"888,9",889,"888,8","2228,4","25,4","13,3","25,8","24,1",14,"13,1",52,46,47,29,"6,1","2,7"
2022/05/03,1400 UTC,0,"888,4","888,9","888,4","2805,5","26,2","13,2","27,1","25,4","14,1","12,7",48,43,45,354,"6,9","3,4"
2022/05/03,1500 UTC,0,"887,9","888,4","887,9","2360,5","26,2","12,9","27,4","25,3","13,8","12,2",47,41,44,2,6,"3,3"
2022/05/03,1600 UTC,0,"887,2","887,9","887,2","3313,6","27,5","11,8","27,9","26,1","13,8","11,8",45,38,38,337,"7,4","3,4"
2022/05/03,1700 UTC,0,"886,5","887,2","886,4","2296,9","27,4","11,8","28,5","26,2","13,5","11,6",42,37,38,338,7,"3,3"
2022/05/03,1800 UTC,0,"886,1","886,5",886,"1655,3",28,"10,7",29,"26,3","12,4",10,41,32,34,338,"6,7","2,3"
2022/05/03,1900 UTC,0,886,"886,1","885,9","1913,4","28,1","10,5","28,7",27,"11,9","9,5",38,32,33,337,"6,6",3
2022/05/03,2000 UTC,0,"886,5","886,5",886,"613,8","25,9","12,4","28,3","25,9","12,4","9,9",43,33,43,331,7,"2,3"
2022/05/03,2100 UTC,0,"886,9","886,9","886,5","103,9","24,7","13,2","25,9","24,7","13,4","12,3",49,43,49,313,"4,7","1,8"
2022/05/03,2200 UTC,0,"887,3","887,3","886,9",,"23,4","14,3","24,7","23,3","14,7","13,1",59,48,57,340,"3,9","0,9"
2022/05/03,2300 UTC,0,"887,6","887,6","887,3",,"20,9","14,8","23,4","20,9",15,"14,4",68,57,68,344,"2,4","1,1"
2022/05/04,0000 UTC,0,"887,9","887,9","887,6",,"19,3","14,6","20,9","19,3",15,"14,6",74,69,74,298,"2,5","1,2"
2022/05/04,0100 UTC,0,888,888,"887,9",,"18,9","14,6","19,3","18,5","14,8","14,5",78,74,76,322,"2,1","1,5"
2022/05/04,0200 UTC,0,888,"888,1","887,9",,"18,3","14,7","19,8","18,1","14,9","14,3",80,72,79,307,"2,5","1,4"
2022/05/04,0300 UTC,0,888,"888,1","887,9",,"17,6","14,6","18,6","17,6","15,1","14,6",83,79,82,335,"2,1","0,9"
2022/05/04,0400 UTC,0,"887,8","888,1","887,8",,"17,7","14,8","17,8","16,9",15,"14,5",87,82,83,338,"1,7","1,3"
2022/05/04,0500 UTC,0,"887,5","887,9","887,5",,"17,1","14,7","18,1",17,"14,9","14,6",86,81,86,341,"2,1","1,1"
2022/05/04,0600 UTC,0,"887,2","887,5","887,1",,"18,2","14,8","18,6","17,1","15,1","14,7",86,79,81,328,"2,4","1,5"
2022/05/04,0700 UTC,0,"886,9","887,2","886,9",,17,"14,8","18,2","16,7","14,9","14,4",87,81,87,309,"2,4","1,4"
2022/05/04,0800 UTC,0,"887,2","887,2","886,9",,"16,6","14,4","17,3","16,6",15,"14,3",87,85,87,268,"2,3","1,1"
2022/05/04,0900 UTC,0,"887,4","887,4","887,2",,17,"14,8",17,"16,4","14,9","14,3",88,86,87,314,"2,5","1,3"
2022/05/04,1000 UTC,0,"887,8","887,8","887,4","46,1",19,"15,2",19,"16,9","15,2","14,6",87,78,78,306,"3,1","1,6"
2022/05/04,1100 UTC,0,"888,3","888,3","887,8","641,4","21,9","16,4","21,9",19,"16,4","15,2",78,70,71,307,"3,1","1,2"
2022/05/04,1200 UTC,0,"888,6","888,6","888,3","1457,8","24,6","16,1","24,7","21,9","16,8","15,8",71,58,59,282,"5,2","2,7"
2022/05/04,1300 UTC,0,"888,5","888,6","888,4",2194,"26,2","15,7","26,2","24,7","16,3","14,8",59,52,52,282,"5,5","2,5"
2022/05/04,1400 UTC,0,888,"888,5",888,"2595,6","26,3","13,6",28,25,"15,7","13,4",55,42,46,322,"8,9","3,8"
2022/05/04,1500 UTC,0,"887,3",888,"887,3","2185,8",28,"13,6",28,"25,7","14,4","12,7",48,41,41,345,"8,7","4,9"
2022/05/04,1600 UTC,0,"886,7","887,3","886,7","1984,6","26,8","13,9","28,2","25,9","14,5","12,9",48,41,45,336,"9,1","4,4"
2022/05/04,1700 UTC,0,"885,9","886,7","885,9",1891,"28,1","14,2","28,1","25,7","15,1","13,4",52,43,43,319,"8,1","3,8"
2022/05/04,1800 UTC,0,"885,4","885,9","885,4","1970,2","27,5","13,8","28,2","26,4","14,7","12,9",47,41,43,327,"8,5","4,2"
2022/05/04,1900 UTC,0,"885,5","885,5","885,4",1352,"26,2","14,8","28,1","26,2","15,2","13,3",49,41,49,321,"7,9","3,3"
2022/05/04,2000 UTC,0,"885,7","885,7","885,5","358,3","25,5",15,"26,2","25,5","15,1","14,5",52,49,52,317,"7,2","2,9"
2022/05/04,2100 UTC,0,"885,8","885,8","885,6","172,5","23,8","15,6","25,7","23,8","15,6","14,7",60,51,60,299,6,2
2022/05/04,2200 UTC,0,886,886,"885,8",,22,"15,7","23,8",22,"15,7","15,6",67,60,67,292,"3,8","1,6"
2022/05/04,2300 UTC,0,"886,4","886,4",886,,"21,7","16,2","22,1","21,4","16,2","15,7",71,67,71,279,"3,2","1,7"
2022/05/05,0000 UTC,0,"886,8","886,8","886,4",,"21,3","16,2",22,"21,3","16,3","16,1",73,70,73,289,"3,4","1,7"
2022/05/05,0100 UTC,0,"887,3","887,3","886,8",,"20,2","16,3","21,3","20,1","16,3",16,79,73,78,287,"3,2","0,4"
2022/05/05,0200 UTC,0,"887,5","887,6","887,3",,"20,4","16,2","20,8","19,8","16,7","16,1",81,75,77,267,"2,1",1
2022/05/05,0300 UTC,0,"887,7","887,7","887,5",,"19,5","16,7","20,4","19,4","16,8","16,2",84,77,84,292,"1,6","0,7"
2022/05/05,0400 UTC,0,"887,3","887,7","887,3",,"18,8","16,1","19,7","18,8","16,8",16,85,82,85,270,"1,7","0,7"
2022/05/05,0500 UTC,0,"887,1","887,4","887,1",,"19,8","16,8","19,9","18,5","16,9",16,86,81,83,208,4,"2,1"
2022/05/05,0600 UTC,0,887,"887,2","886,9",,"18,9","17,3","19,8","18,8","17,3","16,7",91,83,91,177,5,"1,6"
2022/05/05,0700 UTC,0,887,"887,1",887,,"18,9","17,6","18,9","18,7","17,6","17,2",93,91,92,202,4,"1,7"
2022/05/05,0800 UTC,0,887,887,"886,9",,"19,1","17,7","19,1","18,9","17,7","17,6",92,92,92,156,"3,1","1,3"
2022/05/05,0900 UTC,0,"887,3","887,3",887,,19,"17,7","19,2",19,"17,8","17,6",92,91,92,170,"2,2",1
2022/05/05,1000 UTC,0,888,888,"887,3","21,9","18,8","17,6",19,"18,6","17,7","17,4",93,92,93,159,"2,7","1,4"
2022/05/05,1100 UTC,0,"888,7","888,7",888,"221,7","19,1","17,5","19,1","18,7","17,6","17,3",93,90,90,154,"3,3","1,6"
2022/05/05,1200 UTC,0,"889,2","889,2","888,7","1040,5",21,"17,5",21,"19,1","17,8",17,90,80,80,161,4,"1,8"
2022/05/05,1300 UTC,0,"889,7","889,7","889,2","1501,2","21,7","16,6","22,5","20,4","17,7","16,6",82,72,73,201,"4,3","1,9"
2022/05/05,1400 UTC,0,"889,4","889,8","889,4","2644,5","24,8","16,7","25,3","21,6","17,9","16,7",74,60,61,110,"4,3","1,2"
2022/05/05,1500 UTC,0,"888,6","889,4","888,6","2414,8","26,5","17,3","26,5","24,7","17,7","16,3",63,56,57,91,"5,2",1
2022/05/05,1600 UTC,0,"888,2","888,6","888,2","1698,9","24,3","17,5","27,6","23,9","17,9","16,2",68,51,66,153,"6,2","2,2"
2022/05/05,1700 UTC,0,"887,6","888,2","887,6","1424,2","26,2","17,9","26,3","24,1","18,4","17,2",67,60,61,132,"4,9","1,7"
2022/05/05,1800 UTC,0,"887,2","887,6","887,2","1120,8","26,4","15,2","27,8","25,4","17,8","14,2",62,46,50,285,"4,8","2,1"
2022/05/05,1900 UTC,0,"886,9","887,2","886,9","707,2","26,6","18,1","26,6","24,6","18,2",15,66,49,59,123,"4,7","1,9"
2022/05/05,2000 UTC,0,"887,3","887,3","886,9","728,6","26,4","14,9","27,3","25,3",18,"14,7",63,47,49,263,7,"2,5"
2022/05/05,2100 UTC,0,"887,7","887,7","887,3","130,2","23,6","17,8","26,3","23,6","18,3","14,8",71,49,70,155,"5,6","1,8"
2022/05/05,2200 UTC,0,"888,4","888,4","887,7",,"22,6","17,3","23,6","22,6","17,8","17,1",72,69,72,126,"4,3","2,3"
2022/05/05,2300 UTC,0,"888,9","888,9","888,4",,"21,9","17,4","22,6","21,6","17,5","17,3",77,72,76,145,"4,3","1,6"
2022/05/06,0000 UTC,0,"889,1","889,2","888,8",,"20,6","17,3","21,9","20,2","17,4",17,83,75,81,116,"3,2","1,5"
2022/05/06,0100 UTC,0,"889,5","889,6","889,1",,"19,5","16,9","20,6","19,2","17,3","16,5",86,81,85,155,"3,3","1,1"
2022/05/06,0200 UTC,0,"889,6","889,6","889,3",,"19,1","17,5","19,5","18,7","17,5","16,5",90,85,90,166,"2,3","0,7"
2022/05/06,0300 UTC,0,"889,6","889,8","889,6",,"18,1","16,4","19,3","18,1","17,5","16,4",91,89,90,149,"1,5","0,7"
2022/05/06,0400 UTC,0,"889,3","889,6","889,3",,"17,4","16,2","18,7","17,3","17,1","15,9",92,89,92,156,"1,5","0,5"
2022/05/06,0500 UTC,0,"888,9","889,3","888,9",,"17,4","16,3","17,7",17,"16,6","15,9",94,92,94,164,"1,6","0,6"
2022/05/06,0600 UTC,0,"888,6","888,9","888,6",,"17,8","16,5","17,9","16,9","16,9","15,8",94,92,92,127,"2,4","1,4"
2022/05/06,0700 UTC,0,"888,6","888,7","888,5",,"18,1","16,5","18,2","17,7","16,6","16,2",92,88,90,110,"2,8","1,3"
2022/05/06,0800 UTC,0,"888,6","888,6","888,5",,"17,8","16,6","18,3","17,3","16,7","15,9",93,90,93,135,"2,6","1,4"
2022/05/06,0900 UTC,0,"889,1","889,1","888,6",,"17,5","16,6","17,9","16,7","16,6","15,7",94,92,94,119,"2,1","1,3"
2022/05/06,1000 UTC,0,"889,7","889,8","889,1","36,1","18,2","17,1","18,2","17,5","17,1","16,4",94,93,93,94,"2,4",1
2022/05/06,1100 UTC,0,"890,2","890,2","889,7","439,5","19,7","17,5",20,"18,2","17,5",17,93,84,87,136,"3,4","1,8"
2022/05/06,1200 UTC,0,"890,7","890,7","890,2","1497,6","22,3","17,3","22,6","19,7",18,"17,1",87,73,73,138,"4,4","2,7"
2022/05/06,1300 UTC,0,891,891,"890,7","2156,3","23,2","16,9","23,8","21,8","17,8","16,9",76,67,67,126,"5,4","2,9"
2022/05/06,1400 UTC,0,"890,5",891,"890,5","2590,3","24,5","17,1","25,1","23,2","17,9","16,3",69,61,63,150,"5,4","2,3"
2022/05/06,1500 UTC,0,"889,9","890,5","889,9","2287,8","25,4","16,3","26,4","24,6","17,2","15,7",63,55,57,146,"5,8","2,5"
2022/05/06,1600 UTC,0,"889,2","889,9","889,1","1867,6","26,1","16,5",27,"25,3","17,2","16,1",59,53,55,128,"5,9",3
2022/05/06,1700 UTC,0,"888,4","889,2","888,4","2323,8","28,5","16,5","28,5",26,17,15,56,46,48,145,"5,9","1,9"
2022/05/06,1800 UTC,0,"887,9","888,4","887,9","1074,5","27,1","14,3","28,4","26,4","16,1","14,3",50,45,45,144,"5,6","1,4"
2022/05/06,1900 UTC,0,"887,8","887,9","887,8","832,7","26,9","15,5","27,8","26,9","15,7","14,4",50,46,50,121,4,"1,8"
2022/05/06,2000 UTC,1,"888,5","888,5","887,8","269,3","20,8","16,7","27,1","20,8","17,2","15,2",78,49,77,236,"8,2","4,1"
2022/05/06,2100 UTC,"13,4","888,5","888,7","888,1","202,1","20,5","17,5",21,"18,7","18,7","15,2",88,72,83,9,"10,3","3,7"
2022/05/06,2200 UTC,0,"888,4","888,6","888,3","0,2","19,6","17,9","20,5","19,2",18,"16,6",90,81,90,47,9,"0,6"
2022/05/06,2300 UTC,0,"889,1","889,1","888,4",,"20,3","18,5","20,5","19,3","18,5","17,7",92,86,89,41,"2,5","0,6"
2022/05/07,0000 UTC,0,"889,5","889,7","889,1",,"20,5","18,7","20,5","19,8","18,7","18,1",91,88,90,142,2,"1,3"
2022/05/07,0100 UTC,0,890,890,"889,5",,"20,2","17,9","20,7","19,8","18,7","17,9",90,87,87,296,"3,7","1,7"
2022/05/07,0200 UTC,0,"889,9","890,2","889,9",,20,"16,5","20,9","19,8","18,3","16,4",89,78,81,304,"3,7","1,1"
2022/05/07,0300 UTC,0,"889,7","889,9","889,6",,"18,8","17,1",20,"18,7","17,2","16,5",90,81,90,218,2,"1,1"
2022/05/07,0400 UTC,0,"889,5","889,7","889,5",,19,"17,8",19,"18,6","17,8","17,1",93,90,93,19,"1,5","0,4"
2022/05/07,0500 UTC,0,"889,2","889,5","889,2",,19,"17,7","19,4",19,"18,1","17,6",93,91,92,12,"2,4","0,5"
2022/05/07,0600 UTC,0,889,"889,3",889,,"19,5","18,3","19,5","18,9","18,3","17,7",93,92,93,153,"1,1","0,5"
2022/05/07,0700 UTC,0,889,889,"888,8",,"18,9","17,5","19,5","18,7","18,3","17,3",93,91,92,143,2,"0,9"
2022/05/07,0800 UTC,0,889,889,"888,8",,"18,8",17,"19,6","18,7",18,"16,8",92,88,89,144,"2,6","0,8"
2022/05/07,0900 UTC,"0,2","889,1","889,1","888,9",,"18,1","16,5","19,1","18,1",17,"16,3",90,86,90,136,"2,2","1,1"
2022/05/07,1000 UTC,0,"889,8","889,8","889,1","39,7","18,4","16,7","18,7",18,"16,9","16,3",91,87,89,146,"2,6","0,8"
2022/05/07,1100 UTC,0,"890,5","890,5","889,8","315,1","20,7","17,2","20,7","18,5","17,4","16,7",89,80,80,94,"5,4",3
2022/05/07,1200 UTC,0,891,891,"890,5","1255,5",22,"17,2",22,"20,6","17,6","16,8",80,75,75,101,"6,9","3,4"
2022/05/07,1300 UTC,0,"891,3","891,4",891,"2178,5","23,8","17,1","23,8","21,7","17,7","16,9",75,66,66,58,"8,4","3,8"
2022/05/07,1400 UTC,0,"890,9","891,3","890,9","2465,5","23,8","16,4",25,"23,2","17,7","16,1",68,59,63,51,"8,9",4
2022/05/07,1500 UTC,0,"890,3","890,9","890,3","1992,5","24,6","16,4","25,4","23,8","17,4","16,3",65,59,60,67,"7,3","3,4"
2022/05/07,1600 UTC,0,"889,6","890,3","889,6","2336,7","26,2","16,1","26,9","24,5","17,2","15,7",62,52,54,57,"7,4","2,9"
2022/05/07,1700 UTC,0,"888,8","889,6","888,8","1997,1","26,6","16,2",27,"25,2","16,7","15,4",57,50,53,80,"6,8","2,7"
2022/05/07,1800 UTC,0,"888,1","888,9","888,1","2605,5","27,5",16,"28,1","26,5","16,9","15,5",55,49,50,91,"6,4","2,4"
2022/05/07,1900 UTC,0,888,"888,1",888,"1115,4","25,6","15,9","27,7","25,2","16,8","15,3",57,49,55,61,"6,1","2,2"
2022/05/07,2000 UTC,0,"887,9",888,"887,8","815,9","25,8","15,8","26,8","25,6",16,"14,8",55,49,54,70,"4,5","2,4"
2022/05/07,2100 UTC,0,"888,3","888,3","887,9","151,4","24,1",16,"25,7",24,"16,5","15,8",62,54,61,66,"4,5","1,4"
2022/05/07,2200 UTC,0,"888,7","888,7","888,3",,"23,6",16,"24,2","23,4","16,1","15,6",63,59,62,100,5,"2,6"
2022/05/07,2300 UTC,0,"889,3","889,4","888,7",,"23,5","16,2","23,8","23,2","16,2","15,8",64,61,64,87,"4,8","1,9"
2022/05/08,0000 UTC,0,"889,6","889,6","889,3",,"22,2","16,5","23,5","22,1","16,6","16,2",71,63,70,66,"3,5","1,5"
2022/05/08,0100 UTC,0,"889,7","889,7","889,6",,"21,9","16,3","22,7","21,9","16,5","16,2",71,68,71,91,"6,6","2,8"
2022/05/08,0200 UTC,0,"889,6","889,8","889,6",,"21,4","16,5","21,9","21,4","16,5","16,2",74,71,74,59,"5,7",2
2022/05/08,0300 UTC,0,"889,7","889,8","889,6",,"20,8","16,3","21,4","20,7","16,5","16,3",76,74,76,55,"5,7","1,5"
2022/05/08,0400 UTC,0,"889,2","889,7","889,2",,"20,1","16,3","20,8","20,1","16,3","16,2",79,76,79,53,"3,3","1,7"
2022/05/08,0500 UTC,0,"888,7","889,2","888,7",,"20,1","16,4","20,2","19,6","16,5","16,2",81,79,80,73,"3,3","1,9"
2022/05/08,0600 UTC,0,"888,6","888,7","888,6",,"19,5","16,3","20,1","19,3","16,4","16,1",82,79,82,77,"3,2","1,5"
2022/05/08,0700 UTC,0,"888,2","888,6","888,2",,20,"16,2","20,1","19,5","16,3","16,1",82,78,79,88,"4,6","2,5"
2022/05/08,0800 UTC,0,"888,3","888,3","888,1",,20,"15,8","20,2","19,9","16,3","15,8",79,77,77,76,"6,5","3,4"
2022/05/08,0900 UTC,0,"888,7","888,7","888,2",,19,"15,4",20,19,"15,8","15,4",80,77,80,63,"6,5","2,4"
2022/05/08,1000 UTC,0,"889,4","889,4","888,7","33,4","19,1","15,4","19,2","18,7","15,5","15,4",81,79,79,62,"7,1","1,8"
2022/05/08,1100 UTC,0,"890,2","890,2","889,4","642,3","20,7","15,5","20,7","19,1","15,8","15,4",79,72,73,73,5,3
2022/05/08,1200 UTC,0,"890,6","890,6","890,1","1465,9","21,7","15,7","22,1","20,5","16,2","15,5",74,67,69,73,7,"3,5"
2022/05/08,1300 UTC,0,"890,8","890,8","890,5","2185,6","22,9","15,5","23,5","21,6","16,2","15,3",70,62,63,60,"9,3","3,8"
2022/05/08,1400 UTC,0,"890,5","890,8","890,5","2772,1","24,5","14,9","24,9","22,6","16,6","14,8",65,54,55,50,"8,3","3,6"
2022/05/08,1500 UTC,0,"889,8","890,5","889,8","2624,3","24,6","14,8","25,9","23,7","15,9","14,6",59,52,54,58,"7,7","2,8"
2022/05/08,1600 UTC,0,889,"889,8",889,"2214,2","26,8","15,2",27,"24,4","15,8","14,1",55,49,49,77,"6,8",3
2022/05/08,1700 UTC,0,"888,3","889,1","888,3","2133,3",26,"15,3",27,"24,9","15,7","13,8",54,47,52,72,"7,8","2,8"
2022/05/08,1800 UTC,0,888,"888,3",888,"1541,8","25,4","14,3",27,"25,1","15,3","13,4",51,47,50,106,"6,1","2,7"
2022/05/08,1900 UTC,0,"887,6",888,"887,6","1454,8","26,4","12,8",27,"25,1","14,7","12,8",51,43,43,91,"7,1","3,3"
2022/05/08,2000 UTC,0,"887,7","887,7","887,6","998,7","25,7","13,6","26,6","25,6","13,8","12,5",48,43,47,105,"7,1","2,6"
2022/05/08,2100 UTC,0,"887,8","887,8","887,5","161,5","23,6","14,1","25,7","23,6","14,1","12,8",55,46,55,102,6,"2,9"
2022/05/08,2200 UTC,0,"888,3","888,3","887,8",,"22,9","14,7","23,7","22,7","14,7","13,9",60,54,60,105,"6,5","3,1"
2022/05/08,2300 UTC,0,"888,8","888,8","888,3",,22,"14,6","22,8",22,"14,9","14,6",63,60,63,98,"6,5","2,6"
2022/05/09,0000 UTC,0,"889,3","889,3","888,8",,"21,7","14,6","22,1","21,7","14,6","14,4",64,62,64,99,"5,6","3,1"
2022/05/09,0100 UTC,0,"889,3","889,4","889,3",,"20,6","14,8","21,7","20,6",15,"14,5",70,64,70,100,"6,3","2,1"
2022/05/09,0200 UTC,0,"889,2","889,4","889,1",,"20,1",15,21,"20,1","15,1","14,8",73,69,73,89,6,"2,4"
2022/05/09,0300 UTC,0,"889,2","889,2","889,2",,"19,7",15,"20,3","19,7","15,1","14,9",74,72,74,93,6,"2,5"
2022/05/09,0400 UTC,0,"889,1","889,2","889,1",,19,"14,9","19,8","18,8",15,"14,8",77,74,77,99,"5,5","1,7"
2022/05/09,0500 UTC,0,"888,8","889,1","888,8",,19,"14,7","19,3","18,9",15,"14,7",77,76,76,94,"4,3","2,3"
2022/05/09,0600 UTC,0,"888,7","888,8","888,6",,"18,4","14,7",19,"18,4","14,9","14,7",79,76,79,87,"4,3","2,3"
2022/05/09,0700 UTC,0,"888,7","888,7","888,6",,"18,7","14,7","18,8","18,4","14,8","14,7",79,77,78,81,"4,8","2,3"
2022/05/09,0800 UTC,0,"888,9","888,9","888,7",,"18,7","14,6","18,8","18,6","14,8","14,6",78,77,77,76,"6,4","2,4"
2022/05/09,0900 UTC,0,"889,5","889,5","888,9",,"18,2","14,6","18,7","18,1","14,7","14,5",80,77,80,66,"6,3","1,7"
2022/05/09,1000 UTC,0,"890,3","890,3","889,5","26,7","18,2","14,8","18,2","18,1","14,8","14,6",81,79,80,76,6,"2,7"
2022/05/09,1100 UTC,0,"891,2","891,2","890,3","544,5","19,3","14,6","19,7","18,2","15,2","14,6",80,74,74,56,"6,5",3
2022/05/09,1200 UTC,0,"891,6","891,7","891,2","1399,9","20,5","14,6","20,7",19,"15,2","14,4",76,69,69,60,"6,9","4,1"
2022/05/09,1300 UTC,0,"891,6","891,8","891,6","2112,3","22,6","14,5","22,8","20,5","15,4","14,2",69,59,60,53,"6,8","3,4"
2022/05/09,1400 UTC,0,891,"891,6",891,"2719,7","23,8","14,1","24,1","22,5","14,9","13,7",60,54,55,96,"6,9","3,6"
2022/05/09,1500 UTC,0,"890,1",891,"890,1","3027,4","25,3","13,5","25,5","23,7",15,"13,5",56,48,48,59,"6,5","2,7"
2022/05/09,1600 UTC,0,"889,3","890,1","889,2","2935,1","25,8","12,7","26,2","24,8","13,9","11,9",50,43,44,57,"6,6","2,7"
2022/05/09,1700 UTC,0,"888,6","889,3","888,6","2496,7","24,9","12,1","26,5","24,8","13,1","11,5",46,42,45,138,"5,6","2,3"
2022/05/09,1800 UTC,0,888,"888,6",888,"2048,9","25,7","12,1","26,9","24,8","13,2",11,46,39,43,100,"5,5","2,4"
2022/05/09,1900 UTC,0,"887,8",888,"887,8","1428,5","26,2","11,2","26,9",25,"13,2","11,1",45,39,39,118,"5,4","2,4"
2022/05/09,2000 UTC,0,888,"888,1","887,8","892,9","25,1","11,9","26,5",25,"12,2","10,9",44,39,44,121,"5,6",3
2022/05/09,2100 UTC,0,"888,1","888,1",888,"104,9",23,"12,5","25,1",23,"12,5","11,7",52,44,52,140,"5,8","1,9"
2022/05/09,2200 UTC,0,"888,2","888,2","888,1",,"21,2","13,2",23,21,"13,3","12,5",61,52,60,128,"3,3","1,4"
2022/05/09,2300 UTC,0,"888,7","888,7","888,2",,"21,7","13,4","21,8","20,3","13,6","13,2",65,59,59,112,"4,2","2,5"
2022/05/10,0000 UTC,0,889,889,"888,7",,"21,1","13,1","21,7","21,1","13,4","13,1",61,59,60,110,"5,8","3,6"
2022/05/10,0100 UTC,0,889,"889,1",889,,"20,2","13,2","21,1","20,1","13,3","13,1",64,60,64,106,"5,8","2,6"
2022/05/10,0200 UTC,0,889,"889,1",889,,"19,8","13,2","20,2","19,7","13,4","13,2",66,64,66,98,"5,1","2,6"
2022/05/10,0300 UTC,0,889,"889,1",889,,"19,1","13,2","19,8","18,9","13,2","13,1",69,66,69,108,"4,7","1,9"
2022/05/10,0400 UTC,0,"888,7",889,"888,7",,"18,4","13,1","19,2","18,4","13,2","13,1",71,69,71,105,"4,4","1,7"
2022/05/10,0500 UTC,0,"888,4","888,7","888,4",,18,"12,7","18,6",18,"13,1","12,7",71,70,71,108,"4,1","1,5"
2022/05/10,0600 UTC,0,888,"888,5","887,9",,"18,4","12,7","18,4",18,"12,8","12,6",71,69,70,99,"4,8","2,9"
2022/05/10,0700 UTC,0,888,888,888,,"15,3","12,2","18,4","15,3","12,7","12,2",82,69,82,149,"4,8","0,6"
2022/05/10,0800 UTC,0,"888,2","888,2",888,,"16,3","12,5","17,2","14,9","13,2","12,2",85,75,78,118,"3,5","1,4"
2022/05/10,0900 UTC,0,"888,7","888,7","888,2",,"16,7","12,8",17,"16,3","12,9","12,5",79,76,78,100,"5,3","2,5"
2022/05/10,1000 UTC,0,"889,1","889,1","888,6","31,7",17,"12,9",17,"16,4","12,9","12,7",79,77,77,99,"5,2","2,9"
2022/05/10,1100 UTC,0,"889,9","889,9","889,1","616,5","18,6","12,7","18,6",17,"13,1","12,6",77,69,69,92,"6,4","3,8"
2022/05/10,1200 UTC,0,"890,3","890,3","889,9","1449,2","20,5","11,6",21,"18,5","12,8","11,6",69,56,57,68,"7,3","3,5"
2022/05/10,1300 UTC,0,"890,4","890,5","890,3",2182,"22,2","12,2","22,2","20,5","12,6","11,5",58,52,53,81,"8,2","4,2"
2022/05/10,1400 UTC,0,"889,8","890,4","889,8","2725,7","23,1","12,2","23,1",22,"12,3","11,4",54,49,50,50,"7,8","3,3"
2022/05/10,1500 UTC,0,"888,9","889,8","888,9","3020,3",24,"11,9","24,4",23,"12,9","11,5",50,46,47,64,"6,5",3
2022/05/10,1600 UTC,0,"888,2","888,9","888,2","3087,3","24,8","11,9","25,2","23,8","12,6","11,2",48,43,45,94,"6,9","2,9"
2022/05/10,1700 UTC,0,"887,6","888,2","887,6","2745,1","24,3","11,1","25,7","23,9","12,4","10,3",46,40,43,154,"5,2","2,2"
2022/05/10,1800 UTC,0,"886,8","887,6","886,8","2016,7","25,5","11,4","26,1","24,1","11,9","10,2",46,38,41,107,"5,5","1,9"
2022/05/10,1900 UTC,0,"886,8","886,9","886,8",1502,"24,7",11,"26,2","24,4","11,9","9,9",43,39,42,94,"4,8","1,9"
2022/05/10,2000 UTC,0,887,887,"886,8","749,1","24,1",12,"25,3",24,12,"10,8",47,41,47,109,"4,3","1,8"
2022/05/10,2100 UTC,0,"887,2","887,2",887,"153,5","22,4","11,6","24,2","22,3",12,"11,3",51,45,51,110,"4,1","2,3"
2022/05/10,2200 UTC,0,"887,4","887,4","887,2",,"21,3",12,"22,4","21,3","12,1","11,6",56,50,55,108,4,"1,8"
2022/05/10,2300 UTC,0,"887,8","887,8","887,4",,"18,9","12,5","21,5","18,9","12,8","11,9",67,55,67,88,3,"1,2"
2022/05/11,0000 UTC,0,"888,2","888,2","887,8",,"18,5","12,6","20,5","18,2","12,6","12,1",69,60,68,110,"4,2","1,2"
2022/05/11,0100 UTC,0,"888,3","888,4","888,2",,"16,7","12,5","18,9","16,7","13,1","12,3",77,67,76,117,"2,4","0,8"
2022/05/11,0200 UTC,0,"888,4","888,4","888,3",,"16,5","12,8","17,2","15,5","13,6","12,4",85,76,79,128,"2,1","1,3"
2022/05/11,0300 UTC,0,"888,3","888,4","888,3",,"17,9","12,5",18,"15,3","13,5","12,5",86,70,70,111,"3,3","1,9"
2022/05/11,0400 UTC,0,"888,2","888,3","888,2",,"15,6","11,9",18,"15,6","12,5","11,5",79,69,79,98,"3,3","0,9"
2022/05/11,0500 UTC,0,"887,6","888,2","887,6",,"15,4","11,7","17,6","15,4","12,8","11,7",80,71,79,30,"2,9","0,7"
2022/05/11,0600 UTC,0,"887,6","887,6","887,5",,"16,1",12,"16,1","14,1","12,5","11,7",87,76,76,58,"2,5","1,2"
2022/05/11,0700 UTC,0,"887,5","887,6","887,4",,"13,7","11,3","16,6","13,7","11,9","11,1",86,73,86,25,"2,5","0,7"
2022/05/11,0800 UTC,0,"887,7","887,7","887,4",,"13,4",11,"14,9","13,4",12,11,88,81,85,60,"2,2","0,8"
2022/05/11,0900 UTC,0,"888,2","888,2","887,7",,"13,4","11,4","13,8",13,"11,5","10,8",88,84,87,52,2,"0,8"
2022/05/11,1000 UTC,0,"888,7","888,7","888,2",32,"13,6","11,4","14,9","13,4","11,6","10,6",87,77,86,5,"2,1","0,8"
2022/05/11,1100 UTC,0,"889,2","889,2","888,7","608,7","19,2","11,4","19,3","13,6","12,6",11,86,60,61,4,"2,1","1,1"
2022/05/11,1200 UTC,0,"889,6","889,7","889,2","1418,4","21,8","10,5","22,5","19,2","11,9","9,8",61,47,49,60,"3,7","1,7"
2022/05/11,1300 UTC,0,"889,7","889,8","889,6","2116,7","22,7","10,8","23,3","21,6","11,7","10,5",51,47,47,358,"5,2","2,2"
2022/05/11,1400 UTC,0,"889,2","889,7","889,2","2628,7","23,5","11,5","24,3","22,6","11,8","10,6",48,44,47,6,"3,9","1,6"
2022/05/11,1500 UTC,0,"888,4","889,2","888,4","2877,5","25,1","11,3","25,8","23,4",13,10,48,40,42,282,"4,5","2,4"
2022/05/11,1600 UTC,0,"887,4","888,4","887,4","2365,3","26,1","11,7","26,2","24,6","12,2",10,43,38,41,201,"7,5","1,8"
2022/05/11,1700 UTC,0,"886,6","887,4","886,6","1101,9","24,8",11,"26,6","24,8","11,8",10,42,38,42,208,"4,4","1,9"
2022/05/11,1800 UTC,0,"886,1","886,6","886,1","848,6","25,5","10,9",26,"24,7",12,"9,8",45,37,40,207,"3,4","1,6"
2022/05/11,1900 UTC,0,886,"886,1","885,9",1072,"25,1","10,7","26,4","25,1","11,4","9,9",42,36,40,177,"4,6","1,4"
2022/05/11,2000 UTC,0,"886,2","886,2",886,"311,7","24,4","11,7","25,1","24,4","11,9","10,6",46,41,45,154,"5,9","1,6"
2022/05/11,2100 UTC,0,"886,5","886,5","886,2","109,9",22,"12,5","24,4",22,"13,4","11,7",57,45,55,147,"3,3","1,1"
2022/05/11,2200 UTC,0,"886,8","886,8","886,5",,19,"13,2",22,19,"13,4","12,4",70,55,69,113,"2,5","0,4"
2022/05/11,2300 UTC,0,"886,9",887,"886,8",,"18,4","13,4",19,"18,2","13,7","13,2",74,69,72,58,"1,4","0,4"
2022/05/12,0000 UTC,0,"887,5","887,5","886,9",,"18,1","13,3","18,6","17,9","13,5","13,1",74,72,74,82,"1,4","0,9"
2022/05/12,0100 UTC,0,"887,7","887,7","887,5",,"18,4","13,8","18,8","18,1","14,3","13,3",77,71,75,76,"1,4","0,6"
2022/05/12,0200 UTC,0,"887,6","887,8","887,6",,"17,7","13,9","18,4","17,6","14,1","13,6",78,75,78,17,"1,1","0,5"
2022/05/12,0300 UTC,0,"887,7","887,8","887,6",,"17,1","14,1","18,3",17,"14,3","13,5",82,75,82,136,"1,5","0,6"
2022/05/12,0400 UTC,0,"887,3","887,8","887,3",,"16,4","13,7","17,3","16,4","14,6","13,7",85,82,84,87,"1,7","0,7"
2022/05/12,0500 UTC,0,"887,1","887,4","887,1",,"16,3","13,6","16,4","15,9","13,8","13,5",86,84,84,188,"1,3",1
2022/05/12,0600 UTC,0,"886,7","887,1","886,7",,"15,8","13,1","17,1","15,8","13,8","12,8",84,78,84,263,"1,9","0,8"
2022/05/12,0700 UTC,0,"886,8","886,8","886,7",,"16,2","13,6","16,2","15,3","13,8","13,1",88,84,85,,"1,8","0,1"
2022/05/12,0800 UTC,0,"886,7","886,8","886,6",,"15,6","13,3","16,7","15,6",14,"13,3",87,84,86,55,"1,5","0,8"
2022/05/12,0900 UTC,0,"886,9","886,9","886,6",,"15,3",13,"16,3",15,"13,6","12,8",87,83,86,211,"1,6",1
2022/05/12,1000 UTC,0,"887,9","887,9","886,9","37,9","16,5","14,1","16,5","14,8","14,3","12,6",89,85,86,154,"2,6","0,9"
2022/05/12,1100 UTC,0,"888,4","888,5","887,9","308,8","19,7","14,5","19,7","16,5","15,9",14,86,72,72,358,"2,6",1
2022/05/12,1200 UTC,0,"888,9","888,9","888,4","1112,6","22,9","12,3","22,9","19,7","15,3",12,75,51,51,6,"4,2","2,5"
2022/05/12,1300 UTC,0,"889,3","889,3","888,9","2017,4","24,3","12,2","24,6","22,4","12,8","11,3",52,46,47,344,"4,7","2,8"
2022/05/12,1400 UTC,0,889,"889,4",889,"2435,2","24,8","13,4","25,5",24,"13,4","12,1",50,45,49,344,"5,1","2,1"
2022/05/12,1500 UTC,0,"888,3",889,"888,3","1520,1",24,"13,5","26,1",24,14,"12,1",53,43,52,322,"4,6","1,9"
2022/05/12,1600 UTC,0,"887,6","888,3","887,6","1637,5","26,5","14,1","26,6","23,7","14,5","13,3",55,46,46,353,"5,1","2,4"
2022/05/12,1700 UTC,0,"886,9","887,6","886,9","2179,1","25,7","13,9","26,8","24,8","14,2","12,4",50,43,48,324,6,"3,1"
2022/05/12,1800 UTC,0,"886,2","886,9","886,2","2610,1",26,"12,2","27,1","25,5","14,2","11,1",49,38,42,338,"6,6","2,9"
2022/05/12,1900 UTC,0,886,"886,2",886,"1007,8",25,"12,9",27,"24,7","14,1","12,5",50,42,47,342,"5,7","1,7"
2022/05/12,2000 UTC,0,"886,3","886,3",886,"304,5","23,8",14,"25,3","23,8","15,1","12,1",57,44,54,15,"3,7","1,1"
2022/05/12,2100 UTC,0,"886,7","886,7","886,3",76,"21,3","14,5","23,9","21,3",16,13,69,50,65,344,2,"1,3"
2022/05/12,2200 UTC,0,887,887,"886,7",,22,"14,9","22,4","21,2",16,"14,8",69,62,64,273,"4,5","1,5"
2022/05/12,2300 UTC,0,"887,3","887,3","886,9",,"21,2","15,8",22,"21,2","15,8","14,7",71,63,71,219,"3,3","1,2"
2022/05/13,0000 UTC,0,"887,6","887,6","887,3",,"20,7","15,8",22,"20,4","16,2","15,1",75,65,73,177,"2,2","0,8"
2022/05/13,0100 UTC,0,"887,8","887,8","887,6",,"19,7",16,"20,8","19,7",16,"15,3",79,72,79,153,"1,8","0,6"
2022/05/13,0200 UTC,0,"887,9","887,9","887,7",,"19,1","14,8","19,7","18,7","16,1","14,6",80,75,76,148,"1,4","0,9"
2022/05/13,0300 UTC,0,"887,8","887,9","887,7",,"18,6","15,2","19,9","18,4","15,2","14,7",81,74,81,132,"2,2","1,3"
2022/05/13,0400 UTC,0,"887,7","887,8","887,6",,"19,4","14,4","19,6","17,9","15,2","14,2",80,73,73,172,"2,6","1,3"
2022/05/13,0500 UTC,0,"887,3","887,7","887,3",,"18,8","13,6","19,5","17,4","14,5","13,6",81,72,72,150,"3,3","1,7"
2022/05/13,0600 UTC,0,"887,1","887,3","887,1",,"17,9","13,4","18,9","17,9","13,7","13,3",75,71,75,160,"3,3","1,3"
2022/05/13,0700 UTC,0,"887,1","887,1",887,,"17,9","13,5","18,5","17,6","13,5","13,2",76,72,75,152,"3,3","1,5"
2022/05/13,0800 UTC,0,"887,3","887,3","887,1",,"15,9","13,2","17,9","15,8","13,4",13,84,75,84,142,"2,9","1,2"
2022/05/13,0900 UTC,0,"887,8","887,8","887,3",,"16,9","13,4","16,9","15,8","13,4","13,1",85,80,80,141,"2,5","1,7"
2022/05/13,1000 UTC,0,"888,5","888,5","887,8","33,8","15,8","13,2","17,3","15,8","13,5","12,9",85,78,85,80,"2,5","0,6"
2022/05/13,1100 UTC,0,"889,2","889,2","888,5",390,20,"14,4",20,"15,7","15,7","13,3",88,70,70,122,"1,9",1
2022/05/13,1200 UTC,0,"889,8","889,8","889,2","1537,4",23,"13,7",23,20,"14,8","13,1",71,54,56,125,"3,5","1,9"
2022/05/13,1300 UTC,0,890,"890,1","889,8",2058,"24,2","13,9","24,3","22,7","14,2",13,56,51,53,107,"5,3","2,5"
2022/05/13,1400 UTC,0,"889,9","890,1","889,9","2593,3","25,2","13,9","25,3","23,5","14,7","13,4",56,49,50,93,"5,6","2,5"
2022/05/13,1500 UTC,0,"889,3",890,"889,3","2921,6","26,3",13,"26,4","24,9","14,1","12,5",50,43,44,86,"6,2",3
2022/05/13,1600 UTC,0,"888,4","889,3","888,4","2838,1","26,2","12,5","26,9","25,8","13,5",12,45,40,42,94,6,"2,1"
2022/05/13,1700 UTC,0,"887,5","888,4","887,5","2672,5","26,9","12,9","27,2","26,1","13,3",12,44,40,42,85,"5,7",2
2022/05/13,1800 UTC,0,"886,8","887,5","886,8","1382,9","26,4","12,7","27,1","25,5","13,4","12,3",45,41,43,55,"5,2","2,1"
2022/05/13,1900 UTC,0,"886,7","886,8","886,6","818,9","26,1","12,7","26,4","25,9",13,12,44,41,43,51,"5,2","2,2"
2022/05/13,2000 UTC,0,"886,9","886,9","886,6","617,1","25,6","12,4","26,5","25,6","13,3","12,2",45,41,44,73,4,"1,6"
2022/05/13,2100 UTC,0,"887,3","887,3","886,9","95,5","24,1",13,"25,6","24,1",13,"12,3",50,44,50,89,"3,5","1,4"
2022/05/13,2200 UTC,0,"887,6","887,6","887,3",,"23,8","13,2","24,3","23,8","13,3","12,9",52,49,52,85,"3,9",2
2022/05/13,2300 UTC,0,888,"888,1","887,6",,"22,8","13,6",24,"22,8","13,7","13,2",56,51,56,107,"3,8","1,7"
2022/05/14,0000 UTC,0,"888,6","888,6",888,,"22,3","13,8","23,1","22,2","13,8","13,5",59,55,59,111,"4,2","1,9"
2022/05/14,0100 UTC,0,"888,8","888,9","888,6",,"21,8","13,4","22,4","21,8","13,8","13,4",60,58,59,101,"4,7","2,3"
2022/05/14,0200 UTC,0,889,"889,1","888,8",,"21,4","13,6","22,2","21,4","13,7","13,4",61,58,61,113,"4,5","2,2"
2022/05/14,0300 UTC,0,"888,8","889,1","888,8",,21,"13,5","21,5",21,"13,8","13,5",63,61,62,108,"5,2","2,2"
2022/05/14,0400 UTC,0,"888,4","888,8","888,4",,"19,9","13,5","21,2","19,8","13,7","13,5",67,62,66,106,"4,1","1,7"
2022/05/14,0500 UTC,0,"887,9","888,4","887,9",,"19,9","13,1","20,3","19,8","13,5",13,67,63,65,107,"3,9","1,8"
2022/05/14,0600 UTC,0,"887,9","887,9","887,8",,"16,7","13,3",20,"16,5","13,3","12,6",81,64,81,140,"3,7","0,9"
2022/05/14,0700 UTC,0,888,888,"887,8",,"16,2","13,2","16,8","16,2","13,7","13,2",83,80,82,173,"1,7","0,5"
2022/05/14,0800 UTC,0,888,888,"887,9",,"17,1","13,2","17,2","15,7","13,6","12,8",84,78,78,139,"2,7","1,2"
2022/05/14,0900 UTC,0,"888,4","888,4",888,,"17,2","13,3",18,"16,6","13,3","12,7",79,74,78,119,3,"1,4"
2022/05/14,1000 UTC,0,889,889,"888,4","19,8","17,9",14,"17,9","16,6",14,"12,8",79,74,78,118,"3,3","1,8"
2022/05/14,1100 UTC,0,"889,5","889,6",889,"486,6","20,4",14,"20,4","17,9","14,6","13,7",78,66,67,110,"5,9",3
2022/05/14,1200 UTC,0,"889,8","889,9","889,5","1385,7","21,9","14,4","21,9","20,4","14,6","13,7",67,62,62,92,"7,9","4,1"
2022/05/14,1300 UTC,0,890,"890,2","889,8","2081,7","23,4","14,9","23,4","21,8","14,9",14,63,58,59,79,"8,2","3,3"
2022/05/14,1400 UTC,0,"889,5",890,"889,4","2621,7","25,1","14,1","25,2","23,1","15,2",14,60,51,51,62,"7,8","3,9"
2022/05/14,1500 UTC,0,"888,6","889,5","888,6","2851,6","25,9","13,4","26,1","24,8","14,5","12,9",52,45,46,69,"7,5","3,5"
2022/05/14,1600 UTC,0,"887,5","888,6","887,4",3162,"26,9","13,2","27,3","25,6","14,4","12,1",48,41,43,37,"6,7","3,3"
2022/05/14,1700 UTC,0,"886,6","887,5","886,6","2122,3","26,2","13,4","27,6",25,"14,3","12,9",49,42,45,76,"6,7","3,1"
2022/05/14,1800 UTC,0,"885,8","886,6","885,8","921,6","25,7","12,6","27,2","25,2","13,6","12,2",48,41,44,101,6,"2,8"
2022/05/14,1900 UTC,0,"885,8","885,9","885,6","1534,6","25,8",12,"27,8","25,5","13,6",12,45,40,42,82,"6,1","3,2"
2022/05/14,2000 UTC,0,"885,8","885,9","885,8","904,8","25,8",12,"26,8","25,8","13,1",12,43,41,42,90,"5,4","3,1"
2022/05/14,2100 UTC,0,"886,1","886,2","885,8","168,8","24,1","13,2","25,8","24,1","13,2",12,51,42,51,69,"5,2","2,4"
2022/05/14,2200 UTC,0,"886,5","886,6","886,1",,23,"14,1","24,2",23,"14,1","13,2",57,50,57,60,"4,5","2,1"
2022/05/14,2300 UTC,0,887,887,"886,5",,"22,1","14,1",23,22,"14,3","14,1",61,57,61,54,4,"1,5"
2022/05/15,0000 UTC,0,"887,1","887,1","886,9",,"21,5","14,2","22,1","21,5","14,2",14,63,60,63,71,"3,4","1,8"
2022/05/15,0100 UTC,0,"887,2","887,2",887,,"21,4","14,4","21,8","21,4","14,4","14,2",64,62,64,70,"4,5","2,4"
2022/05/15,0200 UTC,0,"887,4","887,5","887,1",,"20,6","14,6","21,4","20,6","14,6","14,3",68,64,68,62,"4,5","1,7"
2022/05/15,0300 UTC,0,"887,2","887,5","887,2",,"20,2","14,5","20,7","19,9","14,7","14,5",71,68,70,66,"3,8","1,6"
2022/05/15,0400 UTC,0,"886,9","887,3","886,9",,"19,7","14,3","20,3","19,7","14,5","14,3",72,69,71,65,3,"1,5"
2022/05/15,0500 UTC,0,"886,3","886,9","886,1",,"19,6","14,4","19,9","19,3","14,5","14,3",73,71,72,73,"4,4","2,2"
2022/05/15,0600 UTC,0,886,"886,3","885,9",,"18,7","14,3","19,7","18,4","14,4","14,1",77,71,76,32,"4,4","1,3"
2022/05/15,0700 UTC,0,"886,4","886,5",886,,"16,3","13,9","18,8","16,3","14,4","13,8",86,75,86,347,"2,4","0,9"
2022/05/15,0800 UTC,0,"886,7","886,7","886,3",,"16,5","14,4","16,5","15,6","14,5","13,9",90,86,88,4,"1,3","0,3"
2022/05/15,0900 UTC,0,"887,4","887,4","886,7",,"16,9","14,8","17,2","16,5",15,"14,4",88,86,87,357,"1,4","0,8"
2022/05/15,1000 UTC,0,"887,7","887,7","887,4","30,4","17,3","15,1","17,5","16,9","15,3","14,8",88,86,87,354,"1,9","0,8"
2022/05/15,1100 UTC,0,"888,3","888,4","887,6","566,2","21,1",15,"21,2","17,3","15,6","14,8",87,67,68,351,"3,6","1,8"
2022/05/15,1200 UTC,0,889,889,"888,3","1375,3","22,6","14,9","23,1",21,"15,6","14,7",69,62,62,3,"6,1","3,1"
2022/05/15,1300 UTC,0,889,"889,2",889,"2072,1","24,3","14,8","24,3","22,3","15,6","14,1",64,55,55,14,"5,9","2,6"
2022/05/15,1400 UTC,0,"888,4","889,1","888,4","2658,5",25,"14,1","25,8",24,15,"13,6",56,48,51,359,"6,9","3,1"
2022/05/15,1500 UTC,0,"887,7","888,4","887,6","2310,3",25,"13,9","26,6","24,6","15,2","13,7",53,47,50,312,"9,2","2,1"
2022/05/15,1600 UTC,0,"886,9","887,7","886,9","1253,2","25,7",14,"26,3","24,8","15,2","12,8",52,45,49,303,"6,8","1,9"
2022/05/15,1700 UTC,0,"886,2","886,9","886,2","1301,7","26,8","14,5",27,"25,4","14,8","13,2",50,45,47,349,"5,4","1,7"
2022/05/15,1800 UTC,0,"885,5","886,2","885,5",2027,"27,4","13,1","28,1","26,2","14,5","12,7",47,40,41,331,"5,5","2,4"
2022/05/15,1900 UTC,0,"885,4","885,5","885,3","849,3","25,1","13,6","28,2","25,1","14,1","12,3",51,39,49,322,"4,6","1,2"
2022/05/15,2000 UTC,0,"885,6","885,6","885,4","561,4","26,5","13,6","26,9","25,1","14,3","13,1",50,43,45,2,5,"2,6"
2022/05/15,2100 UTC,0,"885,9","885,9","885,6","255,1","23,9","13,9","26,8","23,9","13,9","13,2",54,44,54,324,"5,9",2
2022/05/15,2200 UTC,0,"886,4","886,4","885,8",,22,"14,7","23,9",22,15,"13,8",63,54,63,209,"4,3","0,4"
2022/05/15,2300 UTC,0,"887,3","887,3","886,4",,"21,6","14,7","22,4","21,3","15,6","14,5",69,61,65,271,"2,2","1,1"
2022/05/16,0000 UTC,0,"887,7","887,7","887,2",,"20,3","14,4","22,3","20,3","15,3","14,1",69,61,69,43,"2,7","0,6"
2022/05/16,0100 UTC,0,"888,3","888,3","887,7",,"19,5","16,6","20,6","19,4","16,6","14,5",83,69,83,148,"6,4","3,7"
2022/05/16,0200 UTC,0,"888,5","888,6","888,3",,"19,1","16,6","19,5","19,1","16,9","16,6",86,83,86,109,"5,8","1,2"
2022/05/16,0300 UTC,0,"888,2","888,5","888,1",,"18,2","16,2","19,1","18,2","16,8",16,88,85,88,79,"2,2","0,8"
2022/05/16,0400 UTC,0,"888,1","888,3","888,1",,"18,9","16,7","19,1","18,3",17,"16,3",89,87,87,145,"2,3","0,7"
2022/05/16,0500 UTC,0,"887,7","888,2","887,7",,"18,7","16,2","19,1","18,5","16,7","16,2",87,85,86,68,"2,2","0,9"
2022/05/16,0600 UTC,0,"887,4","887,7","887,4",,"18,5","16,3","18,8","17,9","16,7","15,9",89,86,87,124,"2,1","1,1"
2022/05/16,0700 UTC,0,"887,6","887,7","887,4",,"18,2","16,5","18,5","17,8","16,6","15,9",91,87,90,144,2,"1,1"
2022/05/16,0800 UTC,0,888,888,"887,6",,"18,5","16,7","18,5","17,9","16,7","16,2",90,89,89,166,2,"1,1"
2022/05/16,0900 UTC,0,"888,2","888,2","887,9",,"17,1","15,6","18,5","17,1","16,6","15,6",91,88,91,173,3,"0,8"
2022/05/16,1000 UTC,0,"888,8","888,8","888,2","27,7","17,6","16,5","17,6",17,"16,5","15,6",93,91,93,156,3,"1,6"
2022/05/16,1100 UTC,0,"889,4","889,4","888,8","415,7","19,1","16,8","19,1","17,6","16,8","16,4",93,87,87,124,"3,7","1,5"
2022/05/16,1200 UTC,0,"889,8","889,8","889,4","1306,6",21,"16,6",21,19,"16,9","16,2",87,76,76,94,"4,4","1,6"
2022/05/16,1300 UTC,0,"889,9",890,"889,8","2006,9","22,1","16,5","22,4","20,8","17,2","16,1",77,71,71,85,"4,7","2,1"
2022/05/16,1400 UTC,0,"889,3",890,"889,3",2456,"23,4","16,6",24,22,"17,2","15,8",72,64,65,333,"4,6","1,9"
2022/05/16,1500 UTC,0,"888,5","889,3","888,5","2181,1","24,7","16,8","24,7","22,8","16,9","16,1",68,61,61,169,"4,3","1,3"
2022/05/16,1600 UTC,0,"887,6","888,5","887,6","1797,6","25,7","15,5","25,8","24,1","16,9","15,2",61,52,53,320,"4,4","1,4"
2022/05/16,1700 UTC,0,"886,9","887,6","886,9",1444,"25,4","15,2","27,1","25,1","15,6","14,1",54,48,53,217,5,"2,5"
2022/05/16,1800 UTC,0,"886,2","886,9","886,2","776,8","25,5",16,"26,1","24,3","16,5","14,3",60,49,56,301,"4,6","0,6"
2022/05/16,1900 UTC,0,"885,8","886,2","885,7","1365,3","25,6",14,"27,8","25,5","16,8","13,2",57,42,49,270,"6,7","1,4"
2022/05/16,2000 UTC,0,886,"886,1","885,7","856,3",24,17,"27,1","23,3","17,2","14,1",67,45,65,85,"4,6","2,5"
2022/05/16,2100 UTC,0,"886,8","886,8","885,9","237,7","22,6","16,3","24,5","22,6","17,2","15,4",69,57,68,162,"6,5","2,7"
2022/05/16,2200 UTC,0,"887,3","887,4","886,7",,"21,1",16,"22,6","21,1","16,5","15,5",74,65,73,158,"5,4","2,5"
2022/05/16,2300 UTC,0,"888,1","888,1","887,3",,"20,5","16,2","21,1","20,5","16,3","15,8",76,72,76,131,4,1
2022/05/17,0000 UTC,0,"888,5","888,5",888,,20,"16,5","20,5","19,9","16,5","16,1",80,76,80,168,"2,2",1
2022/05/17,0100 UTC,0,"888,7","888,7","888,4",,19,"16,3","20,2",19,"16,6","16,2",84,79,84,190,"2,9",1
2022/05/17,0200 UTC,0,"888,9","889,1","888,7",,"19,1","16,7","19,2","18,5","16,7","16,2",87,84,86,185,"3,1","1,7"
2022/05/17,0300 UTC,0,"888,9",889,"888,8",,"19,3","16,5","19,3","18,9","16,7","16,3",86,84,84,183,"3,8","1,8"
2022/05/17,0400 UTC,0,"888,5","888,9","888,5",,"18,8","16,1","19,3","18,8","16,5","16,1",85,83,85,183,"4,8",2
2022/05/17,0500 UTC,0,"888,1","888,5","888,1",,18,"16,1","18,8",18,"16,3","16,1",89,85,89,199,"5,1","1,3"
2022/05/17,0600 UTC,0,"888,1","888,2",888,,18,"16,2",18,"17,7","16,4",16,91,89,89,198,"4,6","2,1"
2022/05/17,0700 UTC,0,"888,2","888,3",888,,"18,1","15,9","18,1",18,"16,2","15,8",89,87,87,201,"4,6","1,9"
2022/05/17,0800 UTC,0,"888,2","888,3","888,1",,"17,5","15,2","18,1","17,5","15,9","15,2",87,85,87,187,"4,6","1,8"
2022/05/17,0900 UTC,0,"888,2","888,3","888,1",,"17,4","15,4","17,5","17,4","15,4","15,2",88,87,88,181,"5,4","2,1"
2022/05/17,1000 UTC,0,"888,6","888,7","888,2",23,"17,3","15,2","17,4",17,"15,4",15,89,87,88,186,"4,4","1,8"
2022/05/17,1100 UTC,0,889,889,"888,6","218,1","18,1","15,2","18,1","17,3","15,4",15,88,83,83,205,"4,9","2,4"
2022/05/17,1200 UTC,0,"889,6","889,6",889,"997,7","19,2","15,1","19,5","18,1","15,6","14,8",83,76,77,199,5,"2,2"
2022/05/17,1300 UTC,0,"889,8","889,8","889,4","1363,4",20,"15,3","20,7",19,"15,8","14,8",78,72,75,207,"5,4","2,5"
2022/05/17,1400 UTC,0,"889,5","889,9","889,5","1977,9","20,2","15,6","20,9","19,4","16,5",15,78,71,75,203,"5,4","2,2"
2022/05/17,1500 UTC,0,"888,9","889,6","888,9","2726,7",22,"15,6","22,3","20,2","16,7","15,1",75,66,67,224,5,"1,5"
2022/05/17,1600 UTC,0,888,"888,9",888,"2906,6","22,5","15,5","22,9","21,7","16,5","15,3",69,65,65,208,"6,6","3,2"
2022/05/17,1700 UTC,0,"887,5",888,"887,5",2282,"21,2","15,1","23,4","20,8","16,2","14,9",70,62,69,220,"7,5","3,4"
2022/05/17,1800 UTC,0,887,"887,5","886,9","2080,4","22,7","16,1","22,7","20,9","16,1","14,8",71,66,66,206,"6,8","3,1"
2022/05/17,1900 UTC,0,"886,2",887,"886,2","1473,9","23,3","14,9","23,6","21,7","15,9","14,8",67,59,59,202,"6,2","2,5"
2022/05/17,2000 UTC,0,"886,3","886,3",886,893,"21,2",15,"23,3",21,"15,4","14,6",68,59,68,214,7,"3,3"
2022/05/17,2100 UTC,0,"886,7","886,7","886,3",141,"19,6","14,4","21,2","19,5","14,9","14,4",72,67,72,207,"6,6","2,7"
2022/05/17,2200 UTC,0,887,"887,1","886,7",,"18,7","14,2","19,6","18,7","14,4","14,2",75,72,75,175,"5,4",1
2022/05/17,2300 UTC,0,"887,9","887,9",887,,"18,2","13,9","18,7","18,2","14,3","13,9",77,75,76,207,"6,2","3,1"
2022/05/18,0000 UTC,0,"888,1","888,2","887,9",,"17,2",13,"18,3","17,2",14,13,76,75,76,203,"7,8","2,5"
2022/05/18,0100 UTC,0,"888,5","888,5","888,1",,"16,2",12,"17,2","16,2",13,"11,9",78,76,76,215,"6,2","2,9"
2022/05/18,0200 UTC,0,"888,5","888,6","888,4",,"15,3","11,5","16,2","15,3",12,"11,5",78,76,78,214,"6,9","3,6"
2022/05/18,0300 UTC,0,"888,5","888,6","888,5",,14,"10,5","15,3","13,9","11,5","10,5",80,77,80,209,"9,2","3,9"
2022/05/18,0400 UTC,0,"888,1","888,6","888,1",,13,"9,7",14,13,"10,4","9,7",81,79,80,208,"9,2","3,9"
2022/05/18,0500 UTC,0,888,"888,2",888,,"12,1",9,"13,1","12,1","9,7","8,9",81,80,81,207,"9,1","2,3"
2022/05/18,0600 UTC,0,"887,3",888,"887,2",,"11,2","7,4","12,1","11,2",9,"7,3",83,77,77,189,"5,6","2,2"
2022/05/18,0700 UTC,0,"887,3","887,5","887,3",,"10,7","5,4","11,3","10,7","7,4","5,4",77,70,70,178,"3,9","1,7"
2022/05/18,0800 UTC,0,"887,2","887,3",887,,"10,2",5,"10,8","10,1","5,4","4,9",71,67,71,192,"5,4","2,8"
2022/05/18,0900 UTC,0,"887,3","887,3","887,1",,"9,2","4,6","10,2","9,2","5,1","4,5",73,70,73,195,"6,5","2,6"
2022/05/18,1000 UTC,0,888,888,"887,3","20,7","9,2",4,"9,2","8,9","4,7","3,9",74,70,70,197,"8,1","3,7"
2022/05/18,1100 UTC,0,"888,6","888,6",888,"392,3","9,6","2,9","9,8","9,2","4,1","2,8",71,62,63,204,"8,7","4,5"
2022/05/18,1200 UTC,0,"889,4","889,4","888,6","1180,1","11,1","2,6","11,1","9,5","3,5","2,4",64,56,56,205,"8,7","4,3"
2022/05/18,1300 UTC,0,"889,4","889,5","889,3","1947,7","12,6","2,9","12,6",11,"3,2","1,6",56,49,52,215,"7,8","3,5"
2022/05/18,1400 UTC,0,"889,5","889,6","889,3",2579,14,"2,3","14,6","12,4","3,7","1,6",52,44,45,216,"7,5","3,9"
2022/05/18,1500 UTC,0,"888,7","889,5","888,7","2863,1",15,"2,3","15,6","13,9","3,2","0,4",46,38,43,226,"7,5","3,5"
2022/05/18,1600 UTC,0,"888,1","888,7","888,1","2935,9","16,6","1,5",17,15,3,"0,1",43,33,36,199,"6,6","3,1"
2022/05/18,1700 UTC,0,"887,3","888,1","887,3","2735,4",18,"0,9","18,7","16,5","2,7","-0,2",38,30,32,232,6,"2,9"
2022/05/18,1800 UTC,0,"886,7","887,3","886,7","2298,4","18,3","-0,4","19,5","17,9","1,6","-1,1",33,26,28,210,"6,4",3
2022/05/18,1900 UTC,0,"886,7","886,7","886,5","1600,9","17,8","0,9","18,8","17,5","1,5","-0,1",33,28,32,220,"6,9",3
2022/05/18,2000 UTC,0,"886,6","886,7","886,6","750,4","16,5",1,"17,8","16,2","1,2","-0,2",36,31,35,223,"6,4","2,8"
2022/05/18,2100 UTC,0,"886,9","886,9","886,6","171,3","14,3",-1,"16,5","14,3","0,7",-1,38,34,35,208,"6,3","3,1"
2022/05/18,2200 UTC,0,"887,2","887,2","886,9",,"12,8","-0,3","14,3","12,7","-0,3","-1,3",41,34,40,196,7,"2,4"
2022/05/18,2300 UTC,0,"887,7","887,7","887,2",,"11,6","0,4","12,8","11,4","0,4","-0,4",47,40,46,201,"6,3",3
2022/05/19,0000 UTC,0,888,888,"887,5",,"10,5","1,1","11,7","10,1","1,1","0,4",53,46,53,171,"5,9","1,6"
2022/05/19,0100 UTC,0,"887,9",888,"887,8",,"9,7","1,7","10,4","9,5","1,8","1,1",58,53,58,183,"4,2","2,2"
2022/05/19,0200 UTC,0,"887,8",888,"887,8",,"8,7","1,8","9,8","8,7","1,9","1,7",62,57,62,181,"4,2","1,5"
2022/05/19,0300 UTC,0,"887,1","887,8","887,1",,"7,8",2,"8,7","7,8",2,"1,8",67,62,67,221,"4,1","1,8"
2022/05/19,0400 UTC,0,887,"887,4",887,,"7,9","2,5","8,1","7,5","2,7",2,70,67,68,212,"4,8","2,7"
2022/05/19,0500 UTC,0,"886,4",887,"886,4",,"7,7","2,1","8,1","7,6","2,5",2,69,67,67,210,"6,6","3,3"
2022/05/19,0600 UTC,0,"885,9","886,4","885,8",,"7,5",1,"7,8","7,3","2,2",1,68,63,63,210,"8,1","4,4"
2022/05/19,0700 UTC,0,"885,6","885,9","885,5",,"6,9","0,7","7,5","6,8","0,9","0,6",65,62,64,202,"8,6","3,5"
2022/05/19,0800 UTC,0,"885,7","885,8","885,5",,"6,5",1,"6,9","6,5","1,1","0,6",68,64,68,200,"7,4","2,2"
2022/05/19,0900 UTC,0,"886,1","886,2","885,7",,6,"2,3","6,6","5,9","2,3",1,77,68,77,183,"5,9","2,5"
2022/05/19,1000 UTC,0,"886,6","886,7","886,1","28,2","5,5","2,8",6,"5,1","2,8","2,2",83,77,83,183,"5,6","2,4"
2022/05/19,1100 UTC,0,"887,3","887,3","886,5","618,2","7,3","3,9","7,3","5,5","3,9","2,8",83,79,79,179,"7,1",3
2022/05/19,1200 UTC,0,"887,8","887,8","887,3","1480,8","9,4","4,1","9,5",7,"4,4","3,5",79,70,70,193,"7,5","3,5"
2022/05/19,1300 UTC,0,"888,1","888,1","887,7","2197,5","10,9","3,3","11,2","9,2","4,4",3,71,59,59,178,"7,5","3,2"
2022/05/19,1400 UTC,0,"887,9","888,2","887,9","2743,5","12,6","2,8","12,6","10,5","3,9","1,5",61,47,51,190,"6,8","2,8"
2022/05/19,1500 UTC,0,"887,4",888,"887,4","3098,2","14,7","1,5","14,9","12,3","2,7","0,3",51,40,41,152,"6,1","2,8"
2022/05/19,1600 UTC,0,"886,6","887,4","886,6","3124,6","16,2","1,4","16,8","14,2",3,"0,9",43,36,37,147,"5,4","2,1"
2022/05/19,1700 UTC,0,"886,2","886,6","886,2","2895,4",18,1,"18,6","16,2","2,5","-0,1",39,30,32,165,"5,4","1,7"
2022/05/19,1800 UTC,0,"885,8","886,2","885,8","2432,7","19,1","0,2","19,7","17,6",2,"0,2",34,28,28,182,"4,6","1,8"
2022/05/19,1900 UTC,0,"885,6","885,8","885,6","1741,5","19,1",1,"20,1","18,7","1,6",0,31,27,30,201,"4,3","1,8"
2022/05/19,2000 UTC,0,"885,8","885,8","885,6","899,4","18,2","1,4","19,7","18,2","1,8","0,4",33,29,32,187,"3,7","1,6"
2022/05/19,2100 UTC,0,"886,4","886,4","885,8","170,8","15,2","2,6","18,2","15,2","3,1","1,2",43,32,43,160,"5,6","2,6"
2022/05/19,2200 UTC,0,"887,3","887,3","886,5",,"13,5","3,4","15,2","13,5","3,5","2,4",51,42,51,169,"5,2","1,8"
2022/05/19,2300 UTC,0,"887,9","887,9","887,3",,"12,5","4,1","13,7","12,4","4,2","3,5",57,51,56,163,"4,3","1,9"
2022/05/20,0000 UTC,0,"888,4","888,5","887,9",,"11,9","3,9","12,7","11,7","4,1","3,8",59,56,58,166,"4,6","1,6"
2022/05/20,0100 UTC,0,"888,9","888,9","888,4",,"10,8",4,"11,9","10,7","4,1","3,8",63,58,63,172,4,"1,5"
2022/05/20,0200 UTC,0,"888,9",889,"888,8",,"10,1","4,2","10,8","9,9","4,4",4,67,63,67,159,"3,1","1,6"
2022/05/20,0300 UTC,0,"889,2","889,3","888,9",,"8,4","4,2","10,1",8,"4,3","3,7",75,67,75,147,"2,8","1,3"
2022/05/20,0400 UTC,0,"889,1","889,4","889,1",,"9,4","4,3","9,6","7,7","4,6","3,8",78,70,70,155,"3,9","2,1"
2022/05/20,0500 UTC,0,"888,7","889,1","888,7",,9,"4,1","9,9",9,"4,4",4,71,69,71,154,"3,9","2,2"
2022/05/20,0600 UTC,0,"888,5","888,7","888,5",,"8,8","4,2","9,2","8,6","4,3","4,1",73,71,73,160,"4,9","1,9"
2022/05/20,0700 UTC,0,"888,3","888,5","888,2",,"8,6","4,1",9,"8,5","4,4","4,1",74,73,73,144,"4,5","2,2"
2022/05/20,0800 UTC,0,"888,7","888,7","888,3",,"5,3","3,5","8,5","5,3","4,1","3,4",89,73,88,118,"3,9","1,4"
2022/05/20,0900 UTC,0,"889,1","889,1","888,6",,"6,3",4,"6,9","5,3","4,9","3,4",89,83,85,127,"2,3","1,5"
2022/05/20,1000 UTC,0,"889,3","889,3",889,"25,2","7,8","4,6","7,8",6,5,"3,8",88,80,80,138,"3,2","2,2"
2022/05/20,1100 UTC,0,"889,8","889,9","889,3","600,8","10,7","5,4","10,7","7,8","5,5","4,6",80,70,70,121,4,"2,5"
2022/05/20,1200 UTC,0,"890,2","890,3","889,7","1370,3","12,9","5,6","12,9","10,7","6,1","5,3",71,61,61,104,"5,5","3,1"
2022/05/20,1300 UTC,0,"890,2","890,4","890,2",2117,"14,7","4,9","14,7","12,5",6,"4,9",63,51,52,99,"6,2","2,9"
2022/05/20,1400 UTC,0,"890,3","890,4","890,2","2536,7","15,9","3,9","16,3","14,7","4,8",3,52,44,45,80,"5,9","2,5"
2022/05/20,1500 UTC,0,"889,8","890,3","889,8","3022,5","18,6","4,3","18,6","15,5","5,1","3,3",47,38,39,43,"5,8","2,1"
2022/05/20,1600 UTC,0,"888,7","889,8","888,7","3113,4","19,9","2,6","20,2","18,2","4,3","2,2",39,31,32,43,"4,9","1,5"
2022/05/20,1700 UTC,0,"888,3","888,8","888,3","2751,5","22,4","-1,1","22,4","19,8","3,3","-1,5",33,20,21,328,5,"1,8"
2022/05/20,1800 UTC,0,888,"888,3","887,9","1991,1","21,5","2,2","22,5","20,8","3,2",-2,31,20,28,135,"5,4","2,2"
2022/05/20,1900 UTC,0,"888,1","888,1",888,"1362,2","20,9","0,5","21,9","20,8","2,1","0,5",28,26,26,172,"5,7","1,9"
2022/05/20,2000 UTC,0,"888,5","888,5","888,1","639,7","20,2","1,4","21,2","20,2","1,6","0,2",29,25,29,123,"3,4",1
2022/05/20,2100 UTC,0,889,889,"888,5","127,3","16,4","4,7","20,2","15,5","6,1","0,8",49,27,46,203,"4,4","1,8"
2022/05/20,2200 UTC,0,"889,3","889,3","888,9",,"14,2","5,2","17,1","14,2","5,3","4,3",55,43,55,149,"3,1","1,2"
2022/05/20,2300 UTC,0,"889,9","889,9","889,3",,"12,9","5,2","14,2","12,1","5,8","5,2",65,55,60,138,"2,4","1,5"
2022/05/21,0000 UTC,0,"890,2","890,2","889,9",,"12,3","5,4","13,3",12,"5,8","5,1",65,59,63,119,"2,4","1,6"
2022/05/21,0100 UTC,0,"890,3","890,5","890,2",,"12,7","6,4","13,9","11,2","6,6","5,4",69,61,66,119,"3,4","1,6"
2022/05/21,0200 UTC,0,"890,3","890,4","890,3",,13,"5,6","13,3","12,5","6,5","5,6",67,60,61,107,"3,9","2,5"
2022/05/21,0300 UTC,0,"890,5","890,5","890,3",,"12,8","4,9",13,"12,5","5,8","4,9",62,58,59,100,"5,7","3,3"
2022/05/21,0400 UTC,0,"890,4","890,5","890,4",,"11,9",5,"12,8","11,9","5,1","4,9",63,59,62,106,"5,7","2,4"
2022/05/21,0500 UTC,0,890,"890,5",890,,12,"4,7","12,2","11,2","5,1","4,7",66,61,61,108,5,"2,7"
2022/05/21,0600 UTC,0,"889,7",890,"889,7",,11,"4,5",12,11,"4,7","4,4",64,61,64,110,5,"1,8"
2022/05/21,0700 UTC,0,"889,9","889,9","889,7",,"9,4","5,6",11,"6,9","5,8","3,7",86,64,77,123,"2,9","1,8"
2022/05/21,0800 UTC,0,890,890,"889,7",,"10,9","4,5",11,"9,4","5,6","4,5",77,65,65,104,"4,3",2
2022/05/21,0900 UTC,0,"890,4","890,4","889,9",,"10,2","5,1","10,9","10,2","5,2","4,4",71,65,71,112,"3,4","1,9"
2022/05/21,1000 UTC,0,"890,9","890,9","890,4","20,9","10,8","5,2","10,8","8,4","5,3","4,2",77,68,68,107,"4,1","2,2"
2022/05/21,1100 UTC,0,"891,6","891,6","890,9","608,4","13,8","4,3","13,8","10,8","5,5","4,1",68,52,53,93,"4,7","2,9"
2022/05/21,1200 UTC,0,892,892,"891,6","1418,7","16,1","3,8","16,1","13,8","4,5","3,2",53,44,44,80,"6,3","3,5"
2022/05/21,1300 UTC,0,"892,3","892,4",892,"2197,4","19,1","4,5","19,1",16,"4,6","3,5",45,38,38,88,"6,3","2,5"
2022/05/21,1400 UTC,0,"892,3","892,5","892,3","2711,6","20,2","4,2","20,3","18,6","4,7","3,5",38,35,35,79,"6,1",3
2022/05/21,1500 UTC,0,"891,7","892,3","891,7","3005,1","22,2","3,8","22,4","19,9","4,7","3,6",36,30,30,98,"6,1","3,1"
2022/05/21,1600 UTC,0,"890,7","891,7","890,7","3014,2","24,2","2,5","24,2","21,8","3,9","1,9",31,23,24,53,"5,1","2,1"
2022/05/21,1700 UTC,0,"889,7","890,8","889,7","2802,3","24,2","-0,1","24,6","23,4","2,6","-0,2",25,20,20,87,"5,1","1,9"
2022/05/21,1800 UTC,0,"889,2","889,8","889,2","2388,7","25,9","0,2","25,9","24,1","0,9","-2,3",21,16,19,305,"5,1","1,4"
2022/05/21,1900 UTC,0,"889,1","889,2",889,1743,"24,6","0,5","26,2","24,6","1,2","-2,1",21,16,20,131,"4,4","2,4"
2022/05/21,2000 UTC,0,"889,4","889,4","889,1","927,3","23,5","0,7","24,7","23,5","0,7","-0,4",22,20,22,140,"4,9","2,1"
2022/05/21,2100 UTC,0,890,890,"889,4","163,1","17,8","4,3","23,5","17,8","4,6",0,41,21,41,133,"3,6","0,4"
2022/05/21,2200 UTC,0,"890,3","890,3",890,,"18,2","4,3","18,9","15,5","5,8","3,5",52,38,40,93,"3,6","1,9"
2022/05/21,2300 UTC,0,"890,6","890,6","890,3",,"17,6","4,4","18,6","17,6","4,7","3,8",41,38,41,82,"3,7","2,1"
2022/05/22,0000 UTC,0,891,891,"890,6",,"17,2","6,7",18,"17,2","6,7","4,4",50,41,50,107,"4,7","2,3"
2022/05/22,0100 UTC,0,"891,2","891,2",891,,"16,4",7,"17,3","16,1",7,"6,6",54,50,54,99,"4,6","2,2"
2022/05/22,0200 UTC,0,"891,3","891,3","891,2",,13,"6,4","16,4",13,7,"6,4",64,53,64,83,"4,3","1,4"
2022/05/22,0300 UTC,0,"890,9","891,4","890,9",,"10,6","6,7",13,"10,5","6,9","6,3",77,64,77,94,"2,8","1,1"
2022/05/22,0400 UTC,0,"890,8",891,"890,8",,"9,8","6,7","12,5","9,7","7,3",6,81,68,81,124,"2,8","1,5"
2022/05/22,0500 UTC,0,"890,4","890,8","890,4",,"9,1","6,8","12,6","8,9","7,6","6,1",85,69,85,139,"2,5","1,1"
2022/05/22,0600 UTC,0,"890,1","890,4","890,1",,"8,6","6,4","9,6","8,6","7,1","6,3",87,82,86,120,2,"1,2"
2022/05/22,0700 UTC,0,890,"890,2",890,,"7,9",6,"8,7","7,9","6,6","5,8",88,86,87,136,"2,3","1,6"
2022/05/22,0800 UTC,0,"890,2","890,2","889,9",,"8,7","6,3","8,8","7,9","6,8",6,89,85,85,142,"2,2","0,6"
2022/05/22,0900 UTC,0,"890,6","890,6","890,2",,"7,7","5,6","8,7","7,6","6,3","5,5",87,85,87,107,"2,2","1,2"
2022/05/22,1000 UTC,0,"891,1","891,1","890,6","22,1","12,5","6,5","12,5","7,1","7,7","5,4",91,67,67,110,"4,5","2,5"
2022/05/22,1100 UTC,0,"891,7","891,7","891,1","593,8","15,7","5,7","15,7","12,5","6,6","5,7",67,51,51,90,"4,7","2,4"
2022/05/22,1200 UTC,0,892,892,"891,7","1418,3","17,8","5,3",18,"15,7",6,5,52,43,44,103,"5,5",3
2022/05/22,1300 UTC,0,"892,2","892,2",892,"2141,1",20,"6,2",20,"17,7","6,5",5,44,41,41,89,"6,3","3,5"
2022/05/22,1400 UTC,0,"891,9","892,2","891,9","2661,8","20,7","5,5","21,6","19,8","6,4","4,9",41,35,37,94,"6,7",4
2022/05/22,1500 UTC,0,"891,1","891,9","891,1","2950,5","22,8","6,3",23,"20,8","7,2","5,6",38,34,34,95,"6,9","3,2"
2022/05/22,1600 UTC,0,"890,2","891,1","890,2","2966,1","24,7","6,3","25,1","22,7","7,8","6,2",36,31,31,355,"6,9","2,9"
2022/05/22,1700 UTC,0,"889,5","890,2","889,5","2759,3","24,7","6,6","25,6","24,3","7,6","6,6",34,31,31,52,"9,5",3
2022/05/22,1800 UTC,0,"889,1","889,5","889,1","2329,2","25,6","6,9","25,9","24,6","7,4","5,7",32,29,30,21,"7,6","1,7"
2022/05/22,1900 UTC,0,"888,8","889,1","888,8","1698,4","25,8","7,3",26,25,"7,8","6,3",32,30,31,10,"5,3","2,8"
2022/05/22,2000 UTC,0,"889,1","889,1","888,8","908,3","24,7",7,"25,8","24,5","7,3","6,2",32,30,32,43,"5,3","1,8"
2022/05/22,2100 UTC,0,"889,5","889,5","889,1","174,1","20,8","7,9","24,7","20,8",8,"6,6",44,32,44,1,"5,3","1,6"
2022/05/22,2200 UTC,0,"889,5","889,5","889,4",,"16,9","8,4","20,8","16,8","8,5","7,8",58,44,57,352,"2,8",1
2022/05/22,2300 UTC,0,"889,8","889,8","889,5",,"18,9","9,5","19,7","16,6","9,6","8,2",59,51,55,52,"3,2","1,4"
2022/05/23,0000 UTC,0,890,"890,1","889,8",,"16,2","9,1",19,"16,1","9,8","9,1",64,54,63,298,"3,6","1,7"
2022/05/23,0100 UTC,0,"890,2","890,2",890,,"14,2","9,2","16,6","14,2","9,6","8,8",72,62,72,322,"2,5",1
2022/05/23,0200 UTC,0,"890,3","890,4","890,1",,"14,9","9,8","16,2","14,1",10,"9,2",73,65,72,123,"2,3","0,6"
2022/05/23,0300 UTC,0,"890,1","890,3","890,1",,"14,2",10,"14,9","13,7","10,1","9,5",77,71,76,133,"1,6","1,3"
2022/05/23,0400 UTC,0,"889,9","890,1","889,9",,"15,1","10,8","15,3","13,6",11,"9,6",79,73,76,122,"2,3","1,5"
2022/05/23,0500 UTC,0,"889,7","889,9","889,7",,"15,3","10,6","16,5","15,1","11,1","10,6",76,70,74,105,"4,1","1,8"
2022/05/23,0600 UTC,0,"889,6","889,7","889,6",,"11,9","9,8","15,4","11,9","10,8","9,6",87,74,87,215,"3,2","0,3"
2022/05/23,0700 UTC,0,"889,3","889,6","889,3",,"11,6",10,"12,1","11,5","10,6","9,7",90,87,90,276,"1,2","0,6"
2022/05/23,0800 UTC,0,"889,6","889,6","889,3",,"11,7","9,9","11,8","11,3","10,2","9,6",91,89,89,52,"2,1","0,8"
2022/05/23,0900 UTC,0,"890,1","890,1","889,6",,"14,8","10,7","14,8","11,5","11,5","9,6",90,76,76,78,"3,7",2
2022/05/23,1000 UTC,0,"890,6","890,6",890,19,"14,7","10,6","15,1","14,5","10,7","10,3",76,75,76,99,"3,8","1,3"
2022/05/23,1100 UTC,0,"891,1","891,1","890,6","553,4","17,8","11,4","17,8","13,7","11,4","9,8",79,66,66,75,"4,2","1,9"
2022/05/23,1200 UTC,0,"891,2","891,2","891,1","1367,1","19,2",11,"19,3","17,6","11,4","10,8",66,59,59,71,"6,4","3,4"
2022/05/23,1300 UTC,0,"891,3","891,4","891,2","2082,5","21,3","11,5","21,6","19,2","11,9","10,9",60,52,53,83,"6,3","2,7"
2022/05/23,1400 UTC,0,891,"891,3",891,"2613,4","23,5","11,6","23,6","21,3",12,"10,9",53,46,47,73,"5,2","2,8"
2022/05/23,1500 UTC,0,"890,5",891,"890,5","2796,7","24,6","11,3","24,8","22,8",12,"10,9",48,43,43,102,"5,6","2,2"
2022/05/23,1600 UTC,0,"889,7","890,5","889,7","2008,5","25,1","10,4","25,8","23,4","11,8","10,1",45,39,40,21,6,"2,5"
2022/05/23,1700 UTC,0,"888,9","889,7","888,9","2239,7",26,"9,8","26,3","24,6","10,7","9,3",41,35,36,331,"6,5","2,8"
2022/05/23,1800 UTC,0,"888,4","888,9","888,4","1705,6","25,2","9,5",27,"24,7","10,8","9,2",40,35,37,344,"6,3","1,9"
2022/05/23,1900 UTC,0,"888,2","888,4","888,2","1056,2","26,2","9,8","26,6",24,"10,5","9,4",41,35,36,354,"4,6","2,3"
2022/05/23,2000 UTC,0,"888,4","888,4","888,2",878,"24,9","9,7","26,6","24,7","10,3","9,5",41,35,38,345,"5,6","2,1"
2022/05/23,2100 UTC,0,"888,8","888,8","888,4","133,5","21,6","11,4","24,9","21,6","11,4","9,5",52,38,52,12,"3,4","1,5"
2022/05/23,2200 UTC,0,"889,2","889,2","888,8",,"19,6","12,3","21,6","19,5","12,5","11,3",63,52,63,4,"2,3","0,8"
2022/05/23,2300 UTC,0,"889,7","889,7","889,2",,"21,4",12,"22,1","19,4","12,6","11,8",65,53,55,53,"4,4","1,5"
2022/05/24,0000 UTC,0,"890,2","890,2","889,7",,"20,9","11,9","21,4","20,8",12,"11,8",57,54,56,112,"5,1","2,4"
2022/05/24,0100 UTC,0,"890,5","890,6","890,2",,"19,3","11,9","20,9","19,2","11,9","11,8",62,56,62,118,"5,2","1,8"
2022/05/24,0200 UTC,0,"890,4","890,5","890,4",,"18,9","11,7","19,4","18,7","11,9","11,6",63,61,63,100,5,"1,6"
2022/05/24,0300 UTC,0,"890,4","890,4","890,2",,18,"11,5","18,9",18,"11,8","11,5",66,63,66,101,"4,5","2,2"
2022/05/24,0400 UTC,0,"890,2","890,4","890,2",,"17,3","11,2","18,4","17,3","11,6","11,1",67,65,67,110,"4,8",2
2022/05/24,0500 UTC,0,"889,9","890,2","889,9",,"17,7","10,7","17,7","17,3","11,2","10,7",67,63,63,93,"4,9","2,4"
2022/05/24,0600 UTC,0,"889,8","889,9","889,7",,"17,3","10,7","17,9","17,2","10,8","10,5",66,62,65,103,"4,9","2,3"
2022/05/24,0700 UTC,0,"889,7","889,9","889,7",,"16,8","10,4","17,5","16,7","10,8","10,4",66,65,66,98,"5,9","3,1"
2022/05/24,0800 UTC,0,"889,9","889,9","889,7",,"15,8","10,2","16,8","15,7","10,4","10,1",70,66,70,101,"5,9","2,5"
2022/05/24,0900 UTC,0,"890,2","890,2","889,9",,"15,7","10,2","16,1","15,7","10,3","10,2",70,68,70,110,"4,5","1,8"
2022/05/24,1000 UTC,0,"890,8","890,8","890,2","24,3","15,7","10,3","15,8","15,5","10,3","10,1",71,69,70,108,"4,7","2,3"
2022/05/24,1100 UTC,0,"891,4","891,4","890,8","503,4","17,9","10,5","18,1","15,7","10,8",10,70,61,62,81,"5,7","2,6"
2022/05/24,1200 UTC,0,"891,9","891,9","891,4","1331,9","19,3",11,"19,6","17,6","11,4","10,4",63,58,59,84,"7,1","2,6"
2022/05/24,1300 UTC,0,892,"892,1","891,9","2040,2","21,3","11,1","21,5",19,"11,8","10,8",60,52,52,61,"7,9","3,9"
2022/05/24,1400 UTC,0,"891,8",892,"891,7","2564,2","22,5",11,"23,1",21,"11,7","10,8",53,47,48,80,"8,5","4,2"
2022/05/24,1500 UTC,0,"891,2","891,8","891,2",2853,"23,7",11,"23,8","22,3","11,8","10,7",50,45,45,82,"6,7","3,7"
2022/05/24,1600 UTC,0,"890,5","891,2","890,4","2943,4","24,8","10,6",25,"23,5","11,4","10,3",46,41,41,65,"7,2","2,6"
2022/05/24,1700 UTC,0,"889,6","890,5","889,6","2473,6","24,6",11,"25,1","23,5","11,3",10,44,40,42,79,"6,8","2,8"
2022/05/24,1800 UTC,0,"889,2","889,6","889,2","1959,2","25,1",11,"25,4","23,8","11,4","10,5",44,40,41,120,"6,4","3,3"
2022/05/24,1900 UTC,0,"889,2","889,2","889,1","1202,9",23,"10,9","25,5",23,"11,8","10,6",47,40,46,110,"6,4","2,9"
2022/05/24,2000 UTC,0,"889,5","889,5","889,2","725,2","23,5","10,6",24,"22,9","11,2","10,4",47,43,44,105,"6,7","2,6"
2022/05/24,2100 UTC,0,890,890,"889,5",151,"21,6","10,9","23,5","21,5","10,9","10,3",50,44,50,111,"5,6","2,3"
2022/05/24,2200 UTC,0,"890,5","890,5",890,,"20,5","11,4","21,8","20,5","11,5","10,9",56,50,56,110,"6,1","2,9"
2022/05/24,2300 UTC,0,891,891,"890,5",,"19,9","11,2","20,7","19,9","11,5","11,2",58,56,57,106,"6,1","3,2"
2022/05/25,0000 UTC,0,"891,5","891,6",891,,"18,8","11,3","19,9","18,7","11,3","11,1",62,57,62,107,6,"2,5"
2022/05/25,0100 UTC,0,"891,7","891,7","891,5",,"18,1","11,2","18,9","18,1","11,3","11,1",64,61,64,110,"6,6","3,2"
2022/05/25,0200 UTC,0,892,892,"891,7",,"17,2","11,3","18,1","17,1","11,4","11,2",69,64,68,112,"6,4","2,7"
2022/05/25,0300 UTC,0,"892,1","892,1","891,9",,"16,8","11,1","17,3","16,8","11,3","11,1",69,67,69,114,"5,5","2,6"
2022/05/25,0400 UTC,0,"891,8","892,1","891,8",,"16,6","10,9","16,9","16,4","11,2","10,9",70,69,69,112,"5,5","2,6"
2022/05/25,0500 UTC,0,"891,5","891,9","891,5",,"16,9","10,7","16,9","16,5",11,"10,7",70,67,67,102,7,"3,2"
2022/05/25,0600 UTC,0,"891,2","891,5","891,2",,"15,7","10,4","16,9","15,7","10,7","10,3",71,67,71,111,"6,2","2,5"
2022/05/25,0700 UTC,0,"891,1","891,3","891,1",,15,"10,4","15,7",15,"10,6","10,3",74,71,74,112,"5,7","2,9"
2022/05/25,0800 UTC,0,"891,1","891,2",891,,"14,4",10,"15,1","14,2","10,4","9,9",76,73,75,114,"5,2","2,3"
2022/05/25,0900 UTC,0,"891,6","891,6","891,1",,"14,4","9,9","14,5","14,1","10,1","9,8",76,74,74,111,"5,9","3,3"
2022/05/25,1000 UTC,0,"892,1","892,1","891,6","23,8","13,9","9,9","14,5","13,6","9,9","9,7",78,74,77,108,"5,9","2,2"
2022/05/25,1100 UTC,0,"892,8","892,8","892,1","558,7","15,8",10,"15,9","13,9","10,2","9,9",77,68,68,90,"6,7","3,7"
2022/05/25,1200 UTC,0,"893,3","893,4","892,8","1381,4",17,"10,3","17,3","15,6","10,5","9,8",69,63,65,91,"9,4","5,1"
2022/05/25,1300 UTC,0,"893,4","893,5","893,3",2096,19,11,19,17,11,"10,2",65,59,59,94,"9,4","3,7"
2022/05/25,1400 UTC,0,"893,3","893,5","893,3","2620,5","20,6","10,9","20,8","18,9","11,2","10,4",59,53,54,87,"7,7","4,4"
2022/05/25,1500 UTC,0,"892,7","893,3","892,7","2889,6","21,7","10,8","21,8","20,3","11,2","9,9",55,48,50,109,"9,9","4,1"
2022/05/25,1600 UTC,0,"891,7","892,7","891,7","2939,3","22,5","9,7","22,7","21,2","11,2","9,7",50,44,44,117,"8,3","4,2"
2022/05/25,1700 UTC,0,"890,8","891,7","890,8","2730,3","22,7","9,4","23,3","22,2",10,9,45,41,43,103,"8,3","4,2"
2022/05/25,1800 UTC,0,"890,4","890,8","890,3","2313,6",23,"8,8","23,9","22,7","9,9","8,8",44,40,40,116,"8,1",4
2022/05/25,1900 UTC,0,"890,4","890,4","890,2",1682,"23,2","8,9","23,6","22,6","9,4","8,4",42,38,40,121,"8,1","3,1"
2022/05/25,2000 UTC,0,"890,6","890,6","890,3","902,1","21,8","8,7","23,2","21,8","9,2","8,1",44,39,43,131,"7,7","3,6"
2022/05/25,2100 UTC,0,"890,8","890,8","890,6","169,7",20,"8,7","21,8",20,9,"8,7",48,43,48,113,"6,9","3,1"
2022/05/25,2200 UTC,0,"891,3","891,3","890,8",,"18,7","9,2",20,"18,7","9,2","8,6",54,48,54,118,"5,9","2,3"
2022/05/25,2300 UTC,0,"891,9","891,9","891,3",,"17,9",9,"18,9","17,7","9,3","8,9",57,54,56,106,"5,6","2,5"
2022/05/26,0000 UTC,0,"892,2","892,2","891,9",,"17,2","8,9","18,1","17,2",9,"8,7",58,55,58,110,"5,9","2,4"
2022/05/26,0100 UTC,0,"892,6","892,6","892,2",,"15,8","9,1","17,3","15,8","9,1","8,8",64,58,64,118,"4,6","1,7"
2022/05/26,0200 UTC,0,"892,5","892,7","892,5",,"15,4","9,2","15,8","15,3","9,2",9,66,64,66,117,"3,7","2,1"
2022/05/26,0300 UTC,0,"892,2","892,5","892,2",,"15,5","9,7","15,6",15,"9,7","9,2",69,66,68,106,"4,5","2,3"
2022/05/26,0400 UTC,0,"891,9","892,2","891,9",,"15,4","9,8","15,7","15,2","9,9","9,6",70,68,69,121,"3,9",2
2022/05/26,0500 UTC,0,"891,6",892,"891,6",,"15,5",10,"15,8","15,3","10,2","9,8",70,69,70,112,5,"2,3"
2022/05/26,0600 UTC,0,"891,3","891,6","891,3",,"14,8","10,2","15,7","14,8","10,4","9,9",74,70,74,107,"4,8","2,5"
2022/05/26,0700 UTC,0,"891,2","891,5","891,2",,"14,1","10,5","14,8","14,1","10,5","10,2",79,74,79,126,"4,5",2
2022/05/26,0800 UTC,0,"891,2","891,3","891,1",,"14,2","10,8","14,2","13,8","10,8","10,4",80,79,80,110,"4,6","2,4"
2022/05/26,0900 UTC,0,"891,8","891,8","891,2",,"14,4","11,2","14,5",14,"11,4","10,7",82,80,81,110,"5,2","2,6"
2022/05/26,1000 UTC,0,"892,4","892,4","891,8","16,9","14,3","11,5","14,4","14,1","11,5","11,1",83,81,83,110,"4,8","2,2"
2022/05/26,1100 UTC,0,893,893,"892,4","544,4","16,1","12,2","16,1","14,3","12,2","11,5",83,78,78,105,6,"3,2"
2022/05/26,1200 UTC,0,"893,6","893,6",893,"1370,1","17,1","12,5","17,4",16,"12,7",12,78,74,74,95,"9,1","5,6"
2022/05/26,1300 UTC,0,"893,7","893,8","893,5",2053,"19,3",13,"19,4",17,"13,3","12,6",75,67,67,94,10,"3,6"
2022/05/26,1400 UTC,0,"893,5","893,7","893,5","2624,8",21,"13,5","21,4","19,3","13,7",13,68,61,62,85,"8,4","3,7"
2022/05/26,1500 UTC,0,"892,6","893,5","892,6","2933,1","22,4","13,2","22,7","20,8","13,8","12,9",63,55,56,89,"8,4",4
2022/05/26,1600 UTC,0,"891,4","892,6","891,4","2775,4","23,4","12,2","23,8","22,2","13,8","11,8",57,48,50,86,"7,1","3,2"
2022/05/26,1700 UTC,0,"890,6","891,4","890,6","2702,6","24,8","11,1",25,"23,4","12,8","10,9",51,42,42,97,"6,1","2,8"
2022/05/26,1800 UTC,0,890,"890,6","889,9","2188,9","24,1","10,7",25,"23,8","11,8","10,4",45,40,43,98,6,"2,7"
2022/05/26,1900 UTC,0,"889,9",890,"889,8","1625,4","24,7","10,7","24,9","23,7","11,3","9,8",45,39,41,86,"6,2","3,1"
2022/05/26,2000 UTC,0,"889,9",890,"889,8","946,4","23,5",10,"24,8","23,5","10,9","9,8",44,40,42,85,"6,4","3,3"
2022/05/26,2100 UTC,0,"890,4","890,5","889,9","149,1","21,4","10,5","23,5","21,4","10,5","9,8",50,42,50,98,"5,7","2,1"
2022/05/26,2200 UTC,0,"890,8","890,8","890,4",,"20,5","11,3","21,5","20,4","11,3","10,4",56,49,56,84,"4,3","1,7"
2022/05/26,2300 UTC,0,"891,4","891,4","890,8",,"19,3","11,6","20,5","19,3","11,7","11,3",61,56,61,95,"3,7","1,6"
2022/05/27,0000 UTC,0,"891,9","891,9","891,4",,"18,5","11,4","19,5","18,5","11,9","11,4",65,61,63,112,"3,9","1,9"
2022/05/27,0100 UTC,0,"892,1","892,2","891,9",,"18,6","12,3",19,"18,5","12,3","11,5",67,63,67,94,"5,4","2,9"
2022/05/27,0200 UTC,0,892,"892,1",892,,"17,5","12,7","18,6","17,5","12,7","12,3",73,67,73,99,"6,1","3,1"
2022/05/27,0300 UTC,0,"891,6",892,"891,6",,17,"12,8","17,6",17,"12,9","12,7",76,73,76,99,"6,9","3,2"
2022/05/27,0400 UTC,0,891,"891,6",891,,"16,7","12,6","17,1","16,5","12,9","12,6",78,76,77,101,"6,5","3,3"
2022/05/27,0500 UTC,0,"890,4",891,"890,4",,"16,1","12,4","16,8",16,"12,7","12,3",79,77,79,101,"6,2","2,5"
2022/05/27,0600 UTC,0,890,"890,4",890,,"15,7","12,2","16,2","15,5","12,4","12,1",80,78,80,97,6,"3,3"
2022/05/27,0700 UTC,0,"889,8",890,"889,8",,"15,4","11,8","15,7","15,4","12,3","11,8",81,78,79,105,"5,7","3,1"
2022/05/27,0800 UTC,0,"890,2","890,2","889,8",,"15,2","11,9","15,4","14,8","11,9","11,7",82,79,81,100,"6,3",3
2022/05/27,0900 UTC,0,"890,5","890,5","890,1",,"14,9","11,7","15,2","14,8","11,8","11,5",81,80,81,93,"6,6","3,3"
2022/05/27,1000 UTC,0,"891,1","891,1","890,5","17,9","14,9","11,9","15,1","14,8",12,"11,7",82,81,82,89,"6,6","2,3"
2022/05/27,1100 UTC,0,"891,8","891,9","891,1",509,"17,1","12,4","17,1","14,9","12,5",12,82,74,74,87,"4,8","2,3"
2022/05/27,1200 UTC,0,"892,4","892,4","891,8","1340,4","18,2","12,8","18,6","16,8",13,"12,2",75,69,70,68,"6,2","2,7"
2022/05/27,1300 UTC,0,"892,5","892,6","892,4","1760,5","18,7","13,1","19,9","18,1","13,4","12,7",71,65,70,80,"6,3","3,3"
2022/05/27,1400 UTC,0,"892,2","892,5","892,2","2583,1","21,2","12,9","21,7","18,8","13,7","12,7",70,57,59,81,"7,7","3,7"
2022/05/27,1500 UTC,0,"891,4","892,2","891,4","2728,4","22,9","12,5","22,9","21,2","13,3","12,2",60,52,52,57,8,"3,3"
2022/05/27,1600 UTC,0,"890,5","891,4","890,5","2398,1","23,5","11,8",24,"22,3","12,9","11,5",53,47,48,70,"6,8","1,8"
2022/05/27,1700 UTC,0,"889,5","890,5","889,5","2434,1","24,4","11,3","24,7","22,9","12,1","10,8",49,43,44,72,"6,5","2,4"
2022/05/27,1800 UTC,0,"888,9","889,5","888,9",1927,"24,1","10,3","25,1","23,5","11,4","9,9",44,41,42,116,"5,8","1,9"
2022/05/27,1900 UTC,0,"888,6","888,9","888,6","1461,8","24,6","9,5","25,2","23,9","10,6",9,42,37,39,94,"4,9","2,6"
2022/05/27,2000 UTC,0,"888,7","888,7","888,6",751,"23,7","9,8","24,8","23,6","10,2","9,4",43,38,41,94,"4,9","1,7"
2022/05/27,2100 UTC,0,"889,1","889,1","888,7","165,4","21,6","11,3","23,8","21,6","11,3","9,1",52,39,52,112,"4,8","2,4"
2022/05/27,2200 UTC,0,"889,6","889,6","889,1",,"20,8","11,8","21,7","20,7","11,8","11,2",56,52,56,101,"5,1","2,7"
2022/05/27,2300 UTC,0,890,890,"889,6",,"19,8","12,1","20,8","19,8","12,2","11,8",61,56,61,101,5,"2,1"
2022/05/28,0000 UTC,0,"890,3","890,3",890,,"19,2","12,4","19,8","19,1","12,4","12,1",65,61,65,98,"6,3","3,3"
2022/05/28,0100 UTC,0,"890,4","890,4","890,3",,"18,3","12,5","19,2","18,3","12,6","12,4",69,65,69,95,"6,3",3
2022/05/28,0200 UTC,0,"890,1","890,4","890,1",,"17,4","12,3","18,4","17,4","12,6","12,3",72,68,72,106,"6,1","2,1"
2022/05/28,0300 UTC,0,"889,7","890,1","889,7",,"17,5","11,9","17,6",17,"12,3","11,9",73,70,70,89,5,3
2022/05/28,0400 UTC,0,"889,5","889,7","889,5",,"16,6","11,4","17,5","16,6","11,9","11,3",71,69,71,108,"6,2","3,1"
2022/05/28,0500 UTC,0,"889,3","889,5","889,3",,"16,1","11,1","16,6",16,"11,5","11,1",74,71,72,100,"5,9","2,8"
2022/05/28,0600 UTC,0,"888,9","889,3","888,8",,"15,6","10,6","16,2","15,6","11,1","10,6",73,72,72,103,"4,8","2,2"
2022/05/28,0700 UTC,0,"888,7","888,9","888,7",,16,"9,8",16,"15,5","10,6","9,8",72,67,67,92,"6,4",3
2022/05/28,0800 UTC,0,"888,5","888,8","888,5",,"16,1","9,3","16,2","15,6","9,8","9,3",67,64,64,75,"6,4","3,1"
2022/05/28,0900 UTC,0,889,889,"888,4",,"13,2","8,9","16,1","13,2","9,3","8,8",75,64,75,126,"5,5","0,9"
2022/05/28,1000 UTC,0,"889,8","889,8","888,9","33,7","11,7","9,4","13,6","11,4","9,6","8,6",86,75,86,125,"2,1","0,6"
2022/05/28,1100 UTC,0,"890,4","890,4","889,8","613,4","17,5","9,5","17,8","11,7","10,9","9,3",86,58,59,93,"4,2","1,9"
2022/05/28,1200 UTC,0,"891,1","891,1","890,4","1259,9","19,6","9,7","19,7","17,4",10,"9,3",61,52,53,74,"4,2","2,4"
2022/05/28,1300 UTC,0,"891,3","891,4","891,1","2038,2",21,"9,8",21,"19,4","10,2","9,1",53,48,49,93,"4,8","2,8"
2022/05/28,1400 UTC,0,"891,1","891,4",891,"2634,1","22,1","9,7","22,4","20,8","10,5","9,2",49,45,45,94,"5,3","2,8"
2022/05/28,1500 UTC,0,"890,1","891,1","890,1","2780,7","23,1","9,7","23,6","21,7","10,9","9,4",47,42,43,137,"5,1","2,1"
2022/05/28,1600 UTC,0,889,"890,1",889,"2754,8","24,5","10,6","25,2","22,8",11,"9,4",44,39,42,62,"4,8","2,3"
2022/05/28,1700 UTC,0,888,889,888,"2439,7","24,4","8,5",25,"23,4","10,8","8,5",42,36,36,87,"5,1","1,5"
2022/05/28,1800 UTC,0,"887,3",888,"887,3","1996,3",24,"7,5","25,8","23,7","10,4","7,5",39,34,35,146,"6,5","2,3"
2022/05/28,1900 UTC,0,887,"887,3","886,9","1383,5","24,5","8,7","24,7","23,8","9,3","6,9",39,33,36,142,"5,1","2,3"
2022/05/28,2000 UTC,0,"886,9",887,"886,9","660,4","23,1","8,5","24,6","23,1","9,1","8,1",40,36,39,122,"6,2",2
2022/05/28,2100 UTC,0,"887,3","887,3","886,9","117,8","21,3","7,7","23,1","21,3","8,4","7,2",41,38,41,108,"4,5","1,9"
2022/05/28,2200 UTC,0,"887,7","887,7","887,3",,"17,5","8,6","21,3","17,5","8,9","7,6",56,41,56,113,"3,4","1,4"
2022/05/28,2300 UTC,0,"888,4","888,4","887,7",,"19,4","9,5","19,6","17,2","9,9","8,6",58,52,53,109,"3,9","2,3"
2022/05/29,0000 UTC,0,"888,6","888,6","888,4",,19,9,"19,5","18,9","9,5",9,54,52,52,103,"4,6","2,2"
2022/05/29,0100 UTC,0,889,889,"888,6",,"18,4","9,5","19,2","18,4","9,5","8,9",56,51,56,84,"5,8","2,9"
2022/05/29,0200 UTC,0,"888,7",889,"888,7",,18,"7,3","18,5","17,7","9,6","7,3",57,50,50,84,"5,2","2,5"
2022/05/29,0300 UTC,0,"888,4","888,7","888,3",,"17,4",7,"18,1","17,4","7,3","6,8",51,48,51,92,"6,1","2,3"
2022/05/29,0400 UTC,0,"888,2","888,4","888,2",,"15,4","7,1","17,4","15,2","7,1","6,5",58,50,58,138,"4,9","2,1"
2022/05/29,0500 UTC,0,"887,8","888,2","887,7",,"15,1","6,6","15,4","14,8","7,1","6,6",59,56,57,107,"2,9","1,4"
2022/05/29,0600 UTC,0,"887,4","887,7","887,4",,11,7,"15,5",11,7,"6,2",76,55,76,171,"2,9","0,6"
2022/05/29,0700 UTC,0,"887,3","887,4","887,2",,"11,1","7,4","11,4","10,9","7,5","6,9",78,75,78,142,"1,2","0,3"
2022/05/29,0800 UTC,0,"887,5","887,5","887,2",,"10,4","7,1","11,1","10,4","7,6",7,81,77,80,111,"1,2","0,5"
2022/05/29,0900 UTC,0,888,888,"887,5",,"10,2","7,5","10,8","9,9","7,6","6,9",83,79,83,237,"1,4","0,9"
2022/05/29,1000 UTC,0,"888,2","888,3",888,"17,8","12,5","7,6","12,5","10,2","7,6","6,5",83,72,72,106,"2,4","1,4"
2022/05/29,1100 UTC,0,"888,9","888,9","888,2","514,8","17,6","7,5","17,7","12,5","8,1","7,4",72,51,52,79,"3,9","1,9"
2022/05/29,1200 UTC,0,"889,4","889,4","888,9",1318,"20,2","8,2","20,2","17,6","8,7","7,6",53,46,46,85,"4,1","2,4"
2022/05/29,1300 UTC,0,"889,7","889,7","889,4","2031,3","21,5","8,7","21,5","19,9","8,8","7,8",47,42,44,84,"5,8","2,7"
2022/05/29,1400 UTC,0,"889,3","889,7","889,3","2563,8","22,6",8,23,"21,4",9,"7,5",44,38,39,119,"5,4","1,8"
2022/05/29,1500 UTC,0,"888,5","889,3","888,5",2848,"24,8","7,5","24,9","22,5","8,7","6,9",40,32,33,136,"4,2","1,5"
2022/05/29,1600 UTC,0,"887,5","888,5","887,5","2884,7","26,2","6,5","26,2","24,5","7,7","5,8",33,28,29,284,"4,3","1,8"
2022/05/29,1700 UTC,0,"886,7","887,6","886,7","2675,2","26,5","5,2","26,6","25,1","6,3","4,7",29,25,25,127,"4,7","1,6"
2022/05/29,1800 UTC,0,886,"886,7",886,2251,"26,8","5,8","27,3","25,7","5,9","4,5",27,24,26,141,"4,9","1,8"
2022/05/29,1900 UTC,0,"885,6",886,"885,6","1609,4","27,1","5,2","27,7","26,3","5,9","4,5",26,24,25,87,"4,4",1
2022/05/29,2000 UTC,0,"885,8","885,8","885,6","845,5","25,2","5,8","27,5","25,2","6,2","4,7",29,24,29,142,"4,8","2,7"
2022/05/29,2100 UTC,0,"886,1","886,1","885,8","154,1","22,3","7,2","25,2","22,1","7,2","5,7",38,29,38,138,"4,6","1,8"
2022/05/29,2200 UTC,0,"886,4","886,4","886,1",,"18,1","8,2","22,3",18,"8,6","7,2",54,38,53,101,"3,2","1,5"
2022/05/29,2300 UTC,0,887,887,"886,4",,"17,5","8,3","20,3","17,5","8,5","7,9",55,46,55,107,"3,4","1,5"
2022/05/30,0000 UTC,0,"887,4","887,4",887,,"19,6","7,1",20,"17,1","8,7","6,9",57,44,44,83,"3,4","1,5"
2022/05/30,0100 UTC,0,"887,5","887,5","887,4",,15,"8,9","19,6","14,9","8,9","7,1",67,44,67,133,"2,2","1,5"
2022/05/30,0200 UTC,0,"887,4","887,5","887,4",,"18,1","8,8","18,2","14,7","9,1","8,7",69,54,54,107,"3,4","1,6"
2022/05/30,0300 UTC,0,"887,2","887,5","887,2",,"18,2","8,5","18,6",18,"9,1","8,4",55,52,53,89,4,"2,2"
2022/05/30,0400 UTC,0,"886,9","887,2","886,9",,18,"8,8","18,4","17,9",9,"8,4",55,53,55,77,"4,3","1,9"
2022/05/30,0500 UTC,0,"886,6",887,"886,6",,"12,8",9,18,"12,8","9,3","8,4",78,55,78,337,"3,2","0,4"
2022/05/30,0600 UTC,0,"886,5","886,6","886,4",,"13,2","9,1","13,3","12,5","9,3","8,8",79,76,76,247,"0,9","0,7"
2022/05/30,0700 UTC,0,"886,5","886,5","886,4",,"12,8","9,2","13,2","12,4","9,2","8,5",79,75,79,101,"0,9","0,5"
2022/05/30,0800 UTC,0,"886,7","886,7","886,5",,"12,6",9,"13,1","12,5","9,4","8,9",80,77,79,194,"0,7","0,4"
2022/05/30,0900 UTC,0,"887,2","887,2","886,7",,"12,3","9,2","12,7","12,1","9,2","8,8",81,78,81,328,"0,6","0,2"
2022/05/30,1000 UTC,0,"887,7","887,7","887,2",24,"12,5",9,"12,5","12,1","9,2","8,7",81,79,80,333,"0,6","0,6"
2022/05/30,1100 UTC,0,"888,4","888,4","887,7","503,5","18,8","10,2","18,8","12,5","11,5",9,80,54,57,325,"0,8","0,3"
2022/05/30,1200 UTC,0,"889,1","889,1","888,4","1284,8","22,2",10,"22,2","18,8","11,1","9,2",58,45,46,36,"2,7","1,5"
2022/05/30,1300 UTC,0,"889,4","889,4","889,1",2007,"24,3",8,"24,5","22,1",10,"7,9",46,35,35,356,"3,3",1
2022/05/30,1400 UTC,0,889,"889,4",889,"2515,4","25,1",6,"25,7","23,9","8,8","5,7",38,29,29,106,"3,4","1,2"
2022/05/30,1500 UTC,0,"888,3",889,"888,3",2763,"26,4","5,2","27,3","24,8","7,3","4,2",31,23,26,41,"3,7","1,8"
2022/05/30,1600 UTC,0,"887,4","888,3","887,4","2819,6","26,5","4,8","27,4",26,"6,6","4,4",28,24,25,83,"5,5","2,7"
2022/05/30,1700 UTC,0,"886,6","887,4","886,6","2624,2","27,1","4,5","27,2","26,3","5,3","4,1",26,23,24,210,"5,8","1,7"
2022/05/30,1800 UTC,0,886,"886,6",886,"2209,8","27,6","4,8","27,9","26,7","5,4","4,1",25,23,23,228,"4,7","1,2"
2022/05/30,1900 UTC,0,"885,6","886,1","885,6","1529,8","27,4",5,"28,4","27,2","6,3","4,4",25,22,24,18,"4,5","1,9"
2022/05/30,2000 UTC,0,"885,6","885,6","885,5",778,"25,8","6,4","27,7","25,8","6,5","4,7",29,24,29,153,5,"2,9"
2022/05/30,2100 UTC,0,"885,8","885,8","885,5","147,6","20,9",9,"25,8","20,9","9,1","6,4",47,29,47,125,"4,5","0,6"
2022/05/30,2200 UTC,0,886,"886,1","885,8",,"20,6","8,4","21,8","18,9","9,5","8,1",53,42,45,103,3,"1,7"
2022/05/30,2300 UTC,0,"886,6","886,6",886,,20,"8,5","21,2","17,9",9,8,56,43,48,96,3,"1,5"
2022/05/31,0000 UTC,0,"887,1","887,1","886,6",,17,"8,6",20,"16,8","9,7","8,2",62,47,58,104,"2,4","0,9"
2022/05/31,0100 UTC,0,"887,5","887,5",887,,"15,4","9,7","19,5","15,4","9,8","8,5",69,51,69,158,"3,9",1
2022/05/31,0200 UTC,0,"887,7","887,7","887,5",,"14,9","9,4",16,"14,9","9,8","9,3",70,65,70,197,"1,4","0,4"
2022/05/31,0300 UTC,0,"887,7","887,7","887,6",,"14,2","9,4","15,7","14,2","9,6","8,8",73,65,73,138,"1,3","1,1"
2022/05/31,0400 UTC,0,"887,1","887,7","887,1",,"14,6","8,5","14,9",14,"9,4","8,5",74,66,67,72,"2,1","1,3"
2022/05/31,0500 UTC,0,"886,9","887,2","886,9",,"14,2","8,4","14,6","13,6","9,2","8,4",74,67,68,163,"2,1","0,4"
2022/05/31,0600 UTC,0,"886,7","886,9","886,6",,"13,7","8,3","14,3","13,1","8,3","7,9",71,67,69,354,"1,1","0,6"
2022/05/31,0700 UTC,0,"886,5","886,7","886,5",,"13,2",8,"13,8","13,2","8,6","7,9",72,69,71,261,"0,9","0,5"
2022/05/31,0800 UTC,0,"886,7","886,7","886,5",,"12,8","7,6","13,8","12,8","7,9","7,5",71,68,70,80,"1,1","0,6"
2022/05/31,0900 UTC,0,"887,4","887,4","886,7",,"13,1","8,7","13,8","12,6","8,8","7,6",77,70,75,227,"1,3","1,1"
2022/05/31,1000 UTC,0,"887,8","887,8","887,4","16,9","13,6","8,2","13,6","12,5","8,7","7,9",75,70,70,124,"1,3","0,3"
2022/05/31,1100 UTC,0,"888,5","888,5","887,8","495,3","19,8","9,6","19,8","13,6","10,7",8,70,51,52,244,"1,3","0,7"
2022/05/31,1200 UTC,0,"888,8","888,9","888,5","1283,5","23,2","7,3","23,2","19,8","10,1","5,9",52,34,36,109,"3,7","1,5"
2022/05/31,1300 UTC,0,"888,4","888,8","888,4","1991,9","24,7","6,5","24,8","22,8","8,3","5,8",39,30,31,95,"4,8","2,6"
2022/05/31,1400 UTC,0,888,"888,4",888,2513,"25,9","6,6","26,4","24,5","7,4","5,8",31,28,29,103,5,2
2022/05/31,1500 UTC,0,"887,7","888,1","887,7","2777,6",26,"5,7","26,4","25,6",7,"5,2",30,26,27,139,"5,6",3
2022/05/31,1600 UTC,0,887,"887,7",887,"2812,6","27,3","5,8","27,6",26,"6,4","3,9",28,22,25,124,"6,1","2,6"
2022/05/31,1700 UTC,0,"885,9",887,"885,9","2614,5","27,9","5,1","28,7","26,8",6,"4,5",26,22,23,108,"7,4",4
2022/05/31,1800 UTC,0,"885,4","885,9","885,4","2217,6","27,8",5,"28,4","27,2","5,9","4,6",25,22,23,111,"7,5","3,8"
2022/05/31,1900 UTC,0,"885,4","885,4","885,1","1548,9","27,3","5,9",28,"27,1","6,5","4,7",26,23,26,135,"6,1","3,3"
2022/05/31,2000 UTC,0,"885,6","885,6","885,4","837,3",26,"5,7","27,3",26,"6,2","5,4",27,25,27,110,"6,2","3,5"
2022/05/31,2100 UTC,0,"885,6","885,7","885,6",108,24,"6,1",26,"23,9","6,9","5,6",33,27,32,107,"5,8","2,2"
2022/05/31,2200 UTC,0,886,886,"885,6",,"22,8","5,5",24,"22,8","6,1","5,5",33,32,33,109,"4,4","2,3"
2022/05/31,2300 UTC,0,"886,4","886,4",886,,"21,2","7,2","22,8","21,2","7,2","5,6",40,33,40,119,"4,2","1,8"
2022/06/01,0000 UTC,0,"886,8","886,8","886,4",,"20,7","7,3","21,3","20,6","7,4","7,1",42,40,42,112,"4,6","1,9"
2022/06/01,0100 UTC,0,"887,3","887,3","886,8",,"19,8","7,6","20,8","19,7","7,6","7,2",45,42,45,102,"4,6","2,1"
2022/06/01,0200 UTC,0,"887,1","887,5","887,1",,"19,2","7,6","19,9","18,1","7,9","7,5",50,45,47,107,"3,6","1,8"
2022/06/01,0300 UTC,0,"886,9","887,1","886,8",,"19,2","7,7","19,7",19,"7,8","7,4",48,45,47,115,"5,2",2
2022/06/01,0400 UTC,0,"886,7","886,9","886,7",,"16,2",8,"19,2","16,2","8,5","7,7",58,47,58,122,"3,3","1,7"
2022/06/01,0500 UTC,0,"886,3","886,7","886,3",,"14,1","7,9","17,6","14,1","9,1","7,6",67,56,67,92,"2,4",1
2022/06/01,0600 UTC,0,"886,2","886,3",886,,"12,9","8,6","14,3","12,7","8,9","7,9",75,67,75,149,3,"1,2"
2022/06/01,0700 UTC,0,"886,3","886,3","886,1",,"12,9",8,14,"12,9","8,8",8,75,69,72,156,"1,8","0,6"
2022/06/01,0800 UTC,0,"886,6","886,6","886,2",,"12,6","8,4","14,4","12,6","8,7",8,76,68,76,136,"1,9","1,2"
2022/06/01,0900 UTC,0,"886,9",887,"886,6",,"12,7","8,1","13,2","11,8","8,6","8,1",80,73,74,139,"1,6","0,9"
2022/06/01,1000 UTC,0,"887,5","887,5","886,9","15,9","14,4","9,4","14,4","12,1","9,4",8,78,71,72,100,"2,7","1,4"
2022/06/01,1100 UTC,0,"888,4","888,4","887,5","504,2","19,2","9,9","19,2","14,4",10,"9,5",72,54,55,110,"3,6","1,9"
2022/06/01,1200 UTC,0,"888,8","888,9","888,4","1312,1","20,8","10,1","20,8","19,2","10,1","9,5",55,50,51,109,"6,9","3,7"
2022/06/01,1300 UTC,0,"888,7","888,9","888,6","2018,2","22,3","10,5","22,3","20,8","10,7",10,51,47,47,88,"8,3","4,4"
2022/06/01,1400 UTC,0,"888,2","888,7","888,2","2529,5","24,1","10,5","24,3","22,2","11,2","10,3",48,42,42,91,"8,3","3,2"
2022/06/01,1500 UTC,0,"887,8","888,2","887,7",2799,"25,6","10,3",26,"24,1","10,9","10,1",42,37,38,104,"7,1","3,4"
2022/06/01,1600 UTC,0,"887,1","887,8","887,1","2821,3","26,6","8,2","26,9","25,4",11,"8,2",39,31,31,84,"7,2","3,1"
2022/06/01,1700 UTC,0,"886,1","887,1",886,2640,"27,8","7,3","27,8","26,3","8,8","6,1",32,27,28,74,"7,2","2,5"
2022/06/01,1800 UTC,0,"885,5","886,1","885,5","2230,2","27,3","7,5","27,8","26,5","8,6","6,4",31,27,29,110,"5,8","2,3"
2022/06/01,1900 UTC,0,"885,3","885,5","885,3","1614,5","27,2","7,5",28,"26,9",8,"5,3",29,25,29,99,"5,6","1,4"
2022/06/01,2000 UTC,0,"885,3","885,4","885,3","859,8",26,"8,5","27,2",26,"8,7","7,1",34,28,33,120,"4,6","2,3"
2022/06/01,2100 UTC,0,"885,7","885,7","885,3","161,2","23,8","7,9",26,"23,8","8,7","7,8",36,33,36,109,"4,4",2
2022/06/01,2200 UTC,0,"886,3","886,3","885,7",,"22,4","8,1","23,8","22,4","8,1","7,7",40,36,40,102,"3,3","1,7"
2022/06/01,2300 UTC,0,"886,9","886,9","886,3",,"22,2","7,9","22,7","21,9","8,2","7,8",41,39,40,73,"3,3","1,7"
2022/06/02,0000 UTC,0,"887,5","887,5","886,9",,"21,2","8,3","22,3","21,1","8,7","7,8",45,40,44,98,"3,3","1,5"
2022/06/02,0100 UTC,0,"887,7","887,7","887,5",,"20,5","8,8","21,2","20,5","8,8","8,2",47,44,47,110,"3,3","1,9"
2022/06/02,0200 UTC,0,"887,7","887,8","887,7",,"18,5","9,1","20,6","18,5","9,4","8,8",54,47,54,120,"3,8","1,5"
2022/06/02,0300 UTC,0,"887,5","887,7","887,5",,"19,4","9,6","19,5","15,5",10,9,67,53,53,74,"3,8","2,4"
2022/06/02,0400 UTC,0,"887,5","887,6","887,4",,"15,4","10,2","19,6","15,2","10,3","9,3",72,53,71,132,4,"0,7"
2022/06/02,0500 UTC,0,887,"887,5",887,,"16,5","10,5","16,5","13,8","10,7","9,5",77,68,68,100,"2,3","1,3"
2022/06/02,0600 UTC,0,"886,8","887,1","886,7",,"13,9","10,2","18,4","13,9","10,9","9,6",79,60,79,96,"3,4","0,9"
2022/06/02,0700 UTC,0,"886,4","886,8","886,4",,"13,2","10,5","16,3","13,2","11,1","9,7",84,69,84,331,"2,6","0,4"
2022/06/02,0800 UTC,0,"886,7","886,7","886,4",,"13,4","10,4","13,7",13,"11,2","10,1",85,81,82,171,1,"0,4"
2022/06/02,0900 UTC,0,"887,3","887,3","886,7",,"12,7","10,2","13,6","12,7","10,5",10,85,81,85,127,"1,1","0,2"
2022/06/02,1000 UTC,0,"887,9","887,9","887,3","16,1","13,3","10,1",14,"12,7","10,7","9,7",85,78,81,256,"1,1","0,3"
2022/06/02,1100 UTC,0,"888,5","888,5","887,9","473,8","20,1","10,3","20,1","13,3","11,8",10,81,53,53,38,"2,1","0,8"
2022/06/02,1200 UTC,0,"889,3","889,3","888,5","1279,1","22,2","10,3","22,2","20,1","10,8","9,8",54,46,47,41,"3,8","1,9"
2022/06/02,1300 UTC,0,"889,3","889,4","889,3","1959,4","24,1","10,3","24,2",22,"10,8","9,8",47,42,42,41,"4,7",2
2022/06/02,1400 UTC,0,889,"889,3",889,"2458,9","25,4","9,8","25,9","23,7","10,7","9,6",43,37,37,10,"4,6","1,8"
2022/06/02,1500 UTC,0,"888,6",889,"888,6","2734,4","26,2",8,"26,6","25,3","10,5","6,9",38,30,31,146,"4,5","1,5"
2022/06/02,1600 UTC,0,"887,8","888,6","887,8","2752,1","27,5",7,28,"25,6","8,7","5,8",33,26,27,98,6,"1,4"
2022/06/02,1700 UTC,0,887,"887,8",887,"2536,2",28,"8,1","28,4",27,"8,3","6,9",30,27,29,208,"5,1","1,2"
2022/06/02,1800 UTC,0,"886,5",887,"886,5","2135,3","27,7","7,9","28,6","27,4","8,7",7,29,26,29,145,"5,3","2,8"
2022/06/02,1900 UTC,0,"886,2","886,5","886,2","1557,5","27,4","8,7","28,7","27,2","9,1","7,4",31,28,31,193,"5,7","2,5"
2022/06/02,2000 UTC,0,"886,4","886,4","886,2","820,4","26,3","8,7","27,5","26,3","9,2","8,1",34,30,33,154,"5,6","2,7"
2022/06/02,2100 UTC,0,887,887,"886,3","151,6","23,7","9,8","26,3","23,7","9,8","8,6",41,33,41,166,"6,4",2
2022/06/02,2200 UTC,0,"887,5","887,5",887,,"21,3","9,4","23,8","21,3","9,9","9,1",47,41,47,155,"3,8","1,1"
2022/06/02,2300 UTC,0,"888,1","888,1","887,5",,"19,7","9,5","21,6","19,1","9,7","9,3",55,46,52,145,"2,6","1,1"
2022/06/03,0000 UTC,0,"888,3","888,3","888,1",,"18,4","10,1","19,9","18,4","10,2","9,4",59,51,58,119,"2,2","1,2"
2022/06/03,0100 UTC,0,"888,7","888,7","888,3",,"17,9","9,7","20,1","17,8","10,4","9,5",61,52,59,119,"2,8","1,5"
2022/06/03,0200 UTC,0,"888,7","888,8","888,7",,"19,6","10,5","20,4","17,9","10,6","9,8",59,52,56,115,"3,1","1,5"
2022/06/03,0300 UTC,0,"888,7","888,7","888,7",,"15,8","10,6","19,6","15,5",11,"9,7",74,56,71,114,"2,3","0,8"
2022/06/03,0400 UTC,0,"888,7","888,8","888,7",,"15,5","10,6","16,1","14,6","11,3","10,3",77,71,73,107,"2,1","1,2"
2022/06/03,0500 UTC,0,"888,5","888,7","888,5",,"15,2","10,8","15,5","14,5","11,1","10,4",79,73,75,85,"1,9","0,8"
2022/06/03,0600 UTC,0,"888,2","888,5","888,2",,"14,6",11,"15,2","13,7","11,4","10,3",82,74,79,149,"1,9","0,8"
2022/06/03,0700 UTC,0,"888,2","888,2","888,1",,14,"10,7","14,6","13,3","10,9",10,82,79,80,163,"1,3","0,6"
2022/06/03,0800 UTC,0,"888,3","888,3","888,1",,"13,5",10,"14,2",13,"10,6","9,6",82,78,80,161,"1,8","0,7"
2022/06/03,0900 UTC,0,"888,5","888,5","888,3",,13,"10,5","13,7","12,5","10,5","9,7",85,80,84,167,"1,4","0,8"
2022/06/03,1000 UTC,0,889,889,"888,5","14,9","13,1",10,"13,8","12,8","10,6","9,5",84,78,82,178,"2,1","1,2"
2022/06/03,1100 UTC,0,"889,8","889,8",889,"439,1","19,3","10,5","19,7","13,1","12,6",10,83,55,57,139,"2,1","0,6"
2022/06/03,1200 UTC,0,"890,2","890,3","889,8","1213,2","21,4","11,1","21,8","19,3","11,8","10,6",60,52,52,116,3,"1,6"
2022/06/03,1300 UTC,0,"890,6","890,7","890,2","1949,7","23,3","10,4","23,5","21,3","11,6","9,8",53,42,44,133,"5,6","3,2"
2022/06/03,1400 UTC,0,"890,3","890,7","890,3","2465,6","25,1","9,4","25,2","23,1","10,5",9,44,37,37,118,"7,1","4,3"
2022/06/03,1500 UTC,0,"889,8","890,3","889,8","2735,7","25,7","8,8",26,"24,7","9,8","8,4",38,34,34,131,"8,7","4,1"
2022/06/03,1600 UTC,0,889,"889,8",889,"2738,1","26,3","8,4","26,6","25,4","9,2",8,35,31,32,139,"8,6","4,1"
2022/06/03,1700 UTC,0,"888,3",889,"888,3","2601,7","26,7","7,4","27,4","25,9","8,3","6,8",32,29,29,122,"7,9","3,1"
2022/06/03,1800 UTC,0,"887,7","888,3","887,7","2207,6","26,8","5,8","27,4","26,4","8,3","5,8",31,26,26,115,"7,5","3,4"
2022/06/03,1900 UTC,0,"887,5","887,7","887,5","1599,9","26,5","7,3","27,4","26,4","7,4","5,5",30,26,30,99,"6,6","2,8"
2022/06/03,2000 UTC,0,"887,5","887,6","887,5",862,"25,5","8,3","26,8","25,5","8,3",7,33,29,33,123,"6,3","3,2"
2022/06/03,2100 UTC,0,"887,6","887,6","887,4","166,4","23,2","8,8","25,5","23,1","8,9",8,40,33,40,118,"5,9","1,7"
2022/06/03,2200 UTC,0,"887,8","887,8","887,6",,"21,7","8,9","23,2","20,9","9,2","8,7",46,40,44,113,"3,5","1,6"
2022/06/03,2300 UTC,0,"887,9",888,"887,8",,"21,3","8,8","21,7","20,4","9,3","8,8",48,44,45,112,"3,3",2
2022/06/04,0000 UTC,0,"888,3","888,3","887,9",,18,"8,9","21,4",18,"8,9","8,5",55,45,55,126,"4,3","1,3"
2022/06/04,0100 UTC,0,"888,6","888,6","888,3",,"15,9","9,8",18,"15,7","9,8","8,9",67,56,67,111,"2,3","1,4"
2022/06/04,0200 UTC,0,"888,8","888,8","888,6",,"15,6","9,8","16,4","15,5","10,1","9,7",69,66,68,128,"2,3","1,2"
2022/06/04,0300 UTC,0,"888,5","888,8","888,5",,"15,4","9,5","15,9","15,1","9,8","9,5",70,67,68,123,2,"1,1"
2022/06/04,0400 UTC,0,"888,2","888,5","888,2",,"14,9","9,6","15,5","14,6","9,6","9,4",71,67,71,112,"2,2","1,3"
2022/06/04,0500 UTC,0,888,"888,2","887,9",,"14,3","9,4","17,1","14,3","9,8",9,72,61,72,126,"2,7","1,3"
2022/06/04,0600 UTC,0,"887,6",888,"887,6",,"14,6","9,8","15,9","14,1","10,2","9,4",74,68,73,146,"2,3","1,2"
2022/06/04,0700 UTC,0,"887,5","887,7","887,5",,"14,4","9,4","15,3","13,6",10,9,75,70,72,98,"1,9","1,1"
2022/06/04,0800 UTC,0,"887,7","887,7","887,5",,"13,4","9,5","14,4","13,2","9,9","9,2",78,72,78,143,"1,9","0,8"
2022/06/04,0900 UTC,0,"887,9","887,9","887,7",,"14,2","9,8","14,9","12,9","10,2","9,1",80,72,75,133,"2,5","1,7"
2022/06/04,1000 UTC,0,"888,4","888,5","887,8","14,6","12,9","9,7","14,3","12,9","9,8","9,3",80,74,80,112,"2,1","0,8"
2022/06/04,1100 UTC,0,"889,3","889,3","888,4","459,9","19,3","11,1","19,3","12,9","11,2","9,7",81,59,59,123,3,"1,5"
2022/06/04,1200 UTC,0,"890,1","890,1","889,3","1246,1","20,7","10,4",21,"19,1","11,4","10,4",59,51,52,117,"5,4",3
2022/06/04,1300 UTC,0,"890,1","890,3","890,1",1929,"22,2","11,3","22,4","20,7","11,6","10,4",53,49,50,125,"7,1","3,2"
2022/06/04,1400 UTC,0,890,"890,1","889,9","2445,4","23,3","11,2",24,"22,1","11,7","10,7",50,45,46,111,"6,9","3,8"
2022/06/04,1500 UTC,0,"889,6",890,"889,6","2717,3","24,3",11,"25,3","23,2","11,9",11,47,42,43,100,"7,8","3,7"
2022/06/04,1600 UTC,0,"889,1","889,6",889,"2753,1","25,4","11,7",26,"24,2",12,11,45,41,42,88,8,"3,6"
2022/06/04,1700 UTC,0,"888,3","889,1","888,3","2614,1","26,1",12,"26,1","24,8","12,1","11,2",44,40,41,111,"7,9","3,2"
2022/06/04,1800 UTC,0,"888,2","888,4","888,1","2232,5","26,2","11,4","26,6",25,"12,1","11,3",43,39,39,83,"7,9","3,2"
2022/06/04,1900 UTC,0,888,"888,2",888,"1535,9",26,"11,6","26,6","24,9",12,11,43,39,41,101,7,"3,1"
2022/06/04,2000 UTC,0,888,888,"887,9",913,"24,4","11,6","26,4","24,4","11,7","11,1",45,40,45,114,"7,8","3,6"
2022/06/04,2100 UTC,0,"888,5","888,5",888,"115,1",23,"12,1","24,4","22,9","12,1","11,5",50,45,50,111,"7,1","2,9"
2022/06/04,2200 UTC,0,"888,7","888,7","888,5",,"21,8","12,2",23,"21,8","12,2",12,54,50,54,121,"5,3","2,4"
2022/06/04,2300 UTC,0,"889,1","889,1","888,7",,"20,9",12,"21,8","20,9","12,3","11,9",57,54,57,98,"4,9","2,4"
2022/06/05,0000 UTC,0,"889,4","889,4","889,1",,"19,9","12,2","21,1","19,9","12,2","11,9",61,56,61,110,"4,6","2,2"
2022/06/05,0100 UTC,0,"889,5","889,6","889,4",,19,"12,7",20,"18,9","12,7","12,2",67,61,67,118,"4,6","1,9"
2022/06/05,0200 UTC,0,"889,5","889,5","889,4",,"18,8","12,8",19,"18,6","12,9","12,6",69,67,68,105,"3,6",2
2022/06/05,0300 UTC,0,"889,3","889,5","889,3",,"18,4","13,1","19,1","18,3","13,2","12,8",71,68,71,119,"3,9","1,5"
2022/06/05,0400 UTC,0,"889,1","889,3","889,1",,"17,3","12,7","18,4","17,3","13,4","12,7",75,71,75,125,"3,3","1,5"
2022/06/05,0500 UTC,0,"888,7","889,1","888,7",,18,"13,6",18,"15,2","13,9","12,4",86,75,75,105,"3,6","1,7"
2022/06/05,0600 UTC,0,"888,5","888,7","888,4",,"18,1","13,4","18,6",18,"13,7","13,4",75,72,74,92,"6,9","3,2"
2022/06/05,0700 UTC,0,"888,6","888,6","888,4",,17,"13,5","18,1","16,9","13,6","13,3",80,74,80,100,"5,6","2,2"
2022/06/05,0800 UTC,0,"888,7","888,7","888,5",,"16,6","13,7","17,1","16,4","13,7","13,2",83,79,83,94,"5,9","2,9"
2022/06/05,0900 UTC,0,"889,1","889,2","888,7",,"16,2","13,7","16,6","16,2","13,8","13,5",85,82,85,89,"5,4","2,8"
2022/06/05,1000 UTC,0,"889,8","889,8","889,1","9,6","16,3","13,8","16,3",16,"13,8","13,5",86,85,85,103,"5,3","3,1"
2022/06/05,1100 UTC,0,"890,5","890,6","889,8","215,7","16,8","13,9","16,8","16,2","13,9","13,7",85,83,83,95,"6,3","3,7"
2022/06/05,1200 UTC,0,"891,3","891,3","890,5","1094,6","17,8","13,5","18,3","16,8","14,4","13,3",83,75,76,90,"8,4","4,8"
2022/06/05,1300 UTC,0,"891,6","891,7","891,3","1801,5",19,"13,3","19,6","17,7",14,"13,3",77,69,70,91,"8,1","4,3"
2022/06/05,1400 UTC,0,"891,4","891,6","891,3","2441,8",21,"13,4","21,5","18,7","14,5","13,3",71,62,62,104,"7,6","3,8"
2022/06/05,1500 UTC,0,"890,8","891,4","890,8","2785,1","22,5","13,5","22,5","20,6","14,2","12,9",64,56,57,82,"7,9","4,7"
2022/06/05,1600 UTC,0,890,"890,8",890,"2024,5","22,3","12,6","23,6","21,5","13,4","12,2",57,51,54,87,"8,2","3,9"
2022/06/05,1700 UTC,0,"889,3",890,"889,2","2083,6","23,4","11,5","24,1","22,3","12,8","11,2",54,46,47,71,"7,6","3,7"
2022/06/05,1800 UTC,0,"888,6","889,3","888,6","2049,7","23,7","11,5","24,2","22,7","12,1","10,9",49,45,46,90,8,"3,9"
2022/06/05,1900 UTC,0,"888,4","888,6","888,4","1405,2","23,8","11,1","24,2","22,8","11,6","10,4",47,43,45,90,"6,9","3,2"
2022/06/05,2000 UTC,0,"888,5","888,5","888,4","796,9","22,5","10,9",24,"22,4","11,1","10,3",48,43,48,84,"6,8","3,6"
2022/06/05,2100 UTC,0,"888,6","888,6","888,4","104,9","21,3","11,5","22,5","21,3","11,5","10,9",53,48,53,90,"6,2","2,7"
2022/06/05,2200 UTC,0,"888,8","888,8","888,6",,"19,8","12,1","21,3","19,8","12,1","11,3",61,53,61,121,"5,2","1,7"
2022/06/05,2300 UTC,0,"889,1","889,1","888,8",,"19,2","12,1",20,"19,2","12,3","12,1",64,60,64,114,"4,9","2,6"
2022/06/06,0000 UTC,0,"889,5","889,6","889,1",,"18,4","12,3","19,3","18,3","12,4","12,1",68,64,68,117,"5,2","2,1"
2022/06/06,0100 UTC,0,"889,6","889,6","889,5",,"17,4","12,1","18,4","17,3","12,4",12,71,68,71,118,"4,6","1,7"
2022/06/06,0200 UTC,0,"889,4","889,6","889,4",,"17,1","11,6","17,6","17,1","12,1","11,6",72,69,70,110,"4,3","2,2"
2022/06/06,0300 UTC,0,"889,3","889,5","889,3",,"16,4","11,6","17,2","16,4","11,7","11,4",73,70,73,125,"4,1","1,9"
2022/06/06,0400 UTC,0,"889,2","889,4","889,2",,"15,7","11,6","16,4","15,7","11,8","11,6",77,73,77,123,"3,6","1,7"
2022/06/06,0500 UTC,0,"888,8","889,3","888,8",,"15,7","11,5",16,"15,5","11,8","11,4",78,75,77,114,"3,7","1,7"
2022/06/06,0600 UTC,0,"888,7","888,8","888,6",,"15,9","11,2","16,1","15,5","11,6","11,2",77,74,74,106,"5,3","2,7"
2022/06/06,0700 UTC,0,"888,5","888,7","888,5",,"14,8",11,"15,9","14,8","11,3",11,78,74,78,101,"6,5","2,9"
2022/06/06,0800 UTC,0,"888,7","888,7","888,5",,"14,1","10,6",15,"14,1","11,2","10,5",79,78,79,101,"5,7","2,5"
2022/06/06,0900 UTC,0,"888,8","888,8","888,7",,"13,7","10,5","14,1","13,4","10,7","10,1",82,79,81,94,"5,1","1,8"
2022/06/06,1000 UTC,0,889,889,"888,8","10,6","14,1","10,2","14,2","13,6","10,6","10,2",81,78,78,83,"4,8","2,2"
2022/06/06,1100 UTC,0,"889,6","889,6",889,"480,4","16,1","10,2","16,1","14,1","10,5","10,1",78,68,68,74,"5,1","2,2"
2022/06/06,1200 UTC,0,"889,9","889,9","889,6","1293,6","18,2",10,"18,3","16,1","10,4","9,7",68,59,59,65,"6,2","2,9"
2022/06/06,1300 UTC,0,890,"890,2","889,9","1981,9","19,6","9,7","20,2","17,8","10,6","9,6",59,52,53,79,"6,8",3
2022/06/06,1400 UTC,0,"889,6","890,1","889,6","2487,4","21,7","10,1","21,8","19,4","10,5","9,8",55,48,48,56,"6,8","2,2"
2022/06/06,1500 UTC,0,"888,9","889,6","888,9","2771,9","22,5","10,2","23,3","21,3","10,6","9,9",49,44,46,66,"7,1","2,8"
2022/06/06,1600 UTC,0,"888,1","888,9","888,1","2800,5","23,7","9,8","24,1","22,3","10,4","9,3",46,41,41,82,"6,2","2,9"
2022/06/06,1700 UTC,0,"887,4","888,1","887,3","2598,7","24,2","9,4","25,1","23,2","10,2",9,43,38,39,63,"6,6","3,1"
2022/06/06,1800 UTC,0,"886,9","887,4","886,9","2212,9","24,8","8,9","25,4","24,2","9,5",8,39,35,36,38,"6,6","2,6"
2022/06/06,1900 UTC,0,"886,6","886,9","886,6","1613,3","24,9","8,8","25,3","24,5","9,5","8,5",38,35,36,37,"5,5","2,3"
2022/06/06,2000 UTC,0,"886,5","886,6","886,3","874,7","24,2","8,7",25,"24,2","9,1",8,38,34,37,41,"5,2","1,6"
2022/06/06,2100 UTC,0,"887,1","887,1","886,6","164,7","22,5","9,3","24,3","22,5","9,4","8,7",43,37,43,68,"3,4","1,7"
2022/06/06,2200 UTC,0,"887,7","887,7","887,1",,"20,9","10,5","22,5","20,9","10,5","9,3",52,43,52,99,"4,3","2,1"
2022/06/06,2300 UTC,0,"888,4","888,4","887,7",,20,"10,9","20,9","19,9",11,"10,5",56,52,56,93,"5,6","2,6"
2022/06/07,0000 UTC,0,"888,8","888,8","888,4",,17,"10,6",20,17,"10,9","10,3",66,56,66,58,"4,4","0,7"
2022/06/07,0100 UTC,0,"889,2","889,3","888,8",,"16,3","11,1","17,5","15,5","11,5","10,6",74,66,71,136,"2,4","1,4"
2022/06/07,0200 UTC,0,889,"889,2",889,,17,"10,9","17,2","15,3","11,5","10,8",76,67,67,117,"3,2",2
2022/06/07,0300 UTC,0,"888,7",889,"888,7",,"16,6","10,5",17,"14,5","10,9","9,9",76,66,67,108,"3,2","1,7"
2022/06/07,0400 UTC,0,"888,5","888,7","888,5",,"15,3","10,2","16,7","14,3","10,8","9,7",76,67,72,113,3,"1,4"
2022/06/07,0500 UTC,0,"888,2","888,6","888,2",,"13,4","9,6","15,3","12,6","10,7","9,5",85,71,78,80,"2,9","1,3"
2022/06/07,0600 UTC,0,"887,8","888,2","887,8",,"12,2","9,2","14,1","12,2","10,1","9,2",82,74,82,91,3,"0,7"
2022/06/07,0700 UTC,0,"887,6","887,8","887,6",,"11,9","9,2","12,5","11,8",10,"9,2",85,82,84,161,"1,5","0,9"
2022/06/07,0800 UTC,0,"887,8","887,8","887,6",,"11,6","9,5","12,3","11,6","10,1","9,2",88,84,87,176,"1,5","0,5"
2022/06/07,0900 UTC,0,"888,1","888,1","887,8",,"12,1",10,"12,1","11,4",10,"9,2",89,86,87,41,"0,8","0,4"
2022/06/07,1000 UTC,0,"888,3","888,3","888,1","24,8","12,5","10,2","12,6","11,1","10,3","9,2",89,84,86,147,"1,2","0,5"
2022/06/07,1100 UTC,0,"888,6","888,6","888,2","412,8",17,"10,5",17,"12,4",12,9,86,60,66,360,2,"0,9"
2022/06/07,1200 UTC,0,"889,1","889,1","888,6","1257,4","19,4","8,1","19,4","16,8","11,2","7,5",69,47,48,20,"4,2","2,1"
2022/06/07,1300 UTC,0,"889,2","889,2","889,1","1943,2","21,8","8,3",22,"19,4","8,6","7,5",48,42,42,4,"3,4","1,3"
2022/06/07,1400 UTC,0,"888,8","889,2","888,8","2444,7","23,5","9,1","23,8","21,5","9,5","8,3",43,39,40,64,"3,5","1,6"
2022/06/07,1500 UTC,0,"887,9","888,8","887,9",2726,25,"9,2",25,"23,3","9,8",8,40,35,37,150,"4,1","1,8"
2022/06/07,1600 UTC,0,887,"887,9",887,"2690,1","24,8","8,4","26,1","24,6","9,8","8,2",38,34,35,223,6,2
2022/06/07,1700 UTC,0,"885,9",887,"885,9","2579,6","26,4","7,8",27,"24,8","9,2","7,8",36,31,31,275,"5,9","1,7"
2022/06/07,1800 UTC,0,"885,4","885,9","885,4","2217,6","27,3","8,8","27,5","25,6","9,1","7,2",33,30,31,242,"5,9","1,8"
2022/06/07,1900 UTC,0,"885,5","885,5","885,3",1574,"26,9","8,1","27,5","25,5",9,"7,6",34,29,30,206,"4,9","1,1"
2022/06/07,2000 UTC,0,"885,5","885,5","885,4","755,1","25,9",9,"26,9","25,5","9,1","7,7",35,30,34,217,"3,3","1,1"
2022/06/07,2100 UTC,0,886,886,"885,5",182,"22,4","9,9","26,3","22,2","10,2","8,2",45,33,45,174,"3,5",1
2022/06/07,2200 UTC,0,"886,4","886,4",886,,"19,8","10,5","22,3","19,7","10,8","9,1",56,44,55,122,"3,1","1,4"
2022/06/07,2300 UTC,0,"886,7","886,7","886,4",,"18,6","10,1","21,1","18,6","10,9",10,58,50,58,101,3,"1,3"
2022/06/08,0000 UTC,0,887,887,"886,7",,"16,6","10,9","18,6","16,6",11,10,69,58,69,80,"2,1","1,2"
2022/06/08,0100 UTC,0,"887,1","887,2",887,,"16,3","10,3",18,"16,3","10,8","9,9",69,60,67,36,"2,3","0,8"
2022/06/08,0200 UTC,0,"887,2","887,3","887,1",,"15,1","10,5","16,6","15,1","10,7","10,2",74,67,74,99,"1,4","0,8"
2022/06/08,0300 UTC,0,"887,1","887,2","887,1",,15,"10,4","16,3",15,"11,1","10,3",75,70,74,142,"1,7","1,1"
2022/06/08,0400 UTC,0,"887,2","887,2","887,1",,"13,7","10,6",16,"13,7","11,2",10,81,72,81,210,"2,2","0,4"
2022/06/08,0500 UTC,0,"886,9","887,2","886,9",,"13,3","10,6","14,5","13,2","11,1",10,84,77,84,43,"1,3","0,6"
2022/06/08,0600 UTC,0,"886,6",887,"886,6",,"13,6","10,6","13,6","13,1","10,7","10,2",85,81,82,329,"0,9","0,6"
2022/06/08,0700 UTC,0,"886,8","886,8","886,6",,"13,2","10,3","14,2","13,2","10,9","10,1",83,79,82,98,"0,9","0,4"
2022/06/08,0800 UTC,0,887,887,"886,7",,"12,5","10,2","13,3","12,5","10,5","10,1",86,82,86,279,"0,9","0,6"
2022/06/08,0900 UTC,0,"887,3","887,3",887,,"13,6","10,3","13,7","12,4","10,9",10,87,80,80,157,"0,8","0,2"
2022/06/08,1000 UTC,0,"887,6","887,6","887,2",12,"13,3","10,3","13,7","12,5","10,4","9,7",84,79,82,286,"1,3","0,4"
2022/06/08,1100 UTC,0,"888,1","888,1","887,6","440,3","19,8","10,9","19,9","13,3","12,7","10,1",82,56,56,351,1,"0,5"
2022/06/08,1200 UTC,0,"888,5","888,6","888,1","1225,2","21,8","10,2","21,9","19,6","11,7","10,2",59,47,48,359,"3,1","1,7"
2022/06/08,1300 UTC,0,"888,8","888,8","888,5","1918,1","23,7",10,"23,9","21,7","10,5","9,4",47,41,42,2,"3,9","2,2"
2022/06/08,1400 UTC,0,"888,4","888,8","888,4","2414,3","24,7","8,9","25,1","23,2","10,2","8,7",43,36,37,221,5,"2,1"
2022/06/08,1500 UTC,0,"887,7","888,4","887,7","2682,8",26,"8,9",26,"24,5","9,1","7,8",37,32,34,136,5,"1,9"
2022/06/08,1600 UTC,0,"886,6","887,8","886,6",2711,26,"7,9","26,8","25,2",9,"7,8",34,31,32,188,5,"1,6"
2022/06/08,1700 UTC,0,"885,7","886,6","885,7","2555,4",27,"7,9","27,7","25,9","8,7","7,4",33,29,30,89,"5,3","2,7"
2022/06/08,1800 UTC,0,"885,1","885,7","885,1","2207,2","27,4","5,8","27,6","26,4","8,1","5,8",30,25,25,108,"5,8","2,6"
2022/06/08,1900 UTC,0,885,"885,2",885,"1606,8","26,9","6,9","27,4","26,4","7,5","5,1",29,24,28,113,"6,4","1,8"
2022/06/08,2000 UTC,0,885,885,"884,8","849,4","25,8",7,"26,9","25,8","7,6","6,6",30,28,30,97,"4,9","2,5"
2022/06/08,2100 UTC,0,"885,5","885,6","884,9",147,"23,7","7,8","25,8","23,7","7,8","6,5",36,30,36,105,"4,9",2
2022/06/08,2200 UTC,0,"886,2","886,2","885,6",,"22,5",8,"23,7","22,4",8,"7,4",40,36,40,104,"4,3","1,8"
2022/06/08,2300 UTC,0,"886,9","886,9","886,2",,"22,1","8,1","22,7",22,"8,4",8,41,39,41,99,"3,3","1,9"
2022/06/09,0000 UTC,0,"887,3","887,3","886,9",,"21,2","8,1","22,3","21,2","8,2","7,8",43,40,43,101,"3,7","2,2"
2022/06/09,0100 UTC,0,"887,5","887,5","887,3",,"20,3","8,8","21,3","20,3","8,8",8,48,43,48,78,"4,1","1,7"
2022/06/09,0200 UTC,0,"887,7","887,7","887,5",,"18,5","9,3","20,4","16,3","10,3","8,8",65,48,55,109,3,"1,5"
2022/06/09,0300 UTC,0,"887,5","887,8","887,5",,"18,4","9,3",19,"17,3",10,"9,1",60,55,55,107,"2,9","1,4"
2022/06/09,0400 UTC,0,"887,4","887,6","887,4",,"14,9","9,6","18,4","14,7",10,9,72,55,70,134,"2,9","0,3"
2022/06/09,0500 UTC,0,"887,1","887,4","887,1",,"15,7","9,6","16,9","14,4","10,2","9,2",72,63,67,71,"2,9","1,4"
2022/06/09,0600 UTC,0,"886,9","887,2","886,9",,"16,9","10,1","16,9","14,2","10,3","9,5",77,64,64,63,"2,9","1,6"
2022/06/09,0700 UTC,0,"886,8","886,9","886,8",,"15,7",10,"17,7","14,2","10,1","9,1",75,60,69,50,"2,9","1,1"
2022/06/09,0800 UTC,0,"886,9","886,9","886,8",,"14,1","9,3","16,9","13,8",10,"8,9",74,62,73,116,"2,2","0,9"
2022/06/09,0900 UTC,0,887,887,"886,8",,"13,8","9,7","14,9","12,7","10,2","9,1",81,71,76,144,"1,6","0,8"
2022/06/09,1000 UTC,0,"887,8","887,8",887,"12,6","13,9",10,"13,9",13,"10,2","9,3",80,76,77,153,"1,3","0,5"
2022/06/09,1100 UTC,0,"888,3","888,3","887,8","444,8","20,9",10,"20,9","13,8","11,6","9,8",77,50,50,65,"2,7","0,6"
2022/06/09,1200 UTC,0,"888,9","888,9","888,3","1221,3","22,4",9,"22,6","19,8",12,9,61,42,43,72,"4,2","2,4"
2022/06/09,1300 UTC,0,889,889,"888,8","1927,3",24,"7,9","24,1","22,2","9,5","7,4",44,34,36,64,"5,3","2,6"
2022/06/09,1400 UTC,0,"888,6",889,"888,6","2432,5","25,6","7,6","25,7","24,1","8,1","6,1",36,30,32,63,6,"2,3"
2022/06/09,1500 UTC,0,888,"888,6",888,2711,"25,9","7,3","26,5",25,"7,9",7,33,29,31,83,"5,4","3,1"
2022/06/09,1600 UTC,0,"887,2",888,"887,2","2706,3","26,8","7,3",27,"25,5","8,5","6,8",32,29,29,3,"6,5","2,9"
2022/06/09,1700 UTC,0,"886,6","887,2","886,6","2557,8","26,5","7,4","27,7",26,"8,2",7,31,28,30,348,"6,5","3,4"
2022/06/09,1800 UTC,0,"886,3","886,6","886,3","2171,3","27,3","7,6","27,8","26,4","8,5","7,5",31,28,29,348,"6,2","1,1"
2022/06/09,1900 UTC,0,"886,4","886,5","886,2","1587,7","27,3","7,3","28,1","26,9","8,1","7,2",30,28,28,315,"4,5","1,7"
2022/06/09,2000 UTC,0,"886,6","886,6","886,4",870,"26,7","8,1","27,8","26,6","8,2","7,3",31,28,31,332,"4,4","1,5"
2022/06/09,2100 UTC,0,"887,1","887,1","886,6","168,2","22,6","9,9","26,7","22,6","9,9","7,8",45,31,44,339,4,"1,3"
2022/06/09,2200 UTC,0,"887,6","887,7","887,1",,"21,8","9,2","22,6","19,8","10,5","9,2",53,44,45,36,"3,1","1,4"
2022/06/09,2300 UTC,0,"888,1","888,1","887,6",,"18,2","9,8","22,2","18,2","10,1","8,9",58,43,58,39,"3,1","1,1"
2022/06/10,0000 UTC,0,"888,3","888,3",888,,"18,1",10,"18,5","17,3","10,8","9,4",64,57,59,293,"2,6","0,3"
2022/06/10,0100 UTC,0,"888,4","888,4","888,2",,"17,4","9,6",18,"16,9","10,1","9,6",63,59,60,296,"1,2","0,4"
2022/06/10,0200 UTC,0,"888,3","888,4","888,3",,"16,5","9,5","17,5","16,3","9,7","9,4",64,60,64,10,"1,6","1,3"
2022/06/10,0300 UTC,0,"888,1","888,3","888,1",,"16,2","9,3","16,5","16,1","9,6","9,2",65,63,64,336,"2,2","1,4"
2022/06/10,0400 UTC,0,888,"888,2",888,,"16,1","8,8","16,3","15,7","9,3","8,8",65,62,62,329,"2,3","1,6"
2022/06/10,0500 UTC,0,"887,7",888,"887,7",,"15,2",10,"16,8","14,7","10,2","8,5",72,62,71,147,"2,9","1,6"
2022/06/10,0600 UTC,0,"887,4","887,7","887,4",,"15,5","9,3","15,9","14,5","10,1","9,3",71,66,67,157,"2,5","1,1"
2022/06/10,0700 UTC,0,"887,3","887,4","887,3",,14,"9,2",17,"13,9","9,5","8,6",73,60,73,197,"1,9","0,4"
2022/06/10,0800 UTC,0,"887,4","887,4","887,2",,"13,7","8,9",15,"13,6","9,4","8,5",73,67,73,298,"1,2","0,2"
2022/06/10,0900 UTC,0,"887,9","887,9","887,4",,"13,9","9,4","13,9","12,8","9,5","8,8",79,73,74,5,"1,7","0,7"
2022/06/10,1000 UTC,0,"888,4","888,4","887,9",13,"13,3",9,"14,6","13,3","9,3","8,7",76,70,76,122,"1,2","0,5"
2022/06/10,1100 UTC,0,"888,9","888,9","888,4","435,2","19,2","10,5","19,2","13,2","10,9",9,76,56,57,2,"1,7","0,8"
2022/06/10,1200 UTC,0,"889,2","889,2","888,9","1197,9","22,3","9,8","22,3","19,2","10,9","9,4",57,44,45,342,2,"0,8"
2022/06/10,1300 UTC,0,"889,2","889,4","889,2","1868,4",24,"10,2","24,3","22,3","10,6","9,7",46,41,42,227,"2,6","1,2"
2022/06/10,1400 UTC,0,"888,9","889,2","888,9","2321,7","25,1","9,1","25,3","23,7","10,5","8,7",42,36,36,197,"4,1","1,5"
2022/06/10,1500 UTC,0,"888,2","888,9","888,2","2405,2",25,"8,9","26,4",25,10,"8,4",37,33,36,245,"5,7","2,1"
2022/06/10,1600 UTC,0,"887,4","888,2","887,4",2660,"25,5","8,2","27,1",25,"10,1","8,2",38,31,33,227,"7,3","2,2"
2022/06/10,1700 UTC,0,"886,5","887,4","886,5","2481,7","26,9",9,"27,7","25,3","10,2","8,3",35,32,33,253,"5,4","2,2"
2022/06/10,1800 UTC,0,"886,2","886,5","886,2","1653,8","27,5","10,2","27,5","25,8","10,6","8,9",37,33,34,255,"5,6","2,5"
2022/06/10,1900 UTC,0,"886,4","886,4","886,1","1125,5",26,"9,5","27,9","25,8","10,3","8,8",36,32,35,251,"5,4","2,4"
2022/06/10,2000 UTC,0,"886,8","886,8","886,4","444,8","24,8","10,2",26,"24,8","10,4",9,40,35,40,256,"6,1","2,4"
2022/06/10,2100 UTC,0,"887,2","887,2","886,8","35,9","23,2","9,7","24,8","23,2","10,9","9,4",43,40,42,285,"4,8","1,6"
2022/06/10,2200 UTC,0,"887,7","887,7","887,2",,"21,7","10,6","23,2","21,7","10,6","9,7",50,42,49,268,"2,8","1,4"
2022/06/10,2300 UTC,0,"888,2","888,2","887,7",,"21,2","11,9","21,7","19,9","11,9","10,5",56,49,56,194,"3,2","1,2"
2022/06/11,0000 UTC,0,"888,6","888,6","888,2",,"21,3","12,8","21,8",21,"12,8","11,9",59,55,58,203,"8,1","2,9"
2022/06/11,0100 UTC,0,"888,9","888,9","888,6",,"19,5",14,"21,3","19,4",14,"12,8",71,58,71,203,"8,1","3,3"
2022/06/11,0200 UTC,0,"888,5","888,9","888,5",,"18,6",14,"19,5","18,5",14,"13,8",74,71,74,191,7,"2,5"
2022/06/11,0300 UTC,0,"888,4","888,5","888,3",,"17,8","13,9","18,6","17,8","14,1","13,8",78,74,78,190,"6,2","1,9"
2022/06/11,0400 UTC,0,"888,4","888,5","888,3",,"17,3",14,18,"17,2","14,2","13,8",81,78,81,206,"4,5","1,5"
2022/06/11,0500 UTC,0,"888,2","888,4","888,1",,"16,9","13,5","17,3","16,9","14,1","13,5",82,80,81,170,"3,8","1,2"
2022/06/11,0600 UTC,0,"887,6","888,2","887,6",,"16,5","13,8","16,9","15,9","13,9","13,2",86,81,84,176,"3,7","1,7"
2022/06/11,0700 UTC,0,"887,4","887,6","887,3",,"15,7","13,5","16,6","15,7","13,9","13,5",87,84,87,188,5,"1,8"
2022/06/11,0800 UTC,0,"887,7","887,7","887,4",,"15,3","13,4","15,9","15,2","13,8","13,3",89,87,89,197,5,"1,9"
2022/06/11,0900 UTC,0,"887,8","887,8","887,6",,"14,9","13,5","15,3","14,8","13,5","13,2",91,89,91,174,5,"1,8"
2022/06/11,1000 UTC,0,"888,2","888,2","887,7",12,"14,7","13,4",15,"14,7","13,6","13,4",92,91,92,174,"4,9","1,7"
2022/06/11,1100 UTC,0,"888,6","888,6","888,2","423,8",16,"13,7","16,1","14,6","13,9","13,4",92,86,86,162,5,"2,6"
2022/06/11,1200 UTC,0,"889,2","889,2","888,6","1142,9",17,"13,9","17,4","16,1","14,5","13,6",86,82,82,147,"5,5","2,8"
2022/06/11,1300 UTC,0,"889,2","889,3","889,1","1877,3","19,7","14,7","19,7",17,"14,7","13,9",83,72,73,137,"4,7","2,6"
2022/06/11,1400 UTC,0,889,"889,2",889,"2393,5","21,2","14,2","21,7","19,3",15,14,73,63,64,120,"5,7","2,7"
2022/06/11,1500 UTC,0,"888,7","889,1","888,7","2681,1","22,7","13,4","23,1","21,2","14,6",13,65,56,56,135,"5,6","2,8"
2022/06/11,1600 UTC,0,"887,9","888,7","887,9","2739,1","23,6","12,8","23,8","22,3","13,7","11,7",58,50,51,125,"5,6","2,2"
2022/06/11,1700 UTC,0,"887,1","887,9","887,1",2277,"23,3","12,7","24,7","23,2","13,6","12,1",52,46,51,180,"5,7","2,3"
2022/06/11,1800 UTC,0,"886,7","887,2","886,7",1500,"23,6","13,3","24,8","23,2","14,6","12,5",55,50,52,162,5,"2,8"
2022/06/11,1900 UTC,0,"886,7","886,8","886,6",1373,"23,8","13,2","24,7","23,4",14,"12,8",54,50,51,111,"5,6","1,9"
2022/06/11,2000 UTC,0,887,887,"886,6","459,7","22,8","13,4","24,4","22,8","13,8","12,8",56,49,56,155,"4,8","2,2"
2022/06/11,2100 UTC,0,"887,5","887,5",887,"119,8","21,2","13,8","22,8","21,2","13,8","13,4",63,55,63,175,"4,6","2,2"
2022/06/11,2200 UTC,0,"887,8","887,9","887,5",,"20,2","13,9","21,2",20,"13,9","13,7",67,63,67,190,5,"1,6"
2022/06/11,2300 UTC,0,888,"888,1","887,8",,"19,4","13,7","20,2","19,4","13,9","13,7",70,67,70,183,"4,4",2
2022/06/12,0000 UTC,0,"888,4","888,4",888,,"18,9","13,7","19,4","18,8","13,9","13,6",72,70,72,178,"4,2","1,7"
2022/06/12,0100 UTC,0,"888,6","888,7","888,4",,"18,4","13,7","18,9","18,2","13,8","13,4",74,72,74,154,4,"1,1"
2022/06/12,0200 UTC,0,"888,7","888,9","888,6",,"17,1","13,2","18,6","16,6","13,8","13,1",81,73,78,168,"2,7","1,1"
2022/06/12,0300 UTC,0,"888,5","888,7","888,4",,"17,5","13,7","18,1","16,9",14,"13,1",80,76,78,150,"2,3","0,8"
2022/06/12,0400 UTC,0,"888,5","888,6","888,4",,"16,4","13,8","17,5","16,3",14,"13,7",85,78,85,176,"1,6","0,9"
2022/06/12,0500 UTC,0,"888,2","888,5","888,1",,"16,3","13,6","16,8","16,3",14,"13,6",85,83,84,174,"1,9","0,8"
2022/06/12,0600 UTC,0,"887,7","888,2","887,7",,"16,2","13,4","16,7",16,"14,1","13,3",85,82,83,148,"1,8","0,7"
2022/06/12,0700 UTC,0,"887,6","887,7","887,4",,"16,2","13,8","16,3","15,2","14,1",13,89,83,85,167,"2,3","1,1"
2022/06/12,0800 UTC,0,"887,9","887,9","887,6",,"15,5","13,6","16,4","15,5","13,9","13,4",89,84,89,170,"3,5","1,4"
2022/06/12,0900 UTC,0,"888,1","888,2","887,9",,"15,1","13,8","15,5","14,9","13,9","13,3",92,89,92,154,"3,1","1,4"
2022/06/12,1000 UTC,0,"888,8","888,8","888,1","21,8","15,1","13,9","15,1","14,8","13,9","13,5",92,92,92,175,"2,5","1,2"
2022/06/12,1100 UTC,0,"889,5","889,5","888,8","399,1","15,8","13,6","16,2","15,1","14,2","13,6",92,86,87,150,"3,1",2
2022/06/12,1200 UTC,0,"889,9","889,9","889,3","928,7","17,6","14,1","17,7","15,8","14,4","13,7",88,79,80,151,"3,1","1,1"
2022/06/12,1300 UTC,0,"889,8","889,9","889,8","1637,1","19,9","14,1","20,3","17,4","14,7","13,8",80,69,70,164,"3,6","1,7"
2022/06/12,1400 UTC,0,"889,6","889,8","889,6","2337,2","22,8","14,2","22,9","19,7","14,9","13,7",70,58,58,95,"4,9","1,8"
2022/06/12,1500 UTC,0,"888,9","889,6","888,9",2662,25,"12,1","25,6","22,7","14,5","12,1",59,44,45,45,"4,2","2,2"
2022/06/12,1600 UTC,0,888,"888,9",888,"2482,4","26,1","13,3","26,3","24,7","13,3","12,2",47,43,45,292,"6,1","1,4"
2022/06/12,1700 UTC,0,"887,4",888,"887,4","827,5","24,4","12,8","26,6","24,3","13,1","12,3",49,42,48,181,"5,8","2,1"
2022/06/12,1800 UTC,0,887,"887,4",887,"309,4","23,4","14,8","24,6",23,"14,9","12,6",60,47,59,172,"6,2","2,2"
2022/06/12,1900 UTC,0,"887,1","887,1","886,8","169,6","22,7","14,8","23,6","22,7",15,"14,7",62,58,61,176,"4,7",2
2022/06/12,2000 UTC,0,"887,6","887,6","887,1","213,4","22,5","14,6",23,"22,5","14,9","14,3",62,59,61,184,"5,9",2
2022/06/12,2100 UTC,0,"888,3","888,3","887,6","73,2","21,2","14,6","22,5","21,2","14,8","14,5",66,61,66,175,"6,5","2,2"
2022/06/12,2200 UTC,0,"888,7","888,7","888,2",,"20,5","14,3","21,2","20,4","14,6","14,3",68,66,68,181,"5,3","1,9"
2022/06/12,2300 UTC,0,"889,3","889,3","888,7",,"19,8","14,4","20,5","19,8","14,5","14,3",71,68,71,175,"4,3","1,8"
2022/06/13,0000 UTC,0,"889,7","889,7","889,3",,19,"14,4","19,8",19,"14,5","14,4",75,71,75,178,"5,1","2,3"
2022/06/13,0100 UTC,0,890,890,"889,7",,18,"14,2",19,18,"14,5","14,2",79,75,79,183,"5,3","2,6"
2022/06/13,0200 UTC,0,890,890,"889,8",,"17,1","13,6",18,"17,1","14,3","13,6",81,79,80,169,"5,3",2
2022/06/13,0300 UTC,0,"889,8",890,"889,7",,"16,3","13,3","17,1","16,2","13,6","13,1",82,80,82,161,"4,7","1,6"
2022/06/13,0400 UTC,0,"889,4","889,8","889,4",,"15,6","13,3","16,4","15,6","13,4","13,2",86,82,86,171,"3,7","1,2"
2022/06/13,0500 UTC,0,889,"889,4",889,,"15,1","12,7","15,8",15,"13,3","12,7",86,84,86,177,"4,1","1,6"
2022/06/13,0600 UTC,0,"888,6",889,"888,6",,"15,2","12,8","15,3","14,9","12,9","12,6",87,85,85,169,"3,9","1,5"
2022/06/13,0700 UTC,0,"888,4","888,6","888,3",,"14,9","12,3","15,2","14,8","12,7","12,2",85,84,84,161,"3,9","1,7"
2022/06/13,0800 UTC,0,"888,6","888,6","888,4",,"14,4",12,"14,9","14,3","12,3","11,8",85,84,85,162,4,"1,9"
2022/06/13,0900 UTC,0,889,889,"888,6",,"14,7","11,7","14,8","14,3",12,"11,7",86,82,82,170,"3,5","1,5"
2022/06/13,1000 UTC,0,"889,4","889,5","888,9","7,1","14,7","11,6","14,7","14,4","11,7","11,5",84,82,82,152,"3,2","1,4"
2022/06/13,1100 UTC,0,"890,1","890,1","889,4","241,1","15,2","11,6","15,2","14,7","11,7","11,4",82,79,79,151,"4,7","2,1"
2022/06/13,1200 UTC,0,"890,5","890,5","890,1","1181,3","18,3","10,4","18,7","15,2",12,"10,3",80,59,60,133,"4,6","2,2"
2022/06/13,1300 UTC,0,"890,6","890,7","890,5","1868,7","19,7","10,9","20,4","18,2","11,4",10,61,55,57,142,"4,6","2,2"
2022/06/13,1400 UTC,0,"890,5","890,7","890,5","2319,5","21,7","12,1","21,9","19,5","12,3",11,59,54,54,133,"4,4","2,3"
2022/06/13,1500 UTC,0,"889,8","890,5","889,8","2604,1","23,1","11,3","23,7","21,7","12,6","11,3",55,46,47,131,"4,5","2,7"
2022/06/13,1600 UTC,0,"889,2","889,8","889,2",2642,"24,5","11,8","24,9","22,8","12,3","10,1",48,44,45,106,6,"2,1"
2022/06/13,1700 UTC,0,"888,5","889,2","888,5","2476,3","24,9","11,5","25,5","24,3","12,2","11,1",46,42,43,140,6,"2,2"
2022/06/13,1800 UTC,0,"888,1","888,5",888,"1475,4","25,5","12,1",26,"24,1","12,2","11,2",46,41,43,129,5,"2,2"
2022/06/13,1900 UTC,0,"887,8","888,1","887,8","643,3","25,2","11,8","25,6","24,3","12,1","11,5",46,42,43,104,"4,6","1,6"
2022/06/13,2000 UTC,0,"888,1","888,1","887,8","260,7",24,"12,1","25,3",24,"12,4","11,6",48,43,48,142,"3,7","1,3"
2022/06/13,2100 UTC,0,"888,8","888,8","888,1","23,8","20,5","14,6",24,"20,5","14,6",12,69,47,69,301,"4,6","2,3"
2022/06/13,2200 UTC,0,"888,9","888,9","888,8",,"19,6","15,4","20,5","19,2","16,3","14,6",83,69,77,235,"4,6","1,1"
2022/06/13,2300 UTC,0,"889,2","889,2","888,9",,"19,4","16,1","19,7","19,1","16,4","15,2",84,76,81,117,"1,7","0,4"
2022/06/14,0000 UTC,0,"889,4","889,5","889,2",,"20,7","13,1",21,"19,4","16,3",13,81,61,62,123,"4,2","2,2"
2022/06/14,0100 UTC,0,"889,7","889,7","889,4",,"18,2","12,4","20,7","18,2","13,1","12,4",69,62,69,126,"3,7","1,1"
2022/06/14,0200 UTC,0,"889,5","889,8","889,5",,"18,6","12,3","18,8","17,5",13,"12,3",74,67,67,112,"3,4","2,1"
2022/06/14,0300 UTC,0,"889,3","889,5","889,3",,18,12,"18,7","17,9","12,3","11,7",68,65,68,126,"4,6","1,7"
2022/06/14,0400 UTC,0,"889,1","889,4","889,1",,"17,7","11,2",18,"17,5","12,2","11,2",71,66,66,108,"3,6","2,1"
2022/06/14,0500 UTC,0,"888,8","889,1","888,8",,17,"10,9","17,8","15,8","11,2","10,6",73,64,67,111,"3,4","1,8"
2022/06/14,0600 UTC,0,"888,1","888,8","888,1",,17,"10,3","17,4",17,"10,9","10,3",67,64,65,109,"3,7","1,6"
2022/06/14,0700 UTC,0,888,"888,1","887,9",,"16,6","9,8","17,1","16,5","10,2","9,8",65,62,64,115,"3,5","1,7"
2022/06/14,0800 UTC,0,"888,1","888,1","887,9",,"16,8","9,2","17,1","16,5","9,9","9,2",64,60,61,114,"4,6","2,3"
2022/06/14,0900 UTC,0,"888,5","888,5","888,1",,"15,9","9,3","16,9","15,9","9,5","9,1",65,61,65,130,5,"2,4"
2022/06/14,1000 UTC,0,889,"889,1","888,5","7,4","15,7","8,7","15,9","15,4","9,5","8,7",67,63,63,114,"3,7","1,9"
2022/06/14,1100 UTC,0,"889,6","889,6",889,"390,5","17,4","6,8","17,5","15,6","8,8","6,7",63,49,50,104,"5,9","3,3"
2022/06/14,1200 UTC,0,890,"890,1","889,6","1064,7","18,9","6,5","19,2","17,4","7,3","6,3",51,44,44,105,"8,3","4,5"
2022/06/14,1300 UTC,0,"890,3","890,4",890,"1787,3","20,6","7,7","20,7","18,9","7,8","6,1",45,42,43,127,"7,8","2,8"
2022/06/14,1400 UTC,0,"890,1","890,4",890,2354,"22,4","9,1","22,7","20,5","9,4","7,4",45,41,42,112,"6,5","2,8"
2022/06/14,1500 UTC,0,"889,8","890,2","889,8","2663,9","23,2","9,8","23,7","22,2","10,2","8,9",43,41,43,98,"7,7","3,6"
2022/06/14,1600 UTC,0,"889,2","889,9","889,2","2698,8","24,2","10,8","24,9","23,2","11,2",10,44,41,43,124,7,"3,4"
2022/06/14,1700 UTC,0,"888,2","889,2","888,2","2524,8","25,8","11,8","26,3","24,2","11,8","10,5",43,39,42,84,"6,9",3
2022/06/14,1800 UTC,0,"887,8","888,2","887,8","1874,2","25,3","11,6","26,8","25,2","12,2","11,1",43,39,42,87,"7,3","3,2"
2022/06/14,1900 UTC,0,"887,8","887,8","887,7","886,7","24,6","11,9","25,8","24,6","12,3","11,7",45,42,45,98,"6,8","3,2"
2022/06/14,2000 UTC,0,888,888,"887,7","331,8","24,3","12,2","24,9","24,3","12,2","11,7",47,45,47,94,"5,2","2,4"
2022/06/14,2100 UTC,0,"888,5","888,5","887,9",77,"23,1","12,6","24,3",23,"12,7","12,2",52,47,52,101,"6,8","2,1"
2022/06/14,2200 UTC,0,"888,9","888,9","888,5",,"22,3","12,7","23,2","22,3","12,8","12,6",55,52,55,100,"3,9","2,1"
2022/06/14,2300 UTC,0,"889,3","889,3","888,9",,22,"12,8","22,3","21,7","12,8","12,7",57,55,56,88,"4,1","2,7"
2022/06/15,0000 UTC,0,"889,8","889,8","889,3",,"20,7","13,1",22,"20,6","13,1","12,8",62,56,62,122,5,"1,7"
2022/06/15,0100 UTC,0,890,890,"889,7",,"20,3","13,1","20,7","20,2","13,2","12,9",63,62,63,101,"5,8","3,2"
2022/06/15,0200 UTC,0,"890,1","890,1","889,9",,"19,6","13,6","20,5","19,5","13,7","13,1",69,63,69,106,"5,9","2,5"
2022/06/15,0300 UTC,0,"890,1","890,2","890,1",,"18,9",14,"19,6","18,7",14,"13,6",73,69,73,117,"4,5","1,9"
2022/06/15,0400 UTC,0,"889,9","890,3","889,9",,"18,2",14,"19,1","18,1",14,"13,8",76,72,76,112,"4,2","1,8"
2022/06/15,0500 UTC,0,"889,4","889,9","889,4",,"18,1","14,1","18,4",18,"14,2","13,9",77,76,77,110,"3,5","1,9"
2022/06/15,0600 UTC,0,"889,1","889,4","889,1",,"17,9","14,2","18,4","17,9","14,3","14,1",79,77,79,112,"6,3","2,7"
2022/06/15,0700 UTC,0,"888,9","889,1","888,9",,"17,1","14,2","17,9","17,1","14,4","14,2",83,79,83,106,"5,4","2,5"
2022/06/15,0800 UTC,0,"888,9",889,"888,8",,"16,9","14,3","17,1","16,9","14,4","14,2",85,83,85,87,"6,3","4,2"
2022/06/15,0900 UTC,0,"889,5","889,5","888,8",,"16,2","14,3","16,9","16,2","14,3","14,2",88,85,88,109,"7,1","2,6"
2022/06/15,1000 UTC,0,"890,1","890,1","889,5","4,3","15,6","14,1","16,2","15,6","14,3",14,91,88,91,134,"5,3",2
2022/06/15,1100 UTC,0,"890,9","890,9","890,1","256,7","16,7","14,5","16,7","15,6","14,6","14,1",91,86,87,92,"6,2","2,8"
2022/06/15,1200 UTC,0,"891,7","891,7","890,9",752,"17,7","14,5","17,9","16,7","14,8","14,1",87,80,81,103,"5,6","2,6"
2022/06/15,1300 UTC,0,892,892,"891,7","1641,6","19,7","14,4",20,"17,7","14,7","14,2",82,71,71,80,"5,4","2,9"
2022/06/15,1400 UTC,0,"891,8",892,"891,7","2018,9","21,4","14,9","21,7","19,5","14,9","14,2",72,65,66,90,6,"2,9"
2022/06/15,1500 UTC,0,"891,1","891,8","891,1","2570,1","23,3","14,6","23,4","21,4","15,2","14,2",66,58,58,81,6,"3,1"
2022/06/15,1600 UTC,0,"890,2","891,1","890,2","2638,7","24,8","14,6","24,9","23,2","14,9",14,58,52,53,63,"6,1","2,3"
2022/06/15,1700 UTC,0,"889,4","890,2","889,4","2166,2","24,1","13,9",26,24,"14,7","13,5",53,49,53,150,"6,1","3,3"
2022/06/15,1800 UTC,0,"888,9","889,4","888,8","1996,1","24,8","12,6","25,8","24,1","14,3","12,2",53,44,47,130,"5,7","2,1"
2022/06/15,1900 UTC,0,"888,7","888,9","888,6","887,9","24,4","13,6","25,6","24,3","13,7","12,5",51,47,51,131,6,"3,4"
2022/06/15,2000 UTC,0,"888,8","888,9","888,7","718,5","23,9",13,"25,3","23,9","13,7",13,52,48,51,120,6,"2,5"
2022/06/15,2100 UTC,0,889,889,"888,8","91,1","22,4","13,8","23,9","22,4","13,8",13,58,51,58,125,"5,3","1,9"
2022/06/15,2200 UTC,0,"889,1","889,2",889,,"21,3","14,1","22,4","21,2","14,2","13,8",64,58,64,118,"4,3","1,9"
2022/06/15,2300 UTC,0,"889,8","889,8","889,1",,"20,5","14,2","21,3","20,5","14,3",14,67,63,67,119,"3,9","1,7"
2022/06/16,0000 UTC,0,"890,1","890,1","889,8",,"19,7","14,2","20,6","19,6","14,3",14,71,67,70,116,"4,1","1,9"
2022/06/16,0100 UTC,0,"890,5","890,5","890,1",,"19,3","13,8","19,8","19,3","14,2","13,8",71,70,71,114,"5,6","2,5"
2022/06/16,0200 UTC,0,"890,5","890,6","890,4",,"18,5","13,8","19,4","18,5",14,"13,8",74,71,74,114,"5,6","2,2"
2022/06/16,0300 UTC,0,"890,5","890,6","890,4",,"18,4","13,6","18,5",18,14,"13,6",76,74,74,108,"6,1",3
2022/06/16,0400 UTC,0,"890,5","890,6","890,4",,"17,7","13,2","18,4","17,6","13,6","13,2",76,74,75,116,"6,1","2,5"
2022/06/16,0500 UTC,0,"890,1","890,5","890,1",,"16,9","13,2","17,7","16,9","13,3",13,79,75,79,114,"4,3","1,7"
2022/06/16,0600 UTC,0,"889,7","890,1","889,7",,"17,4","13,2","17,5","16,8","13,4","13,2",79,76,76,112,"3,1","1,4"
2022/06/16,0700 UTC,0,"889,4","889,7","889,4",,"16,4",13,"17,4","16,3","13,2","12,8",80,76,80,120,4,"1,7"
2022/06/16,0800 UTC,0,"889,6","889,6","889,4",,"16,3","12,1","16,6","16,2",13,"12,1",80,76,76,100,"5,1","2,2"
2022/06/16,0900 UTC,0,"889,7","889,8","889,6",,"15,6","11,9","16,4","15,4","12,1","11,8",79,76,79,107,"4,5","1,6"
2022/06/16,1000 UTC,0,"890,2","890,2","889,7","8,2","15,8","11,2","15,9","15,5",12,"11,2",79,74,74,114,4,"2,2"
2022/06/16,1100 UTC,0,"890,7","890,7","890,2","403,3","17,2",11,"17,2","15,6","11,4","10,9",75,66,67,102,"5,4",3
2022/06/16,1200 UTC,0,891,"891,1","890,7","1177,7","19,2","10,8","19,2","17,1","11,3","10,7",67,58,58,87,"5,8","3,4"
2022/06/16,1300 UTC,0,"891,3","891,3",891,"1877,8","21,1","10,5","21,2","19,2","11,1","10,2",59,51,51,104,"5,5","2,9"
2022/06/16,1400 UTC,0,"890,9","891,3","890,9","2401,6","22,7","10,2",23,21,"11,2","9,9",51,44,45,91,"7,3","3,9"
2022/06/16,1500 UTC,0,"890,1","890,9","890,1","2694,5","23,8","10,5","24,5","22,4","11,1","10,1",46,41,43,101,"7,3","2,8"
2022/06/16,1600 UTC,0,"889,2","890,1","889,1","2744,8","25,4","9,5","25,8","23,8","10,7","9,5",43,36,37,125,"6,8","3,3"
2022/06/16,1700 UTC,0,"888,3","889,2","888,2","2569,2","25,7","9,6","26,3",25,10,"8,7",38,33,36,92,"6,8","3,2"
2022/06/16,1800 UTC,0,"887,5","888,3","887,5","2212,1","26,2","9,2","26,6","25,5","9,9","8,6",37,33,34,120,"6,4",3
2022/06/16,1900 UTC,0,"887,1","887,5","887,1","1626,9","26,1","10,2","26,5","25,8","10,2","8,7",37,33,37,141,"6,1","1,8"
2022/06/16,2000 UTC,0,887,"887,1",887,"880,1","25,1","9,6","26,1","25,1","9,9","9,2",38,36,38,121,5,"2,3"
2022/06/16,2100 UTC,0,"887,3","887,3",887,"177,5","22,7",10,"25,1","22,7","10,1","9,4",45,37,45,110,"4,5","2,3"
2022/06/16,2200 UTC,0,"887,5","887,5","887,3",,"21,3","10,2","22,7","21,2","10,2","9,9",49,45,49,113,"4,3",2
2022/06/16,2300 UTC,0,888,888,"887,5",,"20,4","10,7","21,3","20,3","10,7","10,1",54,49,54,110,"4,4","2,4"
2022/06/17,0000 UTC,0,"888,3","888,4",888,,"18,9","10,9","20,4","18,9","11,1","10,6",60,54,60,117,"4,4","1,7"
2022/06/17,0100 UTC,0,"888,7","888,7","888,4",,"18,2","10,7","19,2",18,"11,1","10,4",62,59,62,91,"3,3","2,2"
2022/06/17,0200 UTC,0,"888,7","888,7","888,7",,18,"10,9","18,8","17,8","10,9","10,7",63,60,63,99,"3,9","1,9"
2022/06/17,0300 UTC,0,"888,5","888,7","888,5",,"17,1","10,8",18,"17,1",11,"10,8",66,63,66,107,"4,1",2
2022/06/17,0400 UTC,0,"888,3","888,5","888,3",,"13,6","10,2","17,3","13,6","10,9",10,80,66,80,139,"3,6","1,2"
2022/06/17,0500 UTC,0,"887,8","888,3","887,8",,"13,2","10,4","13,7","12,6","10,8","9,9",85,80,83,102,"1,9","1,1"
2022/06/17,0600 UTC,0,"887,3","887,8","887,3",,"13,4",10,"15,8",13,"11,6","9,3",84,71,80,68,"2,8","1,4"
2022/06/17,0700 UTC,0,887,"887,3",887,,"12,1","9,3","15,5","12,1","10,5",9,83,69,83,83,3,"0,4"
2022/06/17,0800 UTC,0,"887,3","887,3",887,,"11,3","9,5","12,1","11,1","9,6","8,9",89,83,89,76,"2,4","0,7"
2022/06/17,0900 UTC,0,"887,6","887,7","887,3",,"12,2","9,8","12,2","11,1","9,9","8,8",89,84,86,96,"2,4","1,4"
2022/06/17,1000 UTC,0,"887,9",888,"887,6","7,7","11,2","8,4","13,8","11,2","9,9","8,1",86,72,83,82,"2,8","1,1"
2022/06/17,1100 UTC,0,"888,4","888,4","887,9","422,6",18,"8,9",18,"11,2","9,7","8,5",85,55,55,94,"2,8","1,7"
2022/06/17,1200 UTC,0,"889,1","889,1","888,4",1228,"20,1","8,8","20,1",18,"9,5","8,2",56,48,48,76,"3,9","2,1"
2022/06/17,1300 UTC,0,"889,2","889,2","889,1","1942,6","21,6","8,9","21,8","19,9","9,1","8,1",49,43,44,80,"4,6","2,2"
2022/06/17,1400 UTC,0,"888,9","889,2","888,9","2472,1","23,6","8,1","23,7","21,5","8,7","7,4",44,36,37,94,"4,5","2,2"
2022/06/17,1500 UTC,0,"888,2","888,9","888,2","2761,8","24,4","6,8","24,7","23,1","8,1","6,6",38,32,32,23,"4,8","1,4"
2022/06/17,1600 UTC,0,"887,3","888,2","887,3","2784,6",26,"5,9",26,"24,2",7,"5,1",33,27,28,59,"4,7","1,3"
2022/06/17,1700 UTC,0,"886,7","887,3","886,7","2588,6","25,9",5,"27,2","25,3",6,"3,3",29,23,26,139,"4,5","2,2"
2022/06/17,1800 UTC,0,886,"886,7",886,"2203,7","26,9","3,7","27,3","25,8","5,3","3,4",26,22,22,205,"5,1","1,1"
2022/06/17,1900 UTC,0,"885,8",886,"885,8","1605,5","27,2",3,"27,6","26,7","3,8","2,1",23,20,21,115,"5,4","1,5"
2022/06/17,2000 UTC,0,886,886,"885,8","842,3","26,1","5,2","27,2","26,1","5,9","2,3",27,21,26,156,"5,5","1,3"
2022/06/17,2100 UTC,0,"886,3","886,3",886,"168,4","21,3","6,2","26,1","21,3","6,8","4,8",38,26,37,125,"3,3","1,1"
2022/06/17,2200 UTC,0,"886,8","886,8","886,3",,"18,3","7,4","21,5","18,2","7,9","5,9",50,37,49,157,"2,1","0,8"
2022/06/17,2300 UTC,0,"887,1","887,1","886,8",,"17,4","6,4","18,7","17,2","7,4","6,2",51,45,49,47,"1,5","0,3"
2022/06/18,0000 UTC,0,"887,6","887,6","887,1",,"16,4","6,5","19,2","16,4","6,7","5,9",52,42,52,77,"2,8","1,2"
2022/06/18,0100 UTC,0,888,888,"887,6",,"16,6","6,8","16,6","15,4","7,4","6,4",58,52,52,147,"1,8","0,3"
2022/06/18,0200 UTC,0,"887,9",888,"887,9",,"15,8",7,"18,6","15,1","7,9","6,6",59,49,56,81,"2,2","1,4"
2022/06/18,0300 UTC,0,"888,1","888,2","887,9",,"14,9","7,9","15,7","13,9","8,7",7,69,56,63,4,"2,2","0,7"
2022/06/18,0400 UTC,0,"888,1","888,2",888,,14,"7,6","15,9","13,9","7,9","7,2",65,57,65,13,"0,9","0,3"
2022/06/18,0500 UTC,0,"887,9","888,2","887,9",,"14,8","7,1",15,14,"7,8","7,1",65,60,60,292,"1,2","0,6"
2022/06/18,0600 UTC,0,"887,7","887,9","887,6",,"13,5","7,2","15,1","13,5","7,3","6,8",66,59,66,120,"1,2","0,3"
2022/06/18,0700 UTC,0,"887,4","887,7","887,3",,"13,7","7,2","14,1","13,3","7,6","7,1",68,64,65,358,"1,5","1,1"
2022/06/18,0800 UTC,0,"887,4","887,7","887,4",,14,7,"14,5","13,4","7,7",7,68,61,63,49,"1,4","0,8"
2022/06/18,0900 UTC,0,888,888,"887,4",,"13,3","7,3","14,5","13,1","7,3","6,9",67,62,67,335,"2,2","1,1"
2022/06/18,1000 UTC,0,"888,5","888,5","887,9","9,1","14,1","7,6","14,2","12,9","7,7","7,2",69,64,65,310,"1,5","0,5"
2022/06/18,1100 UTC,0,"889,1","889,1","888,5","399,2","19,9","9,8","19,9","13,8","9,8","7,5",71,52,52,270,"1,6","0,5"
2022/06/18,1200 UTC,0,"889,8","889,8","889,1",1157,"22,8","11,6","22,8","19,9","11,6","9,5",53,48,49,241,"2,6","1,3"
2022/06/18,1300 UTC,0,890,"890,1","889,8","1848,6","24,4","11,9","24,4","22,7","12,1","11,2",49,45,46,233,6,"2,9"
2022/06/18,1400 UTC,0,"890,1","890,1","889,9","2324,5","25,6","11,8","25,9","24,4",12,"10,7",46,40,42,228,"6,5","3,1"
2022/06/18,1500 UTC,0,"889,9","890,2","889,9","2668,2","25,8","9,9","26,2","24,6","11,6","9,8",43,37,37,221,"6,9","2,3"
2022/06/18,1600 UTC,0,"889,3","889,9","889,3",2709,"26,3","10,7","26,7","25,6",11,"8,8",39,34,38,222,6,"2,8"
2022/06/18,1700 UTC,0,889,"889,3",889,2433,"25,8","9,4","26,8","25,6","11,2","8,8",39,34,36,224,"7,7","2,8"
2022/06/18,1800 UTC,0,"888,6",889,"888,6","2100,4","25,8","9,8","26,9","25,3","11,2",9,39,34,36,193,"6,4","2,2"
2022/06/18,1900 UTC,0,"888,3","888,6","888,3","1557,9","26,3","10,5","26,7","25,7","10,8","9,3",38,35,37,189,"5,4","2,3"
2022/06/18,2000 UTC,0,"888,5","888,5","888,2","815,8","25,1","10,3","26,3",25,"10,9","9,9",41,36,39,202,"5,3","2,2"
2022/06/18,2100 UTC,0,"888,9",889,"888,4","152,9","22,6","10,4","25,1","22,6","10,7","10,2",46,39,46,163,"6,5","2,7"
2022/06/18,2200 UTC,0,889,"889,1","888,9",,21,"10,6","22,6",21,"10,7","10,4",52,46,52,157,"5,1","1,8"
2022/06/18,2300 UTC,0,"889,2","889,2",889,,"19,6","10,9",21,"19,1",11,"10,5",59,52,57,171,"3,4","1,2"
2022/06/19,0000 UTC,0,"889,3","889,3","889,2",,"18,2","10,9","19,8",18,11,"10,6",63,57,62,138,"3,5","0,9"
2022/06/19,0100 UTC,0,"889,8","889,8","889,3",,"16,8","10,9","18,2","16,8","11,2","10,6",68,62,68,126,"2,1","1,3"
2022/06/19,0200 UTC,0,"889,7","889,8","889,7",,"15,9","10,8","17,8","15,7","11,8","10,7",74,65,72,126,"2,3","1,4"
2022/06/19,0300 UTC,0,"889,3","889,7","889,3",,"17,2","11,6","17,2","15,2","11,7","10,8",76,69,70,124,"2,3","1,4"
2022/06/19,0400 UTC,0,"888,9","889,3","888,9",,"17,6","10,7","18,2","17,2","11,7","10,7",70,64,64,120,"3,9","1,8"
2022/06/19,0500 UTC,0,"888,7","888,9","888,6",,"17,4","10,7","17,8","17,3","10,7","10,3",65,62,65,121,"3,5",2
2022/06/19,0600 UTC,0,"888,7","888,7","888,5",,"15,1","10,3","17,4",15,11,"10,1",73,65,73,138,"3,2","1,3"
2022/06/19,0700 UTC,0,"888,7","888,7","888,6",,"14,8","10,1","15,1","13,7","10,6",10,80,73,73,135,"3,2","1,8"
2022/06/19,0800 UTC,0,"888,9","888,9","888,6",,"15,2","10,6","15,8","14,8","10,7","10,1",74,71,74,137,"4,1","2,3"
2022/06/19,0900 UTC,0,"889,2","889,2","888,9",,"14,9","10,6","15,4","14,6","10,9","10,4",77,74,76,135,"3,5","1,9"
2022/06/19,1000 UTC,0,"889,5","889,5","889,2","7,5","12,8",10,15,"12,8","10,8","9,8",83,75,83,133,"2,7","1,3"
2022/06/19,1100 UTC,0,"890,3","890,3","889,5","398,9","17,1","11,3","17,1","12,7","11,4",10,85,68,69,133,"3,2","1,8"
2022/06/19,1200 UTC,0,"890,9","890,9","890,3",1177,"18,8","10,8",19,17,"11,5","10,7",69,59,59,120,"6,2","3,4"
2022/06/19,1300 UTC,0,891,"891,1","890,9","1880,6","20,5","10,7","20,5","18,5","11,5","10,5",61,53,54,131,"6,9","3,6"
2022/06/19,1400 UTC,0,"891,1","891,4",891,"2407,1",22,"10,1","22,4","20,5","10,9","10,1",54,47,47,119,"7,1","4,1"
2022/06/19,1500 UTC,0,"890,4",891,"890,4","2716,5","24,1","9,1","24,3",22,"10,7","8,1",47,37,39,110,8,4
2022/06/19,1600 UTC,0,"889,7","890,5","889,7","2735,1","24,5","8,4","25,5","23,9","9,2","7,4",39,32,36,105,"7,4","3,8"
2022/06/19,1700 UTC,0,"888,8","889,7","888,8","2544,8","25,7","7,8","26,3","24,6","8,9","6,8",36,30,32,91,"7,1",3
2022/06/19,1800 UTC,0,"888,4","888,8","888,4","2178,6","26,3","7,9","26,7","25,5","8,5","7,5",33,31,31,114,"7,2",3
2022/06/19,1900 UTC,0,"888,3","888,5","888,3","1584,3","26,3","7,9","26,6","25,8","8,2","7,2",32,30,31,88,"5,9","2,4"
2022/06/19,2000 UTC,0,"888,4","888,4","888,2","844,6","25,4","6,6","26,5","25,4",8,"6,5",31,29,30,111,"5,6","2,4"
2022/06/19,2100 UTC,0,"888,7","888,7","888,4","173,8","23,8","5,7","25,5","23,4","6,7","5,5",31,28,31,73,"5,5","2,1"
2022/06/19,2200 UTC,0,"889,2","889,2","888,7",,"22,4","5,4","23,8","22,4","5,8","5,2",33,31,33,74,"4,5","2,2"
2022/06/19,2300 UTC,0,"889,9","889,9","889,2",,"19,2","7,5","22,5","19,2","7,6","5,4",47,33,47,122,"3,6","1,6"
2022/06/20,0000 UTC,0,"890,1","890,1","889,9",,"20,1","7,8","20,4","17,8","8,8","7,6",54,44,45,114,"3,7","1,9"
2022/06/20,0100 UTC,0,"890,2","890,3","890,1",,"19,9","7,2","20,4","19,7","7,8","7,1",45,43,44,105,"4,3","2,2"
2022/06/20,0200 UTC,0,"889,9","890,2","889,9",,"19,1","7,3","20,1",19,"7,3",7,46,43,46,103,"4,3","2,1"
2022/06/20,0300 UTC,0,"889,9","889,9","889,8",,"18,6","7,8","19,3","18,5","7,8","7,3",50,46,50,107,"3,8","1,7"
2022/06/20,0400 UTC,0,"889,8","889,9","889,8",,"14,4",8,"18,6","14,3","8,3","7,5",66,49,65,107,"2,9",1
2022/06/20,0500 UTC,0,"889,8","889,9","889,8",,"14,9","8,4","15,2",13,"8,9",8,73,65,65,132,2,"1,5"
2022/06/20,0600 UTC,0,"889,6","889,8","889,6",,"17,7","8,4","17,8","14,5","8,7",8,66,53,55,100,"4,6","2,5"
2022/06/20,0700 UTC,0,"889,4","889,7","889,4",,"16,5","8,7","17,7","16,3","8,8","8,2",60,54,60,112,"4,6","2,2"
2022/06/20,0800 UTC,0,"889,4","889,4","889,3",,"15,9","9,8","16,7","15,7","9,8","8,6",67,60,67,104,"6,3","2,8"
2022/06/20,0900 UTC,0,890,890,"889,4",,"15,2","9,8",16,"15,1","10,1","9,6",71,67,70,101,"6,3","2,3"
2022/06/20,1000 UTC,0,"890,6","890,6",890,"6,9","14,4","10,1","15,2","14,4","10,3","9,8",76,70,75,118,4,"1,6"
2022/06/20,1100 UTC,0,"890,9","890,9","890,6","396,3","16,9","10,8",17,"14,3",11,"10,1",77,67,67,73,"5,1","3,2"
2022/06/20,1200 UTC,0,"891,4","891,4","890,9","1178,7",19,"11,4",19,"16,9","11,4","10,9",68,62,62,68,"7,3","3,4"
2022/06/20,1300 UTC,0,"891,7","891,8","891,4","1882,7","21,1","11,6","21,1","18,4","11,8",11,62,55,55,67,"8,2","3,3"
2022/06/20,1400 UTC,0,"891,5","891,7","891,5","2399,6","22,3","11,6","22,5","20,4","11,9","11,1",56,49,51,74,"6,9","3,7"
2022/06/20,1500 UTC,0,"890,9","891,5","890,8","2699,6","22,8","11,1","23,6","22,3","11,9","10,6",51,46,48,88,"9,4","4,4"
2022/06/20,1600 UTC,0,"889,9","890,9","889,9","2740,2","24,1","10,9","24,9","22,8","11,6","10,4",48,42,44,99,"7,4",4
2022/06/20,1700 UTC,0,"889,2","889,9","889,2","2556,6","25,4","10,3","25,7",24,"11,3","9,9",44,38,39,80,"7,4",3
2022/06/20,1800 UTC,0,"888,7","889,3","888,7","2215,1","25,1",10,26,"24,8","10,5","9,2",39,36,39,80,"7,2","3,8"
2022/06/20,1900 UTC,0,"888,7","888,8","888,7","1628,9",25,"9,9","25,7","24,7","10,3","9,1",39,36,39,89,"7,2","3,3"
2022/06/20,2000 UTC,0,"889,1","889,1","888,7","885,4","24,1","10,3","25,1","23,9","10,3","9,4",42,38,42,87,"6,4","3,2"
2022/06/20,2100 UTC,0,"889,2","889,2","889,1","184,3","22,1","10,7","24,1","22,1","10,9","9,9",48,42,48,83,"6,2","2,3"
2022/06/20,2200 UTC,0,"889,1","889,2","889,1",,"21,3","11,4","22,3","21,3","11,5","10,8",53,48,53,72,"4,6","1,9"
2022/06/20,2300 UTC,0,"889,7","889,7","889,1",,"20,1","11,4","21,4","20,1","11,6","11,2",58,53,57,111,"5,5","1,5"
2022/06/21,0000 UTC,0,"890,2","890,2","889,7",,"19,9","11,1","20,3","19,8","11,5",11,58,56,57,100,"6,3","3,1"
2022/06/21,0100 UTC,0,"890,4","890,5","890,2",,19,"10,9","19,9","18,9","11,1","10,8",60,57,60,103,"5,7","2,6"
2022/06/21,0200 UTC,0,"890,2","890,4","890,2",,"18,4","11,5",19,"18,4","11,5","10,9",64,60,64,88,"6,2","2,8"
2022/06/21,0300 UTC,0,"890,1","890,2","890,1",,"17,7","11,3","18,4","17,7","11,5","11,2",66,64,66,102,"5,1","2,5"
2022/06/21,0400 UTC,0,"889,7","890,1","889,7",,"17,5","11,7","17,7","17,2","11,7","11,2",69,66,69,101,"4,8","2,5"
2022/06/21,0500 UTC,0,"889,4","889,7","889,4",,"17,2","11,8",18,"17,1",12,"11,6",71,68,71,110,"5,1","2,4"
2022/06/21,0600 UTC,0,"889,4","889,4","889,4",,"17,1","11,9","17,4","17,1","12,1","11,8",72,71,72,110,6,"3,3"
2022/06/21,0700 UTC,0,"889,4","889,5","889,4",,"15,9","11,8","17,2","15,7","11,9","11,7",77,71,77,118,"6,3","2,6"
2022/06/21,0800 UTC,0,"889,3","889,4","889,3",,15,"11,3","15,9",15,"11,8","11,3",79,77,79,120,"4,6","2,3"
2022/06/21,0900 UTC,0,"889,8","889,8","889,3",,"14,9","11,6","15,5","14,8","11,6","11,2",81,77,81,110,"7,9","2,8"
2022/06/21,1000 UTC,0,"890,2","890,2","889,8","6,1","14,7","11,4","15,1","14,5","11,7","11,3",82,80,81,119,"4,9","2,2"
2022/06/21,1100 UTC,0,"890,8","890,8","890,2","403,7","16,6","11,8","16,7","14,3","11,9","11,2",83,73,73,97,"5,4",3
2022/06/21,1200 UTC,0,"891,3","891,3","890,8","1198,4","18,2","11,7","18,4","16,6",12,"11,6",73,66,66,70,"7,7","2,8"
2022/06/21,1300 UTC,0,"891,4","891,5","891,3","1904,2","20,6","11,3","20,7",18,12,"11,2",67,55,55,81,"7,1","3,1"
2022/06/21,1400 UTC,0,"891,1","891,4","891,1",2439,"22,3","10,9","22,4","20,6","11,8","10,6",56,48,49,101,"8,1","3,9"
2022/06/21,1500 UTC,0,"890,4","891,1","890,4","2742,3","23,8","10,3","23,8",22,"11,3",10,49,43,43,82,"8,8","3,4"
2022/06/21,1600 UTC,0,"889,5","890,4","889,5","2783,3","24,4","10,2","24,4","22,8","10,9","9,4",45,39,41,106,"8,7",4
2022/06/21,1700 UTC,0,"888,7","889,5","888,7","2596,1","24,4","10,1","25,2","23,5","10,3","9,5",42,38,41,78,"8,7",4
2022/06/21,1800 UTC,0,"888,3","888,7","888,2","2244,4","25,4","8,5","25,8","24,4","10,5","8,1",41,33,34,76,"8,1","4,7"
2022/06/21,1900 UTC,0,"888,2","888,3","888,1","1659,3","25,2","7,5","25,8","24,8","9,1","7,2",36,31,32,108,"8,5","3,6"
2022/06/21,2000 UTC,0,"888,1","888,2",888,"906,1",24,"7,6","25,2",24,"8,1","7,3",36,32,35,115,"7,2","3,6"
2022/06/21,2100 UTC,0,"888,3","888,3","888,1","193,8","22,1","8,1",24,"22,1","8,1",7,41,34,41,95,"6,5","2,6"
2022/06/21,2200 UTC,0,"888,5","888,5","888,2",,"21,2","8,9","22,3","21,1","8,9","8,2",45,41,45,88,"5,6","2,9"
2022/06/21,2300 UTC,0,"889,1","889,1","888,5",,"19,8","9,9","21,2","19,8",10,"8,8",53,45,53,84,"5,6","2,5"
2022/06/22,0000 UTC,0,"889,7","889,7","889,1",,"19,5","9,8",20,"19,5","10,1","9,8",54,52,54,71,6,"2,8"
2022/06/22,0100 UTC,0,"889,8","889,8","889,7",,"18,5","9,8","19,5","18,5","10,1","9,8",57,54,57,78,5,"2,1"
2022/06/22,0200 UTC,0,"889,6","889,8","889,6",,"18,1","10,4","18,7","17,9","10,5","9,9",61,57,61,86,5,"3,1"
2022/06/22,0300 UTC,0,"889,4","889,6","889,4",,"17,5","10,6","18,2","17,2","10,8","10,3",65,61,64,89,"5,4",3
2022/06/22,0400 UTC,0,"889,2","889,4","889,2",,17,"10,1","17,6",17,"10,7","10,1",65,63,64,88,"5,3","2,8"
2022/06/22,0500 UTC,0,"888,8","889,2","888,8",,"16,7","10,1","17,1","16,5","10,3",10,66,64,65,75,5,"2,1"
2022/06/22,0600 UTC,0,"888,7","888,8","888,6",,"16,3","9,8",17,"16,2","10,2","9,8",67,64,65,92,"5,1","2,1"
2022/06/22,0700 UTC,0,"888,7","888,7","888,6",,"15,5","10,2","16,3","15,3","10,3","9,6",71,65,71,96,"4,8","2,5"
2022/06/22,0800 UTC,0,889,889,"888,6",,"14,2","10,1","15,7","14,2","10,4","10,1",76,71,76,127,"4,3","2,2"
2022/06/22,0900 UTC,0,"889,3","889,3",889,,"13,8","10,2","14,2","13,7","10,3",10,79,76,79,117,"3,4","1,7"
2022/06/22,1000 UTC,0,"889,6","889,6","889,3","5,7","14,1","10,5","14,1","13,4","10,6","9,9",80,79,79,109,"3,6","1,9"
2022/06/22,1100 UTC,0,"890,1","890,1","889,5","413,8","16,2","11,1","16,3","13,9","11,2","10,3",80,72,72,89,"5,3","2,8"
2022/06/22,1200 UTC,0,"890,6","890,7","890,1","1221,2","17,7","11,5","17,9","16,2","11,6",11,72,65,67,80,"5,9","3,3"
2022/06/22,1300 UTC,0,"890,8","890,9","890,6",1934,"19,4","11,1","19,9","17,8","11,6","11,1",67,58,59,74,"6,8","3,6"
2022/06/22,1400 UTC,0,"890,6","890,8","890,6","2472,8","22,2",11,"22,2","19,4","11,7",11,59,49,49,41,"7,9","2,7"
2022/06/22,1500 UTC,0,890,"890,6",890,"2755,5","23,3","10,4","23,6","21,8","11,3","10,4",51,44,44,84,"7,1","2,5"
2022/06/22,1600 UTC,0,889,890,889,"2791,2",24,"9,4","24,6",23,"10,7","8,9",45,38,40,37,"6,2","1,1"
2022/06/22,1700 UTC,0,888,889,888,"2581,6",25,"9,5",25,"24,1","9,9","8,7",40,37,38,113,"5,3","2,4"
2022/06/22,1800 UTC,0,"887,3",888,"887,3","2194,3","25,7","7,6","26,3","24,5","9,4","7,6",37,31,32,85,"5,6","2,8"
2022/06/22,1900 UTC,0,"887,1","887,3","887,1","1629,3","25,3","7,7","26,2","24,8","8,2","6,9",33,31,33,130,"4,8","1,7"
2022/06/22,2000 UTC,0,"887,3","887,3","887,1",887,"24,7","8,4","25,7","24,7","8,4","7,2",35,31,35,104,4,"2,1"
2022/06/22,2100 UTC,0,"887,6","887,7","887,3","187,5","22,4","8,3","24,9","22,4","8,5","7,8",40,34,40,99,"3,9","1,6"
2022/06/22,2200 UTC,0,"888,1","888,1","887,6",,"21,2","10,3","22,4","20,2","10,4","8,2",50,40,50,108,"4,6","2,5"
2022/06/22,2300 UTC,0,"888,6","888,6","888,1",,"20,3","10,6","21,4","20,2","10,6","10,3",54,50,54,86,"4,3","2,1"
2022/06/23,0000 UTC,0,"889,1","889,1","888,6",,"19,9","10,2","20,3","19,9","11,1","10,1",56,52,53,89,"4,7","2,5"
2022/06/23,0100 UTC,0,"889,6","889,6","889,1",,"18,8","10,5","20,1","18,7","10,5","10,1",59,53,58,117,"4,4","1,9"
2022/06/23,0200 UTC,0,"889,6","889,7","889,5",,"18,8","10,3",19,"18,7","10,5","10,2",58,57,58,101,"4,9","2,6"
2022/06/23,0300 UTC,0,"889,6","889,6","889,5",,"18,4","10,4","19,2","18,2","10,4","10,2",60,57,60,100,"6,2","2,7"
2022/06/23,0400 UTC,0,"889,4","889,6","889,4",,"17,6","10,4","18,3","17,6","10,5","10,3",63,60,63,117,5,"2,2"
2022/06/23,0500 UTC,0,"889,4","889,5","889,3",,"16,5","10,4","17,6","16,5","10,6","10,4",68,63,67,121,4,"1,6"
2022/06/23,0600 UTC,0,"889,1","889,4","889,1",,"17,7","10,5","17,7","16,4","10,7","10,3",68,63,63,111,"4,3","2,1"
2022/06/23,0700 UTC,0,"888,8","889,1","888,8",,"16,3","10,9","17,8","16,2",11,"10,4",71,62,71,142,"4,3","1,4"
2022/06/23,0800 UTC,0,"889,1","889,2","888,7",,"15,3","11,1","16,7","15,3","11,2","10,8",76,68,76,119,"2,4","0,9"
2022/06/23,0900 UTC,0,"889,4","889,4","889,1",,"14,9","10,4","16,4","14,9","11,1","10,2",76,68,75,113,"2,3","1,1"
2022/06/23,1000 UTC,0,"889,8","889,8","889,4","10,7","13,7","10,6","14,9",13,"10,8","10,2",85,75,82,139,"2,2","1,3"
2022/06/23,1100 UTC,0,"890,7","890,7","889,8","277,7","16,6","10,9","16,9","13,7","11,4","10,5",82,68,69,133,"3,4","1,8"
2022/06/23,1200 UTC,0,"891,5","891,5","890,7","725,6","18,9","10,9","18,9","16,6","11,1","10,5",69,60,60,115,"5,5","3,3"
2022/06/23,1300 UTC,0,"891,9","891,9","891,5","1900,6","20,3","11,1","20,4","18,9","11,2","10,5",60,55,55,90,"8,6","4,6"
2022/06/23,1400 UTC,0,"891,7","891,9","891,7","2448,8","22,4","11,4","22,4",20,"11,6","10,7",56,49,50,109,"7,7","3,4"
2022/06/23,1500 UTC,0,891,"891,7",891,"2723,5","23,9","10,4","24,2","22,3","11,3","9,8",50,41,43,103,"6,1","3,5"
2022/06/23,1600 UTC,0,"890,2",891,"890,2","2779,7","24,1","9,9","24,5","23,1","10,6","9,6",44,40,41,108,"8,4","2,5"
2022/06/23,1700 UTC,0,"889,4","890,2","889,4","2586,2","24,9",10,"25,3","23,9","10,5","9,5",42,38,39,27,"5,8","2,2"
2022/06/23,1800 UTC,0,"888,8","889,4","888,8","2259,2","25,5","9,1","25,7","24,5","9,9","8,6",39,35,36,87,"6,4","3,4"
2022/06/23,1900 UTC,0,"888,5","888,8","888,5","1659,5","25,3",9,"25,6","24,6","9,6","8,9",38,35,36,98,"6,4","1,9"
2022/06/23,2000 UTC,0,"888,7","888,7","888,5","893,5","24,5","8,8","25,3","24,5","9,3","8,5",37,35,37,125,"4,5","2,3"
2022/06/23,2100 UTC,0,889,889,"888,7","202,8","22,4","9,6","24,5","22,4","9,6","8,5",44,36,44,117,"4,5","1,5"
2022/06/23,2200 UTC,0,"889,3","889,3",889,,"19,4","9,9","22,4","18,6",10,"9,2",56,44,54,131,"3,1","1,5"
2022/06/23,2300 UTC,0,"889,8","889,8","889,3",,"17,1","10,2","19,5","17,1","10,4","9,7",64,54,64,115,"2,4","1,2"
2022/06/24,0000 UTC,0,"889,9","889,9","889,8",,20,"9,6","20,1","16,9","10,7","9,6",64,51,51,107,"3,9","2,3"
2022/06/24,0100 UTC,0,"890,1","890,1","889,9",,"19,4","9,8",20,19,"9,8","9,5",54,51,54,105,"4,1","2,3"
2022/06/24,0200 UTC,0,"890,2","890,2","890,1",,"18,9","10,5","19,4","18,6","10,5","9,8",58,54,58,98,5,"2,5"
2022/06/24,0300 UTC,0,890,"890,3",890,,"17,9","10,7","18,9","17,8","10,8","10,4",63,58,63,111,"4,5","2,3"
2022/06/24,0400 UTC,0,"889,8",890,"889,8",,"17,2","10,9","17,9","17,1",11,"10,7",67,63,66,102,"4,2",2
2022/06/24,0500 UTC,0,"889,4","889,8","889,4",,"16,8","10,5","17,3","16,8","10,9","10,4",67,65,66,111,"3,7","1,7"
2022/06/24,0600 UTC,0,"889,3","889,4","889,2",,17,"10,3","17,2","16,7","10,6","10,1",66,64,65,111,"3,7",2
2022/06/24,0700 UTC,0,"889,1","889,3","889,1",,"16,4","10,2",17,"16,1","10,3",10,68,64,67,106,"3,3","1,7"
2022/06/24,0800 UTC,0,"889,5","889,5",889,,"13,7","9,6","16,5","13,7","10,4","9,3",76,66,76,129,"3,4","1,4"
2022/06/24,0900 UTC,0,"889,9","889,9","889,5",,"15,5",10,"15,6","13,1",11,"9,5",82,70,70,115,"3,1","1,9"
2022/06/24,1000 UTC,0,"890,3","890,3","889,9",6,"15,1",10,"15,9","14,1","10,2","9,4",75,68,72,118,"3,6","1,6"
2022/06/24,1100 UTC,0,"890,9","890,9","890,3",403,"17,8","10,1","17,9","14,9","10,4","9,9",72,60,60,112,"4,9","2,8"
2022/06/24,1200 UTC,0,"891,6","891,6","890,9","1218,8","19,1","10,3","19,5","17,8","10,8","9,9",61,56,57,97,"7,1","3,4"
2022/06/24,1300 UTC,0,"891,6","891,6","891,5","1900,3","20,7","10,9","20,7",19,"10,9","10,1",58,53,53,85,"7,2","4,2"
2022/06/24,1400 UTC,0,"891,6","891,7","891,5","2363,7","22,4","10,9","22,6","20,1","11,4","10,3",54,48,48,98,"7,2",3
2022/06/24,1500 UTC,0,891,"891,6",891,"2725,3","24,3","11,2","24,3",22,"11,2","10,2",49,43,44,94,"6,2","2,3"
2022/06/24,1600 UTC,0,"890,2",891,"890,2","2776,1","24,1","9,5","24,4","23,4","10,9","9,5",44,40,40,93,"6,2","1,9"
2022/06/24,1700 UTC,0,"889,3","890,2","889,3","2578,3","24,9","9,1","25,7",24,"10,4","8,2",41,35,37,49,5,"1,4"
2022/06/24,1800 UTC,0,"888,7","889,3","888,7","2220,7","25,4","8,2","26,1","24,6","9,5","7,9",38,33,34,115,"4,9","2,3"
2022/06/24,1900 UTC,0,"888,5","888,7","888,4","1649,9","25,3","8,6",26,"24,9","9,5","7,3",36,32,35,61,"5,3",2
2022/06/24,2000 UTC,0,"888,7","888,7","888,5","895,7","24,7","8,6","25,5","24,7","9,2","7,4",36,32,36,100,5,"1,9"
2022/06/24,2100 UTC,0,"889,2","889,2","888,7","185,8","21,2","9,9","24,7","21,2",10,"8,6",49,36,49,109,"3,5","1,4"
2022/06/24,2200 UTC,0,"889,6","889,6","889,2",,"21,4","10,2","21,4",19,"10,5","9,8",57,49,49,106,"2,7","1,6"
2022/06/24,2300 UTC,0,890,890,"889,6",,"20,7","9,9","21,5","20,7","10,2","9,9",50,48,50,78,"3,6","1,4"
2022/06/25,0000 UTC,0,"890,6","890,6",890,,"20,2","10,5","20,8","18,2","10,8","9,7",59,50,54,113,"3,7","2,3"
2022/06/25,0100 UTC,0,"890,9","890,9","890,6",,"20,1","10,4","20,5","19,9","10,5","10,3",54,53,54,99,"5,2","2,8"
2022/06/25,0200 UTC,0,891,891,"890,9",,"19,3","10,6","20,6","19,2","10,6","10,2",57,52,57,108,"5,9",2
2022/06/25,0300 UTC,0,"890,8",891,"890,7",,"18,5","10,5","19,3","18,5","10,8","10,5",60,57,60,110,"5,3","3,1"
2022/06/25,0400 UTC,0,"890,4","890,8","890,4",,18,"9,8","18,5","17,7","10,5","9,7",61,59,59,107,"5,1","2,1"
2022/06/25,0500 UTC,0,"889,7","890,4","889,7",,17,"9,8",18,"16,9","9,8","9,6",63,59,62,121,4,"1,9"
2022/06/25,0600 UTC,0,"889,1","889,7","889,1",,"16,4","9,9",17,"16,3",10,"9,7",66,62,65,111,"3,6","1,8"
2022/06/25,0700 UTC,0,"888,7","889,1","888,7",,"16,4","9,8","16,7","15,4","10,1","9,1",67,64,65,108,"3,4","1,9"
2022/06/25,0800 UTC,0,"889,1","889,1","888,7",,13,"9,1","16,4",13,"10,5","8,9",77,65,77,118,"3,2","1,4"
2022/06/25,0900 UTC,0,"889,3","889,3","889,1",,"11,4","9,3","12,9","11,3","9,7",9,87,77,87,112,"2,4","1,2"
2022/06/25,1000 UTC,0,"889,9","889,9","889,3","6,4","11,4","9,2","11,6","10,9","9,5","8,9",89,86,87,131,"2,4","1,1"
2022/06/25,1100 UTC,0,"890,5","890,5","889,9","398,5","17,8","8,4","17,8","11,1","10,3","8,4",88,54,54,97,"4,9","2,9"
2022/06/25,1200 UTC,0,"891,1","891,1","890,5","1217,2","19,2","8,2","19,3","17,8","8,9","8,2",56,49,49,109,"5,7","3,2"
2022/06/25,1300 UTC,0,"891,2","891,3","891,1","1932,3","20,8","8,1","21,6","19,1","9,5",8,51,43,44,108,"6,6","2,9"
2022/06/25,1400 UTC,0,"891,3","891,4","891,1","2464,4","22,3","6,5","22,5","20,8","9,1","6,3",46,35,36,100,"7,1","3,8"
2022/06/25,1500 UTC,0,"890,7","891,4","890,7","2771,6","23,4",6,"23,5","22,3","7,5","5,6",38,32,33,109,"7,3","3,2"
2022/06/25,1600 UTC,0,"889,8","890,7","889,8",2821,"24,4",6,"24,5","23,1","6,5","5,5",33,30,31,100,"8,2","2,6"
2022/06/25,1700 UTC,0,"888,9","889,8","888,9","2627,9","25,3","5,5","25,3","24,1","6,4","5,2",31,28,28,114,"6,8","3,3"
2022/06/25,1800 UTC,0,"888,3","888,9","888,3","2273,6","24,9","5,1","25,8","24,3","6,1","4,7",30,27,28,110,"7,1","3,4"
2022/06/25,1900 UTC,0,"887,9","888,3","887,9","1689,3","24,3","5,3","25,2","24,3","5,8","4,7",30,28,29,133,"7,1","2,7"
2022/06/25,2000 UTC,0,888,"888,1","887,8",927,"23,7",6,"24,8","23,7","6,2","5,4",32,29,32,111,"5,8",3
2022/06/25,2100 UTC,0,"888,4","888,4",888,"200,4","21,6","7,1","23,7","21,6","7,2",6,39,32,39,120,"6,5","1,6"
2022/06/25,2200 UTC,0,"888,7","888,7","888,4",,"20,4","7,1","21,6","19,5","8,1","7,1",47,39,42,101,"3,8","1,9"
2022/06/25,2300 UTC,0,"889,1","889,2","888,8",,"19,8",7,"20,5","19,6","7,4",7,44,42,44,101,"4,2","2,3"
2022/06/26,0000 UTC,0,"889,5","889,5","889,1",,"18,3","6,7","19,8","18,3",7,"6,7",47,44,47,118,"4,2","1,7"
2022/06/26,0100 UTC,0,"889,8","889,9","889,4",,"14,1","7,9","18,2","13,9","8,2","6,7",67,47,67,137,"3,1","1,2"
2022/06/26,0200 UTC,0,"889,7","889,8","889,6",,"13,2",8,16,"13,1","8,5","7,3",71,59,71,117,"2,6","0,9"
2022/06/26,0300 UTC,0,"889,3","889,7","889,3",,"12,8","7,8","13,8","12,5","8,2","7,5",72,67,72,98,"2,1",1
2022/06/26,0400 UTC,0,"889,1","889,3","889,1",,"12,5",8,"12,9","12,3","8,2","7,7",75,72,74,279,"2,1","0,9"
2022/06/26,0500 UTC,0,"888,5","889,1","888,5",,"12,8","8,4","12,9","11,8","8,5","7,5",77,72,75,278,"1,2","0,3"
2022/06/26,0600 UTC,0,"887,8","888,5","887,8",,12,"7,7","12,8","11,9","8,3","7,5",76,73,75,160,"1,3","0,8"
2022/06/26,0700 UTC,0,"887,7","887,8","887,7",,"11,6","7,4","12,3","11,1","8,1",7,78,73,75,136,"1,4","0,8"
2022/06/26,0800 UTC,0,"887,7","887,7","887,6",,"11,8","7,3","12,3","10,9","7,9","6,8",78,73,74,86,"2,1","1,4"
2022/06/26,0900 UTC,0,"888,1","888,1","887,7",,11,"7,4","13,5","10,8",8,"6,8",79,67,79,134,"2,2","1,1"
2022/06/26,1000 UTC,0,"888,6","888,6","888,1","8,1","10,8","7,2","11,7","10,8","7,9","7,1",79,75,79,97,2,"1,3"
2022/06/26,1100 UTC,0,"889,5","889,5","888,6","395,7","15,6",9,"15,6","10,8","9,2","7,3",80,64,65,144,"2,4","1,3"
2022/06/26,1200 UTC,0,"890,1","890,2","889,5",1186,"18,9","8,5",19,"15,6","9,1",8,65,51,51,127,"3,2","1,8"
2022/06/26,1300 UTC,0,"890,2","890,3","890,1","1898,2","21,5","8,2","22,1","18,9","8,6","7,4",51,41,42,112,"5,5","2,8"
2022/06/26,1400 UTC,0,890,"890,3",890,"2450,9","22,3","8,1","22,3","21,3","8,8","7,8",43,40,40,107,"7,7","3,9"
2022/06/26,1500 UTC,0,"889,4",890,"889,4","2741,4",23,"7,8","23,5","21,9","8,8","7,5",42,37,38,65,"7,2","3,4"
2022/06/26,1600 UTC,0,"888,4","889,5","888,4","2780,9",24,"7,8","24,2",23,8,"7,1",38,34,36,91,"6,7","3,2"
2022/06/26,1700 UTC,0,"887,6","888,4","887,6","2598,9","25,2","7,5","25,7","23,5","8,4","7,2",36,32,33,85,"5,8","2,6"
2022/06/26,1800 UTC,0,"886,9","887,6","886,9",2233,"25,3",7,"25,8","24,4","7,7","6,5",33,30,31,112,"5,6","2,1"
2022/06/26,1900 UTC,0,"886,7","886,9","886,6","1645,1","25,5",6,"26,2",25,"7,4","5,8",31,28,29,108,"5,9","2,7"
2022/06/26,2000 UTC,0,887,887,"886,6","905,9","24,7",5,"25,6","24,7","5,9",5,29,27,28,73,"7,4","2,6"
2022/06/26,2100 UTC,0,"887,4","887,4",887,"204,1","22,5","6,8","24,7","22,5","6,9","4,6",36,27,36,77,5,"1,7"
2022/06/26,2200 UTC,0,"888,1","888,1","887,4",,20,"9,3","22,7",20,"9,4","6,6",50,36,50,128,"3,8","1,3"
2022/06/26,2300 UTC,0,"888,8","888,8","888,1",,"19,5","10,3","20,1","19,5","10,5","9,4",56,50,55,127,"3,9",2
2022/06/27,0000 UTC,0,"889,2","889,2","888,8",,19,"10,4","19,6","18,9","10,4","10,2",58,55,58,116,"3,9","2,1"
2022/06/27,0100 UTC,0,"889,4","889,4","889,2",,"18,3","10,6","19,1","18,2","10,8","10,4",61,57,61,116,"4,3","2,2"
2022/06/27,0200 UTC,0,"889,4","889,6","889,4",,"18,1","10,8","18,4","17,7","10,8","10,6",64,61,62,116,"4,3","2,3"
2022/06/27,0300 UTC,0,"889,2","889,5","889,2",,"17,8","10,3","18,2","17,6","10,7","10,3",63,61,62,106,"5,4","2,6"
2022/06/27,0400 UTC,0,"889,1","889,2","889,1",,"17,3","10,1","17,9","17,3","10,4","10,1",63,61,63,111,"4,8","2,5"
2022/06/27,0500 UTC,0,"888,6","889,1","888,6",,"16,7",10,"17,4","16,7","10,2",10,65,63,65,109,"5,2","2,1"
2022/06/27,0600 UTC,0,"888,4","888,6","888,4",,"13,7","9,7","16,8","13,7","10,2","9,5",77,65,77,125,"3,7","1,4"
2022/06/27,0700 UTC,0,"888,3","888,4","888,3",,"15,4","10,3","15,4","12,9","10,7","9,5",81,72,72,106,"3,6","1,8"
2022/06/27,0800 UTC,0,"888,5","888,5","888,2",,"15,3","10,2","15,9","15,1","10,4","9,9",72,69,72,118,"3,8","2,1"
2022/06/27,0900 UTC,0,"888,7","888,7","888,5",,"14,8","10,2","15,3","14,6","10,3","9,9",75,72,74,107,"4,1","2,3"
2022/06/27,1000 UTC,0,"889,3","889,3","888,7","5,1","15,1","10,2","15,2","14,6","10,3","10,1",75,72,73,82,"5,5",3
2022/06/27,1100 UTC,0,"890,3","890,3","889,3","390,3","16,9","10,4","16,9","14,9","10,4","10,1",73,65,66,93,"5,5","1,9"
2022/06/27,1200 UTC,0,"891,2","891,2","890,3","1183,1","18,1","10,3","18,3","16,9","10,6",10,66,60,60,98,"6,5","3,8"
2022/06/27,1300 UTC,0,"891,2","891,3","891,1","1900,3","19,9","10,4","20,3","18,1","10,6",10,60,53,54,76,"6,9","3,4"
2022/06/27,1400 UTC,0,"890,9","891,3","890,9","2432,9","21,7","10,7","21,9","19,7","10,8","10,1",54,49,49,80,"6,5","3,7"
2022/06/27,1500 UTC,0,"890,2","890,9","890,2","2748,6","22,6",9,"23,5","21,2","10,6",9,50,42,42,74,"7,8","3,3"
2022/06/27,1600 UTC,0,"889,4","890,2","889,4","2798,4","23,4","8,5","24,1","22,2","9,9","7,9",43,38,39,115,"7,4","3,2"
2022/06/27,1700 UTC,0,"888,5","889,4","888,4","2614,9","23,8","8,6","24,6","23,3","9,4","7,9",40,35,38,61,"6,8","3,5"
2022/06/27,1800 UTC,0,888,"888,5",888,"2257,2","24,5",8,"24,9","23,7","8,6","6,6",38,32,35,83,"7,4",3
2022/06/27,1900 UTC,0,"887,8","888,1","887,7","1669,6","24,7","7,6","24,7","23,9","8,4","7,2",36,34,34,79,"7,6",3
2022/06/27,2000 UTC,0,888,888,"887,7","938,3","23,5",8,"24,6","23,5",8,"6,9",37,33,37,86,"5,6",3
2022/06/27,2100 UTC,0,"888,5","888,5",888,"214,7","21,8","8,5","23,4","21,7","8,6","7,6",43,37,42,99,"5,9","2,7"
2022/06/27,2200 UTC,0,"888,7","888,7","888,4",,"20,4","9,6","21,9","20,4","9,6","8,4",50,42,50,112,"5,5",3
2022/06/27,2300 UTC,0,889,889,"888,7",,"19,5","9,6","20,4","19,2","9,7","9,4",53,50,53,91,"5,3","2,4"
2022/06/28,0000 UTC,0,"889,4","889,4",889,,"18,4","9,9","19,5","18,4",10,"9,5",58,53,58,76,"4,8",2
2022/06/28,0100 UTC,0,"889,5","889,5","889,4",,"18,4","9,9","18,5","17,9","10,2","9,8",60,58,58,87,"5,7",3
2022/06/28,0200 UTC,0,"889,4","889,5","889,4",,"17,1","9,8","18,4","16,9","9,9","9,6",62,58,62,100,"5,7","2,8"
2022/06/28,0300 UTC,0,889,"889,4",889,,"16,5","9,8","17,1","16,1","9,9","9,6",66,62,64,94,"4,9","2,2"
2022/06/28,0400 UTC,0,"888,8","889,1","888,8",,"15,3","9,9","16,5","15,3",10,"9,7",70,64,70,107,4,2
2022/06/28,0500 UTC,0,"888,3","888,8","888,3",,15,"9,9","15,4","14,7",10,"9,7",72,70,72,106,"4,1",2
2022/06/28,0600 UTC,0,"888,1","888,3","888,1",,"15,4","9,9","15,4","14,7","9,9","9,6",72,69,70,94,"6,2","2,3"
2022/06/28,0700 UTC,0,"888,1","888,1",888,,"14,2","9,8","15,5","14,2","9,9","9,6",75,69,75,105,"6,5","3,2"
2022/06/28,0800 UTC,0,"888,4","888,4","888,1",,"13,4","9,8","14,2","13,4",10,"9,7",79,75,79,106,"6,1","3,3"
2022/06/28,0900 UTC,0,889,889,"888,4",,"12,9","9,8","13,4","12,7",10,"9,6",82,79,81,99,"5,5","2,8"
2022/06/28,1000 UTC,0,"889,8","889,8",889,"5,1","12,2","9,7","12,9","12,2","9,9","9,6",85,81,85,113,"4,5","1,4"
2022/06/28,1100 UTC,0,"890,6","890,6","889,8","382,2","15,3","10,1","15,3",12,"10,6","9,3",85,71,71,96,"4,2","2,4"
2022/06/28,1200 UTC,0,"891,5","891,5","890,6","1187,8","16,6","9,7","17,2","15,2","10,4","9,7",72,63,64,60,"6,9","3,9"
2022/06/28,1300 UTC,0,"891,7","891,8","891,5","1909,8","18,5","10,1","18,9","16,6","10,4","9,8",64,57,58,55,"6,9","2,9"
2022/06/28,1400 UTC,0,"891,5","891,8","891,5","2436,8","21,1","9,8","21,2","18,5","10,5","9,4",58,48,48,66,"5,8","2,6"
2022/06/28,1500 UTC,0,"891,1","891,5","891,1","2738,2","21,7","9,3","21,9","20,3",10,"8,9",50,45,45,18,6,"2,3"
2022/06/28,1600 UTC,0,"890,3","891,1","890,3","2783,2","23,2","8,7","23,2","21,7","9,6","8,1",45,39,40,15,"5,4","1,7"
2022/06/28,1700 UTC,0,"889,7","890,3","889,7","2589,2","23,8",8,"24,1","22,4","8,8","6,6",40,34,36,28,"6,6","1,7"
2022/06/28,1800 UTC,0,"889,1","889,7","889,1","2235,9","24,1","6,8","25,1","23,4","8,2","6,4",37,32,33,38,"5,4","2,4"
2022/06/28,1900 UTC,0,889,"889,2",889,"1664,5","24,5","6,5","24,7","23,6",7,"5,5",34,30,32,43,"5,7","1,7"
2022/06/28,2000 UTC,0,"889,1","889,1",889,"910,5","23,8","6,3","24,5","23,6","6,9","5,9",33,31,32,89,"4,6","1,5"
2022/06/28,2100 UTC,0,"889,4","889,4","889,1","195,1",19,"7,9","23,8",19,8,"5,2",49,32,49,118,"3,7","1,1"
2022/06/28,2200 UTC,0,"889,9","889,9","889,4",,"20,5","8,4","20,8","18,7","8,6","7,2",49,45,46,94,"4,9","2,9"
2022/06/28,2300 UTC,0,"890,2","890,2","889,9",,"19,4","8,8","20,6","19,4",9,"8,3",50,46,50,87,"4,8","2,6"
2022/06/29,0000 UTC,0,"890,5","890,5","890,2",,"18,5","9,2","19,5","18,5","9,4","8,8",55,50,54,81,"4,3","1,8"
2022/06/29,0100 UTC,0,"890,8","890,9","890,5",,18,"9,5","18,9",18,"9,6",9,58,54,58,113,"3,8","1,8"
2022/06/29,0200 UTC,0,"890,7","890,9","890,6",,"17,4","9,4",18,"16,5","9,7",9,63,58,59,101,"4,3","2,4"
2022/06/29,0300 UTC,0,"890,6","890,7","890,6",,"13,6","8,9","17,4","13,6","9,6","8,8",73,59,73,139,"4,3","1,1"
2022/06/29,0400 UTC,0,"890,8","890,9","890,6",,"11,8","9,2","13,6","11,8","9,8","8,9",84,73,84,172,"1,9","0,7"
2022/06/29,0500 UTC,0,"890,5","890,8","890,5",,"11,8","9,4","12,1","11,5","9,5","8,8",86,83,85,162,"1,2","0,4"
2022/06/29,0600 UTC,0,"890,1","890,5","890,1",,"11,5",9,"12,3","11,4","9,8","8,8",85,82,85,109,"1,3","0,4"
2022/06/29,0700 UTC,0,"889,7","890,1","889,7",,"11,5","9,1",12,"10,9","10,3","8,8",90,83,85,54,"2,1","0,5"
2022/06/29,0800 UTC,0,"889,8","889,8","889,7",,"11,3","8,9","11,8","10,8","9,9","8,6",89,84,86,178,1,"0,4"
2022/06/29,0900 UTC,0,890,"890,1","889,8",,"11,5","9,3","11,5","10,8","9,6","8,7",89,86,86,122,"0,8","0,2"
2022/06/29,1000 UTC,0,"890,1","890,1",890,"6,3","10,7",9,"11,5","10,4","9,3","8,6",90,86,90,355,"1,1","0,8"
2022/06/29,1100 UTC,0,"890,5","890,5","890,1","358,8","15,5","10,5","15,5","10,6","10,7",9,90,72,72,360,"2,6","1,8"
2022/06/29,1200 UTC,0,"891,3","891,3","890,5","1152,7","19,1","10,5","19,1","15,5","10,9",10,73,58,58,17,"4,1","2,5"
2022/06/29,1300 UTC,0,"891,3","891,4","891,2","1868,5","21,5","10,3","21,6","18,9","10,6",10,58,49,49,60,"4,3","1,7"
2022/06/29,1400 UTC,0,"891,1","891,3","891,1","2380,6","22,4","9,2","22,6","21,2","10,7","8,9",50,42,43,70,"3,5","1,3"
2022/06/29,1500 UTC,0,"890,6","891,1","890,6","2676,7","23,2","8,6",24,"22,2","9,4","8,1",43,38,39,136,"4,6","2,6"
2022/06/29,1600 UTC,0,"889,8","890,6","889,8","2763,3","24,7","7,5","24,7","22,8","8,8","6,1",40,32,34,248,"5,7","1,4"
2022/06/29,1700 UTC,0,"889,1","889,8","889,1","2150,8","23,8","7,9","25,2","23,6","7,9","6,6",36,31,36,220,"5,3","1,8"
2022/06/29,1800 UTC,0,"888,6",889,"888,6","1306,7",24,"8,1","25,3","23,7","8,8","7,6",38,34,36,122,"5,4","2,4"
2022/06/29,1900 UTC,0,"888,1","888,6","888,1","1427,5","24,1","8,1","25,1","23,9","8,4","7,2",37,32,36,118,6,"2,1"
2022/06/29,2000 UTC,0,"888,1","888,2",888,"637,1",24,"7,9","24,4","23,4","8,7","7,9",39,36,36,92,"4,6","1,7"
2022/06/29,2100 UTC,0,"888,4","888,4","888,1","174,4","21,8","8,7",24,21,"9,5","7,9",47,36,43,123,"2,8","1,4"
2022/06/29,2200 UTC,0,"888,7","888,8","888,4",,"18,7","9,6","21,8","18,4","9,7","8,7",56,43,55,149,"2,5","1,1"
2022/06/29,2300 UTC,0,889,889,"888,7",,"17,3",9,"18,9","17,3","9,7",9,58,54,58,173,"2,6","1,2"
2022/06/30,0000 UTC,0,"889,4","889,4",889,,"18,6","8,7","19,5","17,4","9,1","8,2",58,50,53,105,"3,3","1,6"
2022/06/30,0100 UTC,0,"889,4","889,4","889,3",,"18,7",9,"19,4","16,7","9,2","8,2",59,50,53,83,"4,3","1,8"
2022/06/30,0200 UTC,0,"889,4","889,4","889,3",,"16,6","8,8","19,2","16,6","9,1","8,5",60,52,60,44,"4,2",1
2022/06/30,0300 UTC,0,"889,3","889,4","889,2",,"13,6","9,2","16,6","13,4","9,6","8,9",77,60,75,196,"2,4","0,4"
2022/06/30,0400 UTC,0,"889,1","889,3","889,1",,"14,6","9,4","16,4","13,6",10,"8,6",76,64,71,129,"2,9","1,3"
2022/06/30,0500 UTC,0,"888,4","889,1","888,4",,"12,5","8,8","15,2","12,3","9,8","8,4",80,69,78,147,"2,3","0,7"
2022/06/30,0600 UTC,0,"888,1","888,4",888,,"12,6","9,1","13,4","11,8","9,6","8,4",81,74,79,164,"1,8","0,5"
2022/06/30,0700 UTC,0,"887,9","888,1","887,8",,"11,6","8,6","12,6","11,5",9,"8,4",82,77,82,177,"1,4","0,5"
2022/06/30,0800 UTC,0,"888,1","888,1","887,8",,"11,9","8,5","12,3","11,5","9,2","8,4",83,79,79,123,"1,1","0,4"
2022/06/30,0900 UTC,0,"888,2","888,2",888,,12,"8,6","12,4","11,6","9,2","8,3",82,79,80,150,"0,7","0,2"
2022/06/30,1000 UTC,0,"888,5","888,5","888,2","5,3","11,9","8,7","12,1","11,7","9,1","8,3",82,79,81,231,"0,6","0,3"
2022/06/30,1100 UTC,0,"889,4","889,4","888,5","369,7","18,6","10,2","18,6","11,7","11,2","8,5",82,58,58,193,"0,8","0,3"
2022/06/30,1200 UTC,0,"890,1","890,1","889,4","1151,2","20,3","9,5","20,4","18,5",10,9,58,50,50,81,"3,4","1,9"
2022/06/30,1300 UTC,0,"890,5","890,5","890,1","1871,4","22,1","8,8","22,3","20,2","9,7","8,8",50,43,43,90,"4,3","1,6"
2022/06/30,1400 UTC,0,"890,4","890,6","890,4","2415,3","22,8","7,1",23,22,"9,2","6,6",44,35,36,113,"5,2","2,7"
2022/06/30,1500 UTC,0,"889,9","890,4","889,8","2720,5","23,2","7,5","24,1","22,4","8,1","6,3",38,34,36,134,"6,4","2,2"
2022/06/30,1600 UTC,0,"889,2","889,9","889,2","2756,5",24,"6,2","24,4",23,"8,1","6,1",37,31,32,111,"5,2","1,8"
2022/06/30,1700 UTC,0,"888,2","889,2","888,2","2580,9","24,7","6,6","25,1","23,9","7,1","5,9",33,30,31,183,"5,3","1,5"
2022/06/30,1800 UTC,0,"887,9","888,2","887,9","2217,2","25,3","5,3","26,1","24,2","7,1","5,3",32,27,28,126,"4,9","2,1"
2022/06/30,1900 UTC,0,"887,5","887,9","887,5",1630,"25,4","5,8","26,4","24,9","6,5","5,1",29,26,29,121,"4,2","2,1"
2022/06/30,2000 UTC,0,"887,7","887,7","887,5","895,7","24,6","6,5","25,7","24,6",7,"5,5",31,28,31,128,"3,6","1,9"
2022/06/30,2100 UTC,0,888,888,"887,6","193,4","22,4","7,4","24,6","22,4","7,4","6,1",38,31,38,127,"3,5",2
2022/06/30,2200 UTC,0,"888,3","888,3",888,,"20,7","7,9","22,4","19,2","8,3","7,4",48,38,44,115,"3,5","1,9"
2022/06/30,2300 UTC,0,"888,6","888,7","888,3",,"19,7","7,9","20,7","19,7","8,5","7,8",47,44,46,121,"3,5","1,8"
2022/07/01,0000 UTC,0,"889,1","889,1","888,6",,"19,5","6,8",20,"19,5","7,8","6,6",47,42,43,112,"4,3","2,1"
2022/07/01,0100 UTC,0,"889,4","889,4","889,1",,"19,3",7,"19,8","19,3",7,"6,5",45,42,45,98,"5,2","2,5"
2022/07/01,0200 UTC,0,"889,5","889,6","889,4",,"17,3","7,6","19,4","17,3","7,8",7,53,45,53,128,"5,1","1,7"
2022/07/01,0300 UTC,0,"889,6","889,6","889,5",,"14,3",8,"17,4","14,3","8,4","7,5",66,53,66,138,"3,2","1,5"
2022/07/01,0400 UTC,0,"889,6","889,7","889,6",,"13,5","8,2","14,5","13,4","8,4","7,8",70,66,70,137,"2,3","1,8"
2022/07/01,0500 UTC,0,"889,2","889,6","889,2",,"13,6","8,2","13,8","12,1","8,6","7,6",75,69,70,143,"2,3","1,8"
2022/07/01,0600 UTC,0,"888,7","889,3","888,7",,"11,6","7,9","15,3","11,6","8,5","7,2",78,62,78,132,"2,3","1,1"
2022/07/01,0700 UTC,0,"888,2","888,7","888,1",,"12,5","8,3","12,5","11,2","8,3","7,5",79,75,76,125,"2,6","1,7"
2022/07/01,0800 UTC,0,"888,1","888,3","888,1",,"13,2","7,3","15,2","12,2","8,7","6,8",75,62,68,124,"2,5","1,7"
2022/07/01,0900 UTC,0,"888,3","888,3",888,,"15,2","8,5","15,3","12,1","8,8",7,74,64,64,115,"3,5","2,1"
2022/07/01,1000 UTC,0,"888,8","888,8","888,3","4,8","14,9","8,8","15,3","14,5","8,9","8,3",68,64,67,120,"3,5",2
2022/07/01,1100 UTC,0,"889,4","889,4","888,8","372,8","17,3",9,"17,3","13,3","9,4","8,2",73,58,58,114,"3,3","1,9"
2022/07/01,1200 UTC,0,"890,2","890,2","889,4","1175,3",19,"8,6","19,2","17,3","9,3","8,5",59,51,51,89,"8,4",5
2022/07/01,1300 UTC,0,"890,3","890,4","890,2","1907,8","21,1","8,9","21,1","18,9","9,2","8,4",51,46,46,80,8,"3,4"
2022/07/01,1400 UTC,0,"890,2","890,4","890,2","2433,8","23,3","8,4","23,3","20,7","9,4","7,9",47,38,39,61,"8,4","3,8"
2022/07/01,1500 UTC,0,"889,8","890,3","889,8","2725,1","24,1",8,"24,7","22,8","8,7","7,5",39,35,36,60,"8,4",4
2022/07/01,1600 UTC,0,"889,1","889,8","889,1","2784,8","25,4","7,2","25,5","24,1",8,"6,5",36,31,31,49,"7,3","2,9"
2022/07/01,1700 UTC,0,"888,5","889,1","888,5","2602,2","25,3","5,4","26,4","24,8","7,2","5,4",32,27,28,35,"6,8","2,1"
2022/07/01,1800 UTC,0,888,"888,6",888,"2228,2","26,4","5,8","26,6","25,3","6,7","5,8",29,27,27,46,"6,2","2,8"
2022/07/01,1900 UTC,0,"887,8",888,"887,8","1656,5",26,"5,6","26,5","25,8",6,"5,1",28,26,27,55,"6,5","1,8"
2022/07/01,2000 UTC,0,"887,8","887,8","887,7","923,6","25,3","5,6","26,4","25,1","6,1","5,3",28,27,28,35,"5,7","2,3"
2022/07/01,2100 UTC,0,"888,2","888,2","887,8","207,3","22,9","5,5","25,3","22,9","6,1","5,3",32,28,32,49,"5,2","1,2"
2022/07/01,2200 UTC,0,"888,7","888,7","888,2",,"21,4","6,7","22,9","20,8","6,7","5,5",39,32,39,44,"2,8","1,5"
2022/07/01,2300 UTC,0,"889,1","889,2","888,7",,"19,2","7,6","21,5","18,7","7,7","6,6",48,38,47,45,3,"1,2"
2022/07/02,0000 UTC,0,"889,8","889,8","889,1",,"16,6","8,2","19,2","16,5","8,3","7,2",58,47,58,36,"2,5",1
2022/07/02,0100 UTC,0,"890,2","890,2","889,8",,"15,3",8,"17,6","15,3","8,3","7,6",62,53,62,27,"1,5","0,6"
2022/07/02,0200 UTC,0,"890,3","890,3","890,1",,"17,4","8,5","17,5","14,9","8,6","7,9",64,56,56,107,"2,6","1,6"
2022/07/02,0300 UTC,0,"890,2","890,3","890,1",,"18,5","8,6",19,17,9,"8,4",58,51,52,75,"3,7","2,1"
2022/07/02,0400 UTC,0,890,"890,2",890,,"18,4","9,4","18,6","18,2","9,4","8,6",56,52,56,73,"4,3","2,4"
2022/07/02,0500 UTC,0,"889,5",890,"889,5",,"17,6","9,5","18,4","17,5","9,6","9,4",59,56,59,70,"4,3",2
2022/07/02,0600 UTC,0,"889,3","889,5","889,2",,"16,8","9,5","17,8","16,7","9,7","9,3",62,59,62,80,4,"1,8"
2022/07/02,0700 UTC,0,"889,3","889,3","889,2",,"15,7","9,6",17,"15,2","9,6","8,5",68,61,67,108,"3,3","1,6"
2022/07/02,0800 UTC,0,"889,4","889,4","889,2",,"15,9","9,7","16,2","15,7","9,9","9,5",67,66,67,108,"3,9",2
2022/07/02,0900 UTC,0,890,"890,1","889,4",,"13,4","9,3","15,9","13,4","9,8","9,3",77,67,76,135,"3,8","2,1"
2022/07/02,1000 UTC,0,"890,5","890,5",890,"4,5","13,9","9,8",14,"11,9","9,9","8,4",83,76,76,117,4,"2,2"
2022/07/02,1100 UTC,0,"891,3","891,3","890,5","386,6","15,9","10,4","15,9","13,9","10,6","9,8",76,70,70,104,5,"2,7"
2022/07/02,1200 UTC,0,"892,2","892,2","891,3","1194,7","17,3","10,9","17,5","15,9","11,1","10,3",70,65,66,94,7,4
2022/07/02,1300 UTC,0,"892,7","892,7","892,2","1910,5","19,1","11,3","19,5","17,3","11,6","10,9",66,60,61,77,"7,2","4,4"
2022/07/02,1400 UTC,0,"892,4","892,7","892,4","2452,2","22,3","11,2","22,8","19,1","11,8","11,1",61,49,49,72,"8,3","3,3"
2022/07/02,1500 UTC,0,892,"892,5",892,"2767,6","23,1","10,4","23,6","21,5","11,4","10,1",51,43,45,63,"8,1","3,2"
2022/07/02,1600 UTC,0,"891,3",892,"891,3","2819,9","24,7","9,6",25,"22,9","11,5","9,3",47,37,39,90,"7,1","3,7"
2022/07/02,1700 UTC,0,"890,9","891,3","890,9","2640,7","25,9","7,9","26,3","24,5","9,7","7,4",39,31,32,89,"7,6","3,3"
2022/07/02,1800 UTC,0,"890,3","890,9","890,3","2225,9","26,2","8,3","26,7","25,4","9,2","6,8",35,29,32,92,7,"3,3"
2022/07/02,1900 UTC,0,"890,2","890,3","890,2","1657,1",26,"7,4","26,8","25,9","8,3","7,1",32,29,31,96,"6,1","2,6"
2022/07/02,2000 UTC,0,"890,5","890,6","890,2","833,6","24,9","7,3","26,3","24,9",8,"7,2",33,30,33,124,"6,4","3,3"
2022/07/02,2100 UTC,0,"890,9","890,9","890,5","219,9","23,2","7,4",25,"23,1","7,9","7,1",36,32,36,102,"6,4","3,2"
2022/07/02,2200 UTC,0,"891,3","891,3","890,9",,"21,5","8,7","23,2","21,5","8,8","7,4",44,36,44,96,"6,8","2,9"
2022/07/02,2300 UTC,0,"891,9","891,9","891,3",,"20,3","9,5","21,8","20,2","9,5","8,7",50,43,50,111,6,"2,5"
2022/07/03,0000 UTC,0,"892,1","892,1","891,9",,"19,7",11,"20,3","19,7","11,1","9,5",57,50,57,100,"6,8","3,5"
2022/07/03,0100 UTC,0,"892,4","892,4","892,1",,"18,9","11,3","19,7","18,7","11,4",11,62,57,62,102,"6,8","3,3"
2022/07/03,0200 UTC,0,"892,3","892,4","892,2",,"18,6",11,"18,9","18,5","11,3",11,62,61,61,100,"6,8","3,2"
2022/07/03,0300 UTC,0,"892,4","892,5","892,3",,"18,1","10,8","18,7",18,"11,2","10,8",63,61,62,105,"6,9",3
2022/07/03,0400 UTC,0,"892,4","892,5","892,4",,"16,9","10,6","18,1","16,8","10,8","10,5",67,62,67,117,"5,4","1,4"
2022/07/03,0500 UTC,0,"892,3","892,4","892,2",,"16,5","10,3",17,"16,3","10,8","10,2",69,65,67,117,"3,3","1,6"
2022/07/03,0600 UTC,0,892,"892,3",892,,"14,3","10,3","16,6","13,9","10,9","9,9",79,66,77,133,"2,6","1,6"
2022/07/03,0700 UTC,0,892,892,"891,9",,"15,7","10,2","16,2","13,5","10,8","10,1",81,69,69,115,4,2
2022/07/03,0800 UTC,0,"892,1","892,1","891,9",,"14,6","10,3","15,7","14,5","10,4","10,1",75,69,75,126,"4,1","1,8"
2022/07/03,0900 UTC,0,"892,2","892,2","892,1",,"15,1","9,8","15,3","14,2","10,5","9,7",78,70,70,106,"6,2",3
2022/07/03,1000 UTC,0,"892,6","892,6","892,2","4,3","14,7","9,9","15,1","14,4",10,"9,7",74,70,73,113,"6,2","2,3"
2022/07/03,1100 UTC,0,"893,2","893,2","892,6","357,7","16,1","10,4","16,1","14,6","10,5","9,9",73,69,69,106,"6,4","2,6"
2022/07/03,1200 UTC,0,894,894,"893,2","1205,7","17,3","10,9","17,7","16,1","11,2","10,4",69,65,66,92,"7,7","4,2"
2022/07/03,1300 UTC,0,894,"894,1","893,9","1935,1","19,1","11,3","19,7","17,3","11,8","10,9",66,60,61,80,8,"3,9"
2022/07/03,1400 UTC,0,"893,9","894,1","893,9","2461,8","20,7","11,3","21,2",19,12,"11,2",61,55,55,109,"7,8","4,8"
2022/07/03,1500 UTC,0,"893,6",894,"893,6","2772,2","21,8",11,"22,7","20,6","11,8","10,8",55,48,50,100,"8,1","3,9"
2022/07/03,1600 UTC,0,"892,7","893,6","892,7","2827,4",23,"11,3","23,6","21,7",12,11,52,47,48,141,"8,2","4,2"
2022/07/03,1700 UTC,0,"892,1","892,8","892,1","2653,4","24,2",11,"24,6","22,9","11,9","10,9",49,43,43,120,"8,4","4,2"
2022/07/03,1800 UTC,0,"891,4","892,1","891,4","2300,9","24,2",10,"24,8","23,6","11,4","9,2",45,38,41,115,"7,9",4
2022/07/03,1900 UTC,0,"891,3","891,4","891,2","1745,4","24,9","8,8","25,1","24,1","10,3","8,3",41,36,36,117,"7,8","3,5"
2022/07/03,2000 UTC,0,"891,3","891,4","891,2","1011,7","23,4","9,3","24,9","23,4","9,3","8,1",41,36,41,113,"7,2","4,1"
2022/07/03,2100 UTC,0,"891,7","891,7","891,3",268,"21,6","9,2","23,5","21,6","9,4","8,3",45,38,45,111,"7,1","2,4"
2022/07/03,2200 UTC,0,"892,1","892,1","891,7",,"20,2","10,5","21,8","20,1","10,5","9,3",54,45,54,126,"5,9","2,1"
2022/07/03,2300 UTC,0,"892,3","892,3","892,1",,19,"10,5","20,2",19,"10,6","10,4",58,54,58,117,"4,6","1,6"
2022/07/04,0000 UTC,0,"892,5","892,5","892,3",,"18,2","10,2","19,1","18,2","10,6","10,2",60,58,59,110,"4,3","2,5"
2022/07/04,0100 UTC,0,"892,8","892,8","892,5",,18,"9,9","18,4","17,8","10,3","9,9",60,58,59,109,"6,3","2,9"
2022/07/04,0200 UTC,0,"892,7","892,8","892,6",,"17,5","10,3",18,"17,2","10,3","9,9",63,59,63,103,"5,6","2,9"
2022/07/04,0300 UTC,0,"892,4","892,7","892,4",,"17,1","9,9","17,5","16,9","10,3","9,9",64,62,63,98,"6,3","3,1"
2022/07/04,0400 UTC,0,"891,9","892,4","891,9",,"16,5","9,9","17,3","16,3","9,9","9,6",65,62,65,114,6,"2,7"
2022/07/04,0500 UTC,0,"891,7","891,9","891,6",,"16,7","9,8","16,8","16,4","9,9","9,7",65,63,64,103,"7,5","4,1"
2022/07/04,0600 UTC,0,"891,4","891,7","891,4",,"15,5","9,9","16,7","15,3","9,9","9,7",70,64,69,95,"8,9","4,3"
2022/07/04,0700 UTC,0,891,"891,5",891,,"14,7","9,6","15,6","14,7","9,9","9,6",71,69,71,96,9,"4,7"
2022/07/04,0800 UTC,0,891,891,"890,9",,"14,4","9,2","14,8","14,3","9,6","9,1",72,70,71,94,9,"3,8"
2022/07/04,0900 UTC,0,"891,2","891,2",891,,"13,5","8,7","14,5","13,5","9,2","8,7",73,71,73,105,"8,1","3,2"
2022/07/04,1000 UTC,0,"891,7","891,7","891,2",8,"13,5","8,9","13,6","13,3","8,9","8,7",74,73,74,93,"7,5","4,1"
2022/07/04,1100 UTC,0,"892,2","892,2","891,7","405,9","14,5",9,"14,5","13,2","9,1","8,8",75,69,70,88,"8,1","4,7"
2022/07/04,1200 UTC,0,"893,1","893,1","892,2","1212,6","16,1","9,1","16,2","14,5","9,3","8,8",70,63,63,93,11,"5,2"
2022/07/04,1300 UTC,0,"893,4","893,4","893,1","1776,7",18,"9,1","18,2","15,9","9,4","8,7",64,56,56,103,10,"4,3"
2022/07/04,1400 UTC,0,"893,1","893,5","893,1","2451,7","19,8","8,6","19,9","17,8","9,4","8,2",57,48,49,96,"9,6","4,3"
2022/07/04,1500 UTC,0,"892,6","893,2","892,6","2834,9","20,8",8,21,19,"8,4","7,2",48,42,44,90,"9,7",4
2022/07/04,1600 UTC,0,"891,7","892,6","891,7","2884,4","21,3","7,3","22,3","20,3","7,8","6,4",44,37,40,71,"8,2",4
2022/07/04,1700 UTC,0,"890,9","891,7","890,8","2690,2","22,3","7,1","23,1","21,3","7,7","6,5",41,36,38,93,"8,4","4,3"
2022/07/04,1800 UTC,0,"890,1","890,9","890,1","2338,5","23,6","5,3","23,6","22,1","7,5","5,2",38,30,31,75,"8,3","3,7"
2022/07/04,1900 UTC,0,890,"890,2",890,"1771,8",23,"4,3","23,7","22,6","5,5","3,8",33,28,30,97,8,"4,2"
2022/07/04,2000 UTC,0,"890,1","890,2",890,"1011,6",22,"4,1","23,1",22,"4,5",3,31,28,31,101,"8,1","3,4"
2022/07/04,2100 UTC,0,"890,4","890,4","890,1","243,7","20,1","3,2",22,20,"4,1",3,33,30,33,77,"7,1","2,4"
2022/07/04,2200 UTC,0,"890,4","890,5","890,3",,"18,7","6,2","20,1","18,7","6,2","3,3",44,33,44,83,"5,1","2,1"
2022/07/04,2300 UTC,0,"890,8","890,8","890,4",,"18,4","5,7",19,"18,2","6,3","5,7",44,42,43,92,"5,8","2,8"
2022/07/05,0000 UTC,0,"891,2","891,2","890,8",,"17,4","6,1","18,4","17,3","6,1","5,4",47,43,47,98,"5,8","2,6"
2022/07/05,0100 UTC,0,"891,4","891,4","891,2",,"16,8","6,3","17,6","16,7","6,4","6,1",50,47,50,99,7,"3,7"
2022/07/05,0200 UTC,0,"891,2","891,5","891,2",,"16,7","6,4","16,8","16,4","6,5","6,2",51,50,51,99,7,"3,5"
2022/07/05,0300 UTC,0,891,"891,2",891,,"15,9",7,"16,7","15,8","7,1","6,4",55,51,55,78,"7,6","2,3"
2022/07/05,0400 UTC,0,"890,7",891,"890,7",,16,"7,2","16,6","15,9","7,2","6,9",56,53,56,76,"5,7","2,2"
2022/07/05,0500 UTC,0,"890,4","890,7","890,4",,"15,4","7,4","16,1","15,3","7,6","7,1",59,56,59,101,"4,3","1,8"
2022/07/05,0600 UTC,0,"889,9","890,4","889,9",,"15,1","7,6","15,5","14,8","7,7","7,3",61,59,61,110,"3,5",2
2022/07/05,0700 UTC,0,"889,9","889,9","889,7",,"14,5","7,8","15,3","14,4","7,9","7,5",65,61,64,114,"4,8","2,4"
2022/07/05,0800 UTC,0,890,890,"889,9",,"13,7","7,9","14,6","13,7","8,1","7,8",68,64,68,113,"4,8","2,2"
2022/07/05,0900 UTC,0,"890,2","890,2","889,9",,"13,5","8,2",14,"13,5","8,4","7,8",71,67,70,105,"4,6","2,5"
2022/07/05,1000 UTC,0,"890,7","890,7","890,1","4,5","13,6","8,8","13,7","13,3","8,8","8,2",73,70,73,104,"5,4","2,4"
2022/07/05,1100 UTC,0,"891,1","891,1","890,7","380,9","15,9","9,9","15,9","13,5","9,9","8,7",74,68,68,86,"5,6","2,7"
2022/07/05,1200 UTC,0,"891,8","891,8","891,1","1191,3","17,7","11,2","17,9","15,8","11,2","9,7",68,65,66,65,"7,6","2,8"
2022/07/05,1300 UTC,0,"892,2","892,2","891,8","1923,4","19,4","11,3","19,7","17,6","11,6","11,1",66,59,59,92,"7,4",4
2022/07/05,1400 UTC,0,"891,9","892,2","891,9","2472,1","20,9",10,"21,4","19,3","11,7",10,60,50,50,59,"7,7",4
2022/07/05,1500 UTC,0,"891,3","891,9","891,3","2587,6","21,9","9,6","22,7","20,7","10,5","9,2",51,44,46,88,"8,5","3,1"
2022/07/05,1600 UTC,0,"890,4","891,3","890,4","2807,9","22,9",9,23,"21,3","9,9","8,5",47,41,41,80,"8,6","3,3"
2022/07/05,1700 UTC,0,"889,5","890,4","889,5","2641,3","23,2","9,3","24,4","22,6","9,7","8,3",42,38,41,121,"6,8","2,9"
2022/07/05,1800 UTC,0,889,"889,5","888,9","2280,1","23,5","8,9",24,23,"9,7","8,4",42,38,39,56,"6,1","2,4"
2022/07/05,1900 UTC,0,"888,6",889,"888,6","1713,7","23,8","8,8","24,3","23,2","9,5","8,8",41,38,38,80,"6,5","2,7"
2022/07/05,2000 UTC,0,"888,5","888,6","888,5","934,3","23,3","8,6","24,1","23,2","9,2","8,3",40,37,39,89,"6,2","2,7"
2022/07/05,2100 UTC,0,"888,9","888,9","888,5","229,9","21,4","8,5","23,4","21,3","8,8","8,3",44,39,44,126,"5,3","2,2"
2022/07/05,2200 UTC,0,"889,2","889,2","888,9",,"20,1","8,8","21,4","19,9","8,8","8,5",48,44,48,116,"4,3","1,8"
2022/07/05,2300 UTC,0,"889,6","889,6","889,2",,"18,9","8,8","20,1","18,9",9,"8,7",52,48,52,79,5,"1,7"
2022/07/06,0000 UTC,0,"890,1","890,1","889,6",,"18,3","9,4","19,2","18,3","9,6","8,9",56,52,56,78,4,"1,8"
2022/07/06,0100 UTC,0,"890,4","890,4","890,1",,"17,6","9,2","18,5","17,6","9,5","9,2",58,56,58,111,"4,5","1,6"
2022/07/06,0200 UTC,0,"890,8","890,8","890,4",,"17,2","9,7","17,7",17,"9,8","9,1",62,58,62,109,"4,1","1,8"
2022/07/06,0300 UTC,0,"890,7","890,8","890,7",,"16,9","10,1","17,3","16,6","10,1","9,7",65,61,64,110,"4,1","1,9"
2022/07/06,0400 UTC,0,"890,7","890,8","890,6",,"16,6","10,1","16,9","16,4","10,2","9,9",66,64,65,116,"3,4","1,6"
2022/07/06,0500 UTC,0,"890,4","890,7","890,4",,"15,3",10,"16,7","15,1","10,4","9,8",71,65,70,132,3,"1,3"
2022/07/06,0600 UTC,0,"889,9","890,4","889,9",,"15,7","10,1","15,8","14,5","10,4","9,9",75,69,69,124,"2,5","1,7"
2022/07/06,0700 UTC,0,"889,6","889,9","889,6",,"16,1","9,8","16,1","15,1",10,"9,6",71,66,66,81,"3,8","1,9"
2022/07/06,0800 UTC,0,"889,5","889,6","889,5",,16,"9,4","16,6","15,9","9,8","9,3",66,64,65,80,"4,1","2,3"
2022/07/06,0900 UTC,0,"889,6","889,7","889,5",,"15,6","9,5","16,4","15,4","9,5","8,8",67,62,67,95,"4,2","2,2"
2022/07/06,1000 UTC,0,"889,9","889,9","889,6","3,5","15,6","9,8","15,8","15,2","9,9","9,5",70,67,68,85,"5,7","3,5"
2022/07/06,1100 UTC,0,"890,3","890,3","889,9","383,9",17,"9,8","17,1","15,4",10,"9,7",70,62,63,93,"5,7","2,7"
2022/07/06,1200 UTC,0,891,891,"890,2","1202,9","18,5","9,8","18,5",17,10,"9,6",63,56,57,68,"5,8","2,9"
2022/07/06,1300 UTC,0,"891,3","891,3",891,1941,"20,3",9,"20,5","18,5","10,1","8,4",57,48,48,68,"7,9","3,6"
2022/07/06,1400 UTC,0,891,"891,3",891,"2482,4","21,9","7,1","22,1","20,1","9,3","6,6",49,37,38,61,8,"4,1"
2022/07/06,1500 UTC,0,"890,7",891,"890,6","2776,5","22,8","7,4","23,3","21,7","7,9","6,8",39,36,37,53,"7,9",3
2022/07/06,1600 UTC,0,"889,8","890,7","889,8","2829,7","23,4","7,2","23,7","22,7","7,8","6,9",38,35,35,65,"7,5","3,5"
2022/07/06,1700 UTC,0,889,"889,8","888,9",2648,"24,4","6,7","24,7","23,2","7,6",6,36,32,32,51,"7,2","2,6"
2022/07/06,1800 UTC,0,"888,3",889,"888,3","2298,2","24,7","6,4","25,1","23,7","6,9","6,2",33,31,31,50,"8,2","2,2"
2022/07/06,1900 UTC,0,"888,1","888,3",888,1726,"24,5","5,8","25,3","24,1","6,9","5,7",32,29,30,63,"6,5","3,1"
2022/07/06,2000 UTC,0,"888,4","888,4","888,1","979,1","23,6","5,7","24,9","23,6","6,2","5,3",32,29,32,18,"7,2","3,4"
2022/07/06,2100 UTC,0,"888,6","888,6","888,3","238,9",21,"6,9","23,6",21,"6,9","5,7",40,32,40,16,"6,8","1,8"
2022/07/06,2200 UTC,0,"888,9","888,9","888,6",,"17,7","7,8",21,"17,7","7,9","6,8",52,40,52,10,4,"1,3"
2022/07/06,2300 UTC,0,"889,2","889,2","888,9",,"15,9","8,2","17,7","15,9","8,2","7,8",60,52,60,356,"2,2","1,1"
2022/07/07,0000 UTC,0,"889,8","889,8","889,2",,"15,8","8,9","17,9","15,4","9,1","7,8",64,55,64,115,"2,9","0,6"
2022/07/07,0100 UTC,0,"890,1","890,2","889,8",,"15,8","8,1","15,8",15,"8,9","8,1",64,60,60,90,"1,1","0,6"
2022/07/07,0200 UTC,0,"889,7","890,1","889,7",,"14,8","8,2","15,9","14,6","8,4","7,3",65,59,64,91,"1,4","0,7"
2022/07/07,0300 UTC,0,"889,9",890,"889,7",,14,"9,1","16,3",14,"10,3","7,8",73,63,72,145,"6,9","1,7"
2022/07/07,0400 UTC,0,"889,8",890,"889,8",,"15,7","8,9","16,2","12,9","10,7","8,1",81,62,64,104,"2,6","1,6"
2022/07/07,0500 UTC,0,"889,4","889,8","889,4",,"12,1","8,5","16,3","12,1","8,9",8,79,60,79,110,"2,8","0,8"
2022/07/07,0600 UTC,0,"889,2","889,5","889,2",,"13,9","9,8",14,"11,8","9,9","8,5",81,76,76,124,"1,6","1,2"
2022/07/07,0700 UTC,0,"889,1","889,2","889,1",,13,"8,8","15,4",13,"9,9","8,6",76,67,76,106,"2,5","1,1"
2022/07/07,0800 UTC,0,"889,3","889,3",889,,"12,7","8,9","14,1","12,7","9,7","8,4",78,72,78,60,"2,4","0,9"
2022/07/07,0900 UTC,0,"889,8","889,8","889,3",,"14,4","9,4",15,"12,4","10,1","8,8",81,69,72,98,"3,4","1,8"
2022/07/07,1000 UTC,0,"890,2","890,2","889,8","3,6","15,3","9,8","15,3","14,4","9,8",9,72,68,70,85,"4,2","2,4"
2022/07/07,1100 UTC,0,"890,8","890,8","890,2","370,3","16,8",11,"16,8","15,1",11,"9,7",70,68,69,85,"5,2","3,1"
2022/07/07,1200 UTC,0,"891,4","891,4","890,8","1173,8","18,3","12,3","18,3","16,8","12,3","11,1",70,67,68,82,"7,1","3,7"
2022/07/07,1300 UTC,0,"891,7","891,7","891,4","1899,6","20,6","12,7","20,6","18,2","13,1","12,2",68,61,61,77,"6,9","4,2"
2022/07/07,1400 UTC,0,"891,6","891,7","891,6","2393,3","22,4","12,1","22,9","20,6","13,1","11,9",61,51,52,67,"6,9","3,3"
2022/07/07,1500 UTC,0,"891,1","891,6","891,1","2541,9","24,4","11,5","24,4","21,9","12,4","10,6",53,44,44,70,"6,5",3
2022/07/07,1600 UTC,0,"890,6","891,1","890,6","2281,6","23,6","10,2","24,7","22,9","11,2","9,6",46,41,43,78,"6,9","2,6"
2022/07/07,1700 UTC,0,"890,1","890,6","890,1","2197,2","25,4","9,7","25,4","23,2","10,2","8,9",43,37,37,74,"6,2","1,9"
2022/07/07,1800 UTC,0,"889,7","890,1","889,7","1880,5","25,4","9,5","25,6","23,9","9,7","8,7",40,36,37,30,"6,5","1,8"
2022/07/07,1900 UTC,0,"889,5","889,7","889,4",1367,"25,4","8,5","26,1","24,1","9,8","8,5",39,34,34,15,"5,6",2
2022/07/07,2000 UTC,0,"889,6","889,6","889,4","1001,7","24,5","8,8","25,6","24,5","9,3","8,3",38,34,37,96,"5,6","1,6"
2022/07/07,2100 UTC,0,890,890,"889,6","254,8","22,5","9,9","24,5","22,4","9,9","8,7",45,37,45,88,"3,9",2
2022/07/07,2200 UTC,0,"890,4","890,4",890,,"21,6","10,3","22,5","21,6","10,6","9,9",49,45,49,58,"3,9","1,7"
2022/07/07,2300 UTC,0,891,891,"890,4",,"20,2","10,7","21,6","20,2","10,8","10,3",55,49,54,51,"4,6","1,7"
2022/07/08,0000 UTC,0,"891,4","891,4",891,,"19,4","10,1","20,2","19,4","10,7","10,1",56,54,55,61,"3,2","1,3"
2022/07/08,0100 UTC,0,"891,8","891,8","891,4",,"19,9","8,9","20,2",19,"10,2","8,9",56,49,49,73,"3,4",2
2022/07/08,0200 UTC,0,"891,9",892,"891,7",,"17,8","10,6","19,9","17,6","10,6","8,6",63,49,63,128,4,"1,8"
2022/07/08,0300 UTC,0,"892,1","892,1","891,9",,"17,7","10,6","18,1","17,6","10,7","10,4",63,61,63,111,3,"1,9"
2022/07/08,0400 UTC,0,"892,1","892,2",892,,17,11,"18,1","16,9","11,2","10,6",68,62,68,127,"3,4","1,7"
2022/07/08,0500 UTC,0,892,"892,2",892,,"17,1","11,4","17,4",17,"11,7","11,1",70,68,69,97,"3,1","1,7"
2022/07/08,0600 UTC,0,"891,6",892,"891,6",,"16,5","11,4","17,5","16,5","11,7","11,2",72,69,72,120,"3,5","1,8"
2022/07/08,0700 UTC,0,"891,5","891,6","891,4",,"13,1","10,6","16,6",13,"11,7","10,1",87,70,85,80,"2,9","0,5"
2022/07/08,0800 UTC,0,"891,6","891,6","891,5",,"12,6","10,7","13,3","12,5","11,4","10,2",90,85,88,125,"1,6","1,1"
2022/07/08,0900 UTC,0,"891,8","891,8","891,6",,"15,6","11,5","15,9","12,6","12,1","10,3",89,76,76,113,"2,9",2
2022/07/08,1000 UTC,0,892,"892,1","891,8","3,1","15,7","11,5","15,7",15,"11,6","11,2",79,76,76,107,"3,6","2,1"
2022/07/08,1100 UTC,0,"892,5","892,5",892,"364,7","17,5","11,5","17,5","15,5","11,8","11,3",76,68,68,114,"4,2","2,5"
2022/07/08,1200 UTC,0,"893,2","893,2","892,5","1169,4","19,5","11,3","19,7","17,5","11,9",11,69,59,59,103,"4,8","2,6"
2022/07/08,1300 UTC,0,"893,5","893,5","893,2","1898,8",21,"11,2","21,3","19,4","11,9",11,60,53,53,77,7,"3,4"
2022/07/08,1400 UTC,0,"893,2","893,5","893,2","2438,9","22,7","11,3","22,7","20,8","11,7","10,8",54,48,49,83,7,"3,1"
2022/07/08,1500 UTC,0,"892,7","893,2","892,7","2822,7","24,1","9,4","24,3","21,8","11,5","8,7",50,37,39,73,6,"3,1"
2022/07/08,1600 UTC,0,"891,8","892,7","891,8","2837,5","24,2","7,9","24,6","23,3","9,1","7,1",39,33,35,98,"7,4","2,5"
2022/07/08,1700 UTC,0,"891,1","891,8","891,1","2625,5","24,8","8,6","25,5","23,8","8,9","7,6",38,34,36,97,6,"2,4"
2022/07/08,1800 UTC,0,"890,6","891,1","890,5","2221,4","25,3","8,5","25,8","24,4","9,1","7,9",36,33,34,131,7,"2,2"
2022/07/08,1900 UTC,0,"890,4","890,6","890,4","1559,8","25,4","7,7","25,5","24,3","8,7","7,4",35,32,32,150,"6,6","3,1"
2022/07/08,2000 UTC,0,"890,6","890,6","890,4",916,"24,2","8,9","25,4","24,2",9,"7,4",38,32,38,134,"7,9","2,7"
2022/07/08,2100 UTC,0,"891,2","891,2","890,6","204,1","22,4","9,5","24,2","22,4","9,5","8,9",44,38,44,115,"6,4",3
2022/07/08,2200 UTC,0,"891,7","891,7","891,2",,21,"10,2","22,5","20,9","10,2","9,5",50,44,50,137,"5,8","2,2"
2022/07/08,2300 UTC,0,"892,4","892,4","891,7",,"20,3","10,4",21,"20,1","10,5","10,1",54,50,53,114,"4,1","2,4"
2022/07/09,0000 UTC,0,"892,7","892,8","892,4",,"19,4",10,"20,3","19,3","10,4",10,55,52,55,87,"5,3","2,7"
2022/07/09,0100 UTC,0,"892,8","892,8","892,7",,"18,8","9,6","19,6","18,7","10,1","9,5",55,54,55,109,"6,8","2,7"
2022/07/09,0200 UTC,0,"892,8","892,8","892,7",,"17,6","9,8","18,8","17,6","9,8","9,4",60,55,60,119,"5,8","2,2"
2022/07/09,0300 UTC,0,"892,9","892,9","892,7",,17,10,"17,6","16,9","10,1","9,7",64,60,64,122,"5,5",2
2022/07/09,0400 UTC,0,"892,5","892,9","892,5",,"16,7","9,9",17,"16,3","10,2","9,9",66,63,64,119,"3,5",2
2022/07/09,0500 UTC,0,"891,9","892,5","891,9",,"16,3","9,4","16,8","16,3","9,9","9,3",64,63,63,112,"3,6","1,6"
2022/07/09,0600 UTC,0,"891,3","891,9","891,3",,"16,5","9,1","16,5",16,"9,4",9,64,62,62,105,"5,2","2,4"
2022/07/09,0700 UTC,0,"891,2","891,3","891,2",,"15,7","9,2","16,5","15,5","9,3",9,66,62,65,102,"4,7","2,2"
2022/07/09,0800 UTC,0,"891,4","891,4","891,2",,"15,3","8,9","15,9","15,1","9,3","8,9",67,65,65,103,"4,7","2,6"
2022/07/09,0900 UTC,0,"891,7","891,7","891,3",,"13,5","8,7","15,5","13,5","9,2","8,6",73,65,73,126,"4,6","1,7"
2022/07/09,1000 UTC,0,"892,3","892,3","891,7",8,"13,8","9,5","14,1","12,8","9,7","8,4",79,72,75,119,"3,2","1,5"
2022/07/09,1100 UTC,0,"892,8","892,9","892,3","377,5",16,"9,5",16,"13,8","9,7","9,3",75,64,65,115,"4,9","2,6"
2022/07/09,1200 UTC,0,"893,3","893,3","892,8","1165,4","17,6","10,2","17,8",16,"10,3","9,1",65,61,62,97,"7,5","4,1"
2022/07/09,1300 UTC,0,"893,6","893,6","893,3","1936,9","18,6","10,4",19,"17,6","10,7","10,1",62,58,59,105,"8,3","4,5"
2022/07/09,1400 UTC,0,"893,1","893,6","893,1","2469,2","20,6","10,9","20,7","18,5","11,3","10,4",60,54,54,90,"8,8","4,6"
2022/07/09,1500 UTC,0,"892,1","893,1","892,1","2737,9","22,4","11,4","22,4","20,2","11,6","10,5",55,49,50,96,"8,8","4,4"
2022/07/09,1600 UTC,0,"891,4","892,2","891,4","2825,3","23,3","10,7","23,5","21,9","11,4",10,50,44,45,94,"8,5","3,7"
2022/07/09,1700 UTC,0,"890,5","891,4","890,4","2594,7","23,8","10,3","24,5","22,9","10,6","9,8",45,41,42,106,"7,9","3,9"
2022/07/09,1800 UTC,0,"889,7","890,5","889,7","2291,5","24,2","9,3","24,7","23,4","10,5",9,43,38,39,78,"7,2","3,4"
2022/07/09,1900 UTC,0,"889,5","889,7","889,4","1724,7","24,1","9,8","24,7","23,7","9,8","8,9",41,38,41,106,"6,6","2,5"
2022/07/09,2000 UTC,0,"889,6","889,6","889,4","988,6","23,4","9,9","24,8","23,3","10,1","9,2",43,38,42,113,"6,7","3,5"
2022/07/09,2100 UTC,0,"889,9","889,9","889,6","247,2","21,6","9,6","23,4","21,6","10,1","9,6",46,42,46,107,"7,2","2,9"
2022/07/09,2200 UTC,0,"890,3","890,3","889,9",,"20,6","9,1","21,6","20,5","9,6","9,1",48,46,48,100,6,"3,4"
2022/07/09,2300 UTC,0,"890,9","890,9","890,3",,"19,8","9,2","20,6","19,8","9,2",9,51,48,51,91,"5,8","3,3"
2022/07/10,0000 UTC,0,"891,1","891,1","890,9",,"19,1","9,4","19,8","19,1","9,5","9,1",53,50,53,91,"6,1","3,6"
2022/07/10,0100 UTC,0,"891,3","891,3","891,1",,"18,1",10,"19,1",18,10,"9,4",59,53,59,96,"6,7","3,4"
2022/07/10,0200 UTC,0,"891,3","891,4","891,3",,"17,8","9,9","18,2","17,8","10,2","9,8",60,59,60,90,"6,8","3,9"
2022/07/10,0300 UTC,0,"891,4","891,4","891,2",,17,"9,4","17,8",17,10,"9,4",61,60,61,98,8,"3,6"
2022/07/10,0400 UTC,0,"890,8","891,4","890,8",,"16,9","9,2","17,1","16,6","9,4","9,1",62,60,60,94,"6,7","3,5"
2022/07/10,0500 UTC,0,"890,3","890,8","890,3",,"16,5","9,1","16,9","16,2","9,4","9,1",63,60,62,98,"5,6","2,6"
2022/07/10,0600 UTC,0,"890,1","890,4","890,1",,"16,4","7,9","16,5","15,8","9,2","7,9",64,57,57,83,"4,5","2,2"
2022/07/10,0700 UTC,0,"889,8","890,1","889,8",,"16,4","7,2","16,7","16,1","7,9","7,1",57,53,54,79,"3,8","1,9"
2022/07/10,0800 UTC,0,"890,1","890,1","889,8",,15,"8,3","16,6",15,"8,3",7,64,54,64,110,"4,9","1,9"
2022/07/10,0900 UTC,0,890,"890,2",890,,"14,6","8,3","15,1","14,6","8,6","8,2",66,64,66,115,"4,6","2,3"
2022/07/10,1000 UTC,0,"890,7","890,7",890,"4,2","14,5","8,7","14,8","14,3","8,7","8,4",69,66,68,110,"5,2","2,5"
2022/07/10,1100 UTC,0,"891,2","891,2","890,7","381,6","16,2","9,3","16,2","14,5","9,3","8,7",68,63,64,99,"5,5","3,2"
2022/07/10,1200 UTC,0,"892,1","892,1","891,2","1183,5","17,4","10,5","17,5","16,2","10,7","9,2",65,63,64,93,"8,3","4,6"
2022/07/10,1300 UTC,0,"892,3","892,3","892,1","1930,8","19,6","11,5","19,6","17,2","11,5","10,4",65,59,59,75,"8,7","3,6"
2022/07/10,1400 UTC,0,"892,1","892,3",892,2428,"21,9","10,3","22,6",19,"11,8","10,1",61,46,48,84,"9,5","5,2"
2022/07/10,1500 UTC,0,"891,4","892,1","891,4",2399,"22,2","9,5","22,8","20,9","10,7","9,2",50,43,44,82,"10,4","4,1"
2022/07/10,1600 UTC,0,"890,6","891,4","890,6","2812,6","22,8","9,8","23,3","22,2",10,"8,7",45,41,44,79,9,"4,4"
2022/07/10,1700 UTC,0,"889,8","890,6","889,8","2589,5","23,4","9,7","24,3","22,5","10,2","9,2",45,39,42,93,9,"3,5"
2022/07/10,1800 UTC,0,"888,8","889,8","888,8","2306,1","23,7","9,6","24,2",23,"10,2","9,2",42,40,41,82,"7,7",4
2022/07/10,1900 UTC,0,"888,6","888,8","888,6","1751,8",24,"9,6","24,4","23,2",10,"9,2",42,39,40,97,"7,5","3,7"
2022/07/10,2000 UTC,0,"888,5","888,6","888,4","920,7","22,8","9,5","24,1","22,8","9,8","9,1",43,40,43,73,"6,8","2,8"
2022/07/10,2100 UTC,0,"888,8","888,8","888,5","253,6","20,9","9,7","22,8","20,9","9,8","9,1",49,42,48,87,"5,5","2,9"
2022/07/10,2200 UTC,0,"888,9","888,9","888,8",,"19,7",10,21,"19,6","10,1","9,7",54,48,54,104,"5,4","2,8"
2022/07/10,2300 UTC,0,"889,3","889,3","888,9",,19,"10,3","19,7",19,"10,3",10,57,54,57,93,"6,7","2,5"
2022/07/11,0000 UTC,0,"889,5","889,5","889,3",,"18,1","10,1",19,"17,9","10,3","10,1",60,57,60,96,"5,2","2,9"
2022/07/11,0100 UTC,0,"889,8","889,8","889,5",,"17,7","10,3","18,1","17,4","10,6",10,64,60,62,89,"5,8","2,5"
2022/07/11,0200 UTC,0,"889,7","889,8","889,7",,"16,8","9,7","17,8","16,6","10,4","9,6",63,60,63,99,"5,9","2,4"
2022/07/11,0300 UTC,0,"889,8","889,8","889,6",,16,"9,5","16,8",16,"9,7","9,4",65,63,65,109,5,"2,3"
2022/07/11,0400 UTC,0,"889,6","889,8","889,6",,"15,8","9,1","16,2","15,8","9,6",9,65,64,64,108,"5,1","2,7"
2022/07/11,0500 UTC,0,889,"889,6",889,,"14,9","8,9","16,1","14,9","9,2","8,8",67,63,67,123,"5,1","1,6"
2022/07/11,0600 UTC,0,"888,3",889,"888,3",,15,"8,8","15,1",14,9,"8,4",71,66,66,105,"3,6","1,9"
2022/07/11,0700 UTC,0,"887,9","888,3","887,8",,"15,2","8,4","15,5","14,6","8,8","8,4",67,63,64,79,"4,1","1,9"
2022/07/11,0800 UTC,0,"887,7","887,9","887,7",,"14,9","7,9","15,3","14,7","8,4","7,8",64,62,63,79,"4,5","2,1"
2022/07/11,0900 UTC,0,"887,9","887,9","887,7",,"14,6","8,4","14,9","14,4","8,4","7,8",66,63,66,86,"4,8","2,6"
2022/07/11,1000 UTC,0,"888,5","888,5","887,9","8,2","14,4","8,3","14,7","14,2","8,5","8,2",67,66,67,94,"4,8","2,2"
2022/07/11,1100 UTC,0,"889,3","889,3","888,5","361,6","16,3","8,8","16,3","14,2","8,8","8,3",68,61,61,76,"5,8","3,1"
2022/07/11,1200 UTC,0,890,890,"889,3","1206,6","17,7","10,5",18,"16,2","10,8","8,6",65,61,62,72,"6,9","3,4"
2022/07/11,1300 UTC,0,"890,4","890,4",890,"1944,8","19,5","10,2","19,7","17,5","10,9","9,9",63,54,55,74,"7,8","3,1"
2022/07/11,1400 UTC,0,"890,3","890,4","890,3","2552,6","20,7","9,4","21,4","19,1","10,6","8,2",57,45,49,62,"7,8",4
2022/07/11,1500 UTC,0,"889,7","890,4","889,7","2226,5","21,8","9,4","21,8","20,1","10,2","8,9",50,45,45,67,"8,7","3,5"
2022/07/11,1600 UTC,0,"888,6","889,8","888,6","2737,8","23,6","9,3","23,6",21,10,"8,9",47,40,40,11,"8,9","3,6"
2022/07/11,1700 UTC,0,"887,6","888,6","887,6","2633,7",24,9,"24,1",22,"9,8","8,5",44,38,38,34,8,"3,5"
2022/07/11,1800 UTC,0,887,"887,6",887,"2300,4","23,1","8,8","24,2","22,6","9,4","8,1",41,38,40,34,"8,8","2,8"
2022/07/11,1900 UTC,0,"886,7","887,1","886,7","1701,1",23,"8,5","23,6","22,4","9,2","7,9",41,38,40,7,"7,1","3,4"
2022/07/11,2000 UTC,0,887,887,"886,7",1013,"22,3","8,8","23,2","22,2","8,9","7,9",42,39,42,53,"6,6","2,9"
2022/07/11,2100 UTC,0,"887,6","887,6",887,"258,1","20,4","9,1","22,3","20,4","9,1","8,6",48,42,48,46,"5,5","1,5"
2022/07/11,2200 UTC,0,"888,1","888,1","887,6",,"19,2","9,5","20,5","19,2","9,5","9,1",53,48,53,47,"3,9","1,5"
2022/07/11,2300 UTC,0,"888,5","888,5","888,1",,"18,3","9,1","19,2","18,3","9,6","9,1",56,53,55,46,"3,9","1,2"
2022/07/12,0000 UTC,0,"889,2","889,2","888,5",,"16,2","9,2","18,3","15,8","9,3","8,6",64,55,63,43,3,"1,1"
2022/07/12,0100 UTC,0,"889,7","889,7","889,2",,"14,8","8,8","17,7","14,8","9,3","8,5",67,57,67,53,"2,5","0,8"
2022/07/12,0200 UTC,0,"889,6","889,7","889,5",,"16,7","8,8","17,2","14,8","9,3","8,6",68,58,60,61,"2,5","1,3"
2022/07/12,0300 UTC,0,"889,6","889,7","889,6",,"16,6","8,8",17,"14,3","9,4","8,1",69,59,60,81,"2,9","1,6"
2022/07/12,0400 UTC,0,"889,4","889,7","889,4",,"14,8","9,4","16,6","13,6","9,6","7,8",72,60,70,129,"2,8","1,6"
2022/07/12,0500 UTC,0,"888,7","889,4","888,7",,"15,8","9,4","15,8","13,3","9,9","8,3",76,66,66,83,4,"2,2"
2022/07/12,0600 UTC,0,"888,6","888,8","888,6",,"15,4","9,4","15,9","15,3","9,6","9,3",68,66,67,76,"4,6","2,7"
2022/07/12,0700 UTC,0,"888,4","888,6","888,4",,"14,8","9,2","15,4","14,6","9,5","9,1",70,67,69,62,"4,6","1,9"
2022/07/12,0800 UTC,0,"888,6","888,6","888,2",,"10,9","8,6","14,8","10,9","9,2","8,1",86,69,86,313,4,"0,8"
2022/07/12,0900 UTC,0,"888,8","888,8","888,6",,"10,7","8,7","11,4","10,4","9,4","8,2",89,84,87,325,"1,3","0,8"
2022/07/12,1000 UTC,0,"889,3","889,3","888,8","5,3","10,3","8,3","10,8","10,2","8,8","8,2",89,86,87,15,"1,2","0,7"
2022/07/12,1100 UTC,0,890,890,"889,3","366,6","15,7","9,5","15,7","10,3","9,8","8,4",87,66,67,318,"1,5","0,9"
2022/07/12,1200 UTC,0,"891,2","891,2",890,"1185,6","19,8","8,6","19,8","15,7","9,8","8,4",67,48,48,16,"3,1","1,3"
2022/07/12,1300 UTC,0,"891,5","891,5","891,2","1955,9","20,9","7,4","20,9","19,7","8,7","7,3",49,42,42,8,"5,8","3,2"
2022/07/12,1400 UTC,0,"891,7","891,7","891,5","2372,2","22,1",8,"22,2","20,6","8,3","7,2",44,40,40,95,6,"0,9"
2022/07/12,1500 UTC,0,891,"891,7",891,"2687,9","22,8","7,4","23,3","21,4","8,3","7,1",41,36,37,331,"4,3","1,9"
2022/07/12,1600 UTC,0,"890,2",891,"890,2","2774,3",24,"7,7","24,1","22,6","8,2","7,3",38,35,35,109,"6,3","2,1"
2022/07/12,1700 UTC,0,"889,4","890,2","889,4","1990,8","23,8","7,2","24,5","22,6","7,9","6,9",38,34,35,162,"5,7",1
2022/07/12,1800 UTC,0,"888,6","889,4","888,6","1934,7","24,9","6,6","25,2","23,8","7,4","6,1",35,31,31,64,5,"1,1"
2022/07/12,1900 UTC,0,"888,3","888,6","888,3","1190,2",24,"6,3","25,7","23,7","6,9","5,5",33,29,32,138,5,"0,7"
2022/07/12,2000 UTC,0,"888,4","888,5","888,3","540,5","24,3",7,"24,5","23,7","7,4","6,2",35,32,33,106,"4,6","1,9"
2022/07/12,2100 UTC,0,"888,9","888,9","888,5","229,3","22,3","7,5","24,3","22,3","7,8","6,7",39,33,39,154,"4,7","2,1"
2022/07/12,2200 UTC,0,"889,3","889,3","888,8",,"20,5","7,9","22,3","19,8",8,"7,3",46,38,44,162,"4,4","1,4"
2022/07/12,2300 UTC,0,"889,8","889,8","889,3",,"18,3","7,6","20,5","18,2","7,9","7,5",50,44,50,144,"3,6","1,3"
2022/07/13,0000 UTC,0,"890,4","890,4","889,8",,"17,5","7,7","18,4","17,1","7,9","7,6",54,50,53,160,"2,9","1,4"
2022/07/13,0100 UTC,0,"890,6","890,6","890,4",,"16,6","7,8",18,"16,5","8,1","7,6",57,52,56,144,4,"1,3"
2022/07/13,0200 UTC,0,"890,6","890,6","890,5",,"16,9","7,8","16,9","15,3","8,2","7,5",61,55,55,122,"2,8","1,7"
2022/07/13,0300 UTC,0,"890,3","890,6","890,3",,"16,9","7,7","17,4","16,9","7,9","7,6",55,53,55,128,"3,3","1,6"
2022/07/13,0400 UTC,0,"889,9","890,3","889,9",,"17,3","7,5","17,7","14,9","8,2","7,3",61,52,52,106,"5,1","2,7"
2022/07/13,0500 UTC,0,"889,3","889,9","889,3",,"16,5","7,4","17,6","16,5","7,5","7,3",55,51,55,105,"4,9",2
2022/07/13,0600 UTC,0,889,"889,3",889,,"16,3","7,7","16,8","16,3","7,8","7,4",57,55,57,102,"4,3","1,8"
2022/07/13,0700 UTC,0,"888,8",889,"888,8",,"15,1","7,6","16,3","14,8","8,1","7,1",62,57,61,115,"3,8","1,6"
2022/07/13,0800 UTC,0,"888,5","888,8","888,5",,"14,8","7,9","15,3","13,4","8,2","7,1",68,61,63,111,"3,2","1,8"
2022/07/13,0900 UTC,0,"888,7","888,7","888,5",,"14,8","7,9","14,9","12,7","8,3","6,9",71,63,64,86,"3,4","1,9"
2022/07/13,1000 UTC,0,"889,7","889,7","888,7","6,8","13,4","8,4","15,2","12,4","8,4","6,9",73,62,72,131,"3,4","1,7"
2022/07/13,1100 UTC,0,"890,4","890,4","889,7","379,6","16,4","8,5","16,4","12,2","8,9","7,2",75,59,59,145,"2,3","1,5"
2022/07/13,1200 UTC,0,"891,2","891,2","890,4",1193,"19,8","7,7",20,"16,4","8,8","7,7",59,46,46,120,4,2
2022/07/13,1300 UTC,0,"891,4","891,4","891,2","1926,6","21,2","6,5","21,8","19,5",8,6,47,37,38,103,"5,1",3
2022/07/13,1400 UTC,0,"891,4","891,5","891,3","2504,9","22,7","5,4",23,"21,2","6,3","4,4",38,31,33,112,"6,9","3,1"
2022/07/13,1500 UTC,0,"890,7","891,4","890,7","2812,5","23,5","5,8",24,22,"6,1","4,9",34,31,32,112,7,"3,7"
2022/07/13,1600 UTC,0,"889,8","890,7","889,8","2842,2","24,5","5,3","24,8","23,2","6,1","4,9",32,28,29,69,"6,8","3,1"
2022/07/13,1700 UTC,0,"888,9","889,8","888,9","2632,7","25,2","5,6",26,"24,2",6,"4,8",30,27,28,111,"6,5","1,9"
2022/07/13,1800 UTC,0,"888,4","888,9","888,4","2289,5","25,9","4,4","26,1",25,"5,7","3,6",29,24,25,139,"6,7","2,3"
2022/07/13,1900 UTC,0,"888,1","888,4","888,1","1727,6",26,"4,4","26,1","25,3","4,7","3,8",26,24,25,81,"6,2","2,3"
2022/07/13,2000 UTC,0,888,"888,1","887,9","955,1","25,3","4,4","26,3","25,3","4,8","3,9",26,24,26,86,"5,1","2,1"
2022/07/13,2100 UTC,0,"888,2","888,2","887,9","223,3","23,1","5,4","25,5","23,1","5,4","4,2",32,26,32,95,"4,7",2
2022/07/13,2200 UTC,0,"888,5","888,5","888,2",,"22,4","5,7","23,1","22,1",6,"5,4",35,32,34,96,"4,8","2,6"
2022/07/13,2300 UTC,0,889,889,"888,5",,"20,9","6,3","22,4","20,9","6,3","5,6",39,34,39,81,"4,7",2
2022/07/14,0000 UTC,0,"889,5","889,5",889,,"19,5",7,"21,1","19,4","7,1","6,3",45,38,44,112,"3,6","1,8"
2022/07/14,0100 UTC,0,"889,8","889,8","889,5",,"19,6","6,8","20,1","19,1",7,"6,6",45,42,44,101,"4,3","2,4"
2022/07/14,0200 UTC,0,"889,8","889,9","889,8",,"18,7","7,2","19,8","18,7","7,2","6,8",47,43,47,100,"4,3","2,2"
2022/07/14,0300 UTC,0,"889,5","889,8","889,5",,"18,4","7,6","19,1","18,3","7,7","7,2",49,47,49,107,"4,1","2,2"
2022/07/14,0400 UTC,0,"889,3","889,5","889,3",,"18,2","7,8","18,4","17,9","7,8","7,5",51,49,51,110,"4,4","2,4"
2022/07/14,0500 UTC,0,"888,9","889,3","888,8",,"17,6","8,8","18,2","17,2","8,8","7,7",57,51,56,112,"4,3","2,5"
2022/07/14,0600 UTC,0,"888,8","888,9","888,8",,17,"8,9","17,7","16,9","8,9","8,6",59,56,59,107,"4,7","2,6"
2022/07/14,0700 UTC,0,"888,7","888,8","888,5",,"16,7","9,7","17,2","16,7","9,7","8,8",63,59,63,98,7,"3,6"
2022/07/14,0800 UTC,0,"888,7","888,8","888,6",,"16,7",10,"16,8",16,10,"9,7",66,63,64,92,"6,1","3,8"
2022/07/14,0900 UTC,0,"889,1","889,1","888,7",,"15,9",10,"16,8","15,9",10,"9,8",68,64,68,101,"6,1","2,7"
2022/07/14,1000 UTC,0,"889,6","889,6","889,1","5,1","15,7","10,1",16,"15,6","10,2","9,9",70,68,70,93,"5,5",2
2022/07/14,1100 UTC,0,"890,4","890,4","889,6","237,1","16,8","10,3","16,8","15,6","10,3",10,70,65,66,101,"6,6","3,5"
2022/07/14,1200 UTC,0,"890,8","890,9","890,4","1138,8","18,2","10,6","18,3","16,8","10,8","10,3",66,61,61,89,"8,4","4,6"
2022/07/14,1300 UTC,0,"891,3","891,3","890,8","1909,2","20,4","11,1","20,4","18,2","11,2","10,6",61,55,55,67,"7,5","2,8"
2022/07/14,1400 UTC,0,891,"891,3",891,"2463,8","22,3","10,8","22,5","20,3","11,3","10,6",55,48,48,83,"7,5","3,8"
2022/07/14,1500 UTC,0,"890,2",891,"890,2","2724,6","24,1","9,7","24,3","21,9","11,2","8,1",49,37,40,55,"6,9",3
2022/07/14,1600 UTC,0,"889,5","890,3","889,4","2709,2","24,3","8,4",25,"23,2",10,"8,4",42,36,36,54,"7,4","2,9"
2022/07/14,1700 UTC,0,"888,6","889,5","888,6","2603,3","25,4","7,6","25,6","23,5","9,2","7,4",39,32,32,58,"6,8",3
2022/07/14,1800 UTC,0,"887,9","888,6","887,9","2253,5","25,8","7,6","25,8","24,6","7,8","6,9",34,31,31,94,"6,2","2,6"
2022/07/14,1900 UTC,0,"887,7","887,9","887,7","1428,8","25,1",7,"25,8","24,5","7,5","6,8",33,31,31,89,"6,6","2,7"
2022/07/14,2000 UTC,0,"887,8","887,8","887,7",880,"24,4",7,"25,2","24,2",7,"6,6",33,31,33,81,"5,7","3,1"
2022/07/14,2100 UTC,0,"888,2","888,2","887,8",288,"22,8","7,8","24,5","22,8","7,8","6,3",38,33,38,60,"5,4","1,9"
2022/07/14,2200 UTC,0,"888,5","888,5","888,2",,"20,9","8,7","22,8","20,9","8,7","7,8",46,38,46,47,"4,6","1,3"
2022/07/14,2300 UTC,0,"888,9","888,9","888,5",,"20,4","9,2","20,9","20,1","9,2","8,7",49,46,49,66,"3,9","1,8"
2022/07/15,0000 UTC,0,"889,2","889,2","888,9",,"19,4","9,5","20,4","19,2","9,5","9,2",53,49,53,86,"3,9","1,8"
2022/07/15,0100 UTC,0,"889,6","889,6","889,2",,"19,3","9,7","19,6",19,"9,7","9,3",54,52,54,76,4,"2,2"
2022/07/15,0200 UTC,0,"889,4","889,7","889,3",,"18,8","9,6","19,4","18,5","9,7","9,4",56,53,55,74,"4,1",2
2022/07/15,0300 UTC,0,"889,2","889,4","889,1",,"18,5","9,8",19,"18,5","9,9","9,5",57,55,57,64,"3,5","1,7"
2022/07/15,0400 UTC,0,889,"889,2",889,,"17,6","9,4","18,6","17,6","9,9","9,4",59,57,59,81,"3,5","1,9"
2022/07/15,0500 UTC,0,"888,6",889,"888,6",,"17,3","9,3","17,7","17,3","9,5","9,2",59,58,59,104,"3,7","1,9"
2022/07/15,0600 UTC,0,"888,1","888,6","888,1",,13,"9,3","17,3",13,"9,9","8,7",79,59,78,125,"3,4","0,6"
2022/07/15,0700 UTC,0,"888,3","888,4","888,1",,12,"9,3","13,1",12,"9,8","8,8",83,77,83,135,"1,8","0,8"
2022/07/15,0800 UTC,0,"888,5","888,5","888,3",,"12,2","9,5","13,1",12,"9,9",9,84,79,83,200,"1,1","0,7"
2022/07/15,0900 UTC,0,"888,8","888,8","888,5",,"12,2","9,2","12,8","11,9","9,9","8,6",84,78,82,140,1,"0,7"
2022/07/15,1000 UTC,0,"889,6","889,6","888,8","5,2","11,4","8,9","12,9","11,1",10,8,85,78,85,141,"1,5",1
2022/07/15,1100 UTC,0,"890,3","890,3","889,6","357,8","17,4","9,8","17,4","11,4","10,1","8,9",85,61,61,114,"3,7","1,9"
2022/07/15,1200 UTC,0,"890,9",891,"890,3","1180,2",19,"9,6","19,2","17,4","10,1","9,4",61,54,54,91,"7,1","3,3"
2022/07/15,1300 UTC,0,"891,3","891,3","890,9","1909,1","21,2","9,8","21,8","18,9","10,5","9,4",55,48,48,80,"6,6","3,1"
2022/07/15,1400 UTC,0,"891,1","891,3","891,1","2459,1","22,6","10,3","22,9","21,1","10,7","9,9",49,45,46,74,"6,8","3,2"
2022/07/15,1500 UTC,0,"890,2",891,"890,1","2764,9","24,4","8,6","25,2","22,4","10,5","8,4",46,36,37,107,"6,6","1,9"
2022/07/15,1600 UTC,0,"889,2","890,2","889,2","2820,4","25,5","8,5","25,6","24,1","9,5",8,39,33,34,102,"6,4",2
2022/07/15,1700 UTC,0,"888,3","889,2","888,2","2656,9","26,2","7,6","26,3","25,1","8,5","7,2",34,31,31,67,"6,8","2,8"
2022/07/15,1800 UTC,0,"887,5","888,3","887,4","2102,6","25,5","7,8","26,4","25,2",8,"7,1",33,30,32,94,"6,8","3,1"
2022/07/15,1900 UTC,0,"887,2","887,5","887,1","1712,5","25,8","7,8","26,7","25,3","8,3","7,5",33,31,32,87,7,"2,5"
2022/07/15,2000 UTC,0,"887,3","887,3","887,1","995,8","25,3","7,8","26,2","25,2",8,"7,6",33,31,33,62,5,"2,2"
2022/07/15,2100 UTC,0,"887,4","887,4","887,2","250,8","23,2","8,6","25,4","23,2","8,6","7,5",39,32,39,86,"5,2","2,8"
2022/07/15,2200 UTC,0,"887,5","887,5","887,4",,"21,7","9,1","23,3","21,7","9,4","8,5",45,39,45,86,5,"2,3"
2022/07/15,2300 UTC,0,"888,1","888,1","887,5",,"20,9","9,6","21,7","20,9","9,7","9,1",48,45,48,97,"4,5","2,4"
2022/07/16,0000 UTC,0,"888,5","888,5","888,1",,"19,8","9,7","21,1","19,8","9,8","9,3",52,48,52,57,"4,8","1,8"
2022/07/16,0100 UTC,0,889,889,"888,5",,"19,3","9,4","19,9","19,3","9,8","9,4",53,51,53,62,"4,1","1,5"
2022/07/16,0200 UTC,0,"889,1","889,2","888,9",,"18,6","9,1","19,3","16,6","9,7",9,62,53,54,78,"3,3",2
2022/07/16,0300 UTC,0,"888,9","889,1","888,9",,"18,5",9,"18,9","18,4","9,1",9,54,53,54,79,"3,9","1,9"
2022/07/16,0400 UTC,0,"888,8",889,"888,8",,18,"9,2","18,6","17,8","9,2","8,8",56,54,56,78,"3,9","1,8"
2022/07/16,0500 UTC,0,"888,3","888,8","888,2",,18,"9,6","18,2","17,8","9,7","9,2",58,56,58,77,"4,9","2,6"
2022/07/16,0600 UTC,0,888,"888,3","887,9",,"17,2","9,4",18,"17,2","9,7","9,4",60,58,60,88,"4,5",2
2022/07/16,0700 UTC,0,888,"888,1","887,9",,"16,8","9,4","17,3","15,3","9,7","8,9",67,60,62,93,"3,4","1,8"
2022/07/16,0800 UTC,0,"888,3","888,4",888,,"16,4","9,3","16,9","14,8","9,5","8,6",69,61,63,102,"3,6","1,7"
2022/07/16,0900 UTC,0,"888,6","888,6","888,3",,13,"9,2","16,4","12,6","9,4",8,80,63,78,138,"2,6","0,2"
2022/07/16,1000 UTC,0,889,889,"888,6","4,3","15,4",9,"15,7","12,6","9,6","8,7",79,65,65,74,"2,8","1,5"
2022/07/16,1100 UTC,0,"889,3","889,3",889,"376,9","18,9","8,8",19,"15,4","9,5","8,8",66,52,52,48,3,"1,3"
2022/07/16,1200 UTC,0,"889,8","889,8","889,3","1188,4","20,9","8,6","21,1","18,9","9,3","8,5",53,45,45,59,6,3
2022/07/16,1300 UTC,0,"890,2","890,2","889,8","1920,1","22,8","8,5",23,"20,9","8,9",8,46,39,40,63,"6,3","2,8"
2022/07/16,1400 UTC,0,"890,2","890,4","890,2","2469,6","24,2","7,9","24,6","22,8",9,"7,8",41,35,35,114,"5,6",2
2022/07/16,1500 UTC,0,"889,8","890,3","889,8","2780,4","25,4","7,2","25,8",24,"8,1","6,6",36,31,31,137,"5,5","2,4"
2022/07/16,1600 UTC,0,889,"889,8",889,"2833,2","25,5","6,1","26,9","24,7","7,6","5,8",32,28,29,155,"5,5","2,6"
2022/07/16,1700 UTC,0,"888,1",889,"888,1","2658,2","26,5","6,1","27,1","25,1",7,"5,4",29,27,27,50,"5,5",2
2022/07/16,1800 UTC,0,"887,6","888,1","887,6",2256,"26,5","5,9","27,1","25,9","6,5","5,2",28,26,27,47,"5,7","1,7"
2022/07/16,1900 UTC,0,"887,3","887,6","887,2","1775,1","27,7","5,8","28,2","26,1","6,5","5,3",28,25,25,147,"5,7",1
2022/07/16,2000 UTC,0,"887,4","887,4","887,3","902,6","25,6","6,4","27,7","25,4","6,4","5,4",29,25,29,121,"3,7","1,9"
2022/07/16,2100 UTC,0,"887,7","887,7","887,4","302,9","23,9","6,3","25,9","23,9","6,5",6,32,28,32,107,"3,5","1,3"
2022/07/16,2200 UTC,0,"888,1","888,1","887,7",,"22,5","7,3","23,9","22,5","7,3","6,1",38,32,38,107,"3,7",2
2022/07/16,2300 UTC,0,"888,9","888,9","888,1",,21,"8,2","22,7","19,5","8,7","7,2",47,37,44,120,"3,3","1,9"
2022/07/17,0000 UTC,0,"889,3","889,3","888,9",,"16,7","8,2",21,"16,7","8,8","7,7",58,43,57,92,3,1
2022/07/17,0100 UTC,0,"889,9","889,9","889,3",,16,"8,4","17,9","15,9","8,5","7,9",62,53,61,99,"1,8",1
2022/07/17,0200 UTC,0,"890,1","890,1","889,9",,15,"8,4",16,"14,9","8,6","8,1",66,61,65,122,"1,4","0,7"
2022/07/17,0300 UTC,0,"890,2","890,4","890,1",,"15,3","8,2",16,"14,6","8,7",8,66,61,62,81,"1,8","1,4"
2022/07/17,0400 UTC,0,"889,9","890,2","889,9",,"18,2","8,2","18,2","14,5","8,9",8,67,52,52,75,"3,3","1,8"
2022/07/17,0500 UTC,0,"889,6","889,9","889,6",,"17,7","7,9","18,4","17,6","8,3","7,7",53,50,53,88,3,"1,5"
2022/07/17,0600 UTC,0,"889,6","889,7","889,6",,"14,6",8,"17,8","14,6","8,5","7,3",64,52,64,118,"3,1","1,3"
2022/07/17,0700 UTC,0,"889,6","889,7","889,6",,"13,1","8,7","14,6","12,7","9,6",8,79,64,75,127,"1,9","0,9"
2022/07/17,0800 UTC,0,"889,7","889,8","889,6",,"12,1","8,8","13,1",12,"9,2","8,5",81,75,80,141,"1,8","0,9"
2022/07/17,0900 UTC,0,"890,1","890,1","889,7",,"12,3","8,7","12,5","11,7","8,8","8,4",82,78,79,261,"1,2","0,6"
2022/07/17,1000 UTC,0,"890,3","890,3","890,1",8,"13,1","8,3","13,2",12,"8,9","8,2",79,73,73,142,"1,1","0,4"
2022/07/17,1100 UTC,0,891,891,"890,3","244,7","15,4","10,6","15,4","12,5","10,8",8,76,71,73,235,"1,4","0,2"
2022/07/17,1200 UTC,0,"891,7","891,7",891,"934,5","20,8","9,2","20,9","15,4",11,"9,2",74,47,47,75,"3,9","2,2"
2022/07/17,1300 UTC,0,"892,2","892,2","891,7","1840,8","21,5","9,5","22,2","20,7","9,7",9,48,44,46,109,"5,7","2,9"
2022/07/17,1400 UTC,0,892,"892,2",892,"2732,2","22,8","8,2","23,7",21,"9,5","8,2",47,39,39,73,"6,4","3,6"
2022/07/17,1500 UTC,0,"891,6",892,"891,6","2757,8","24,6","8,8","24,8","22,7","9,1","8,2",40,36,37,121,"6,7","2,9"
2022/07/17,1600 UTC,0,"891,1","891,6","891,1","2974,6","25,5","7,5","25,9","24,3",9,"7,2",37,31,32,108,"7,7","3,4"
2022/07/17,1700 UTC,0,"890,2","891,1","890,2","2479,4","25,9",7,"26,7","25,1","8,2","6,6",32,29,30,124,8,"3,4"
2022/07/17,1800 UTC,0,"889,5","890,2","889,4","2121,5","26,6","6,4","26,7","25,7","7,6","6,2",31,27,28,113,"7,4","3,9"
2022/07/17,1900 UTC,0,"889,4","889,5","889,3","1496,5",26,"5,7","27,1","25,9","7,1","5,1",30,26,27,128,"8,4","3,6"
2022/07/17,2000 UTC,0,"889,6","889,6","889,4","695,7","24,8","4,4",26,"24,8","6,5","4,3",29,26,27,121,"7,5","3,2"
2022/07/17,2100 UTC,0,"889,7","889,7","889,5","332,5","23,4",6,"24,8","23,4",6,"4,4",33,27,33,130,"7,5","2,9"
2022/07/17,2200 UTC,0,"889,9","889,9","889,7","2,2","22,1","7,5","23,4","22,1","7,8",6,40,33,39,108,"5,1","2,5"
2022/07/17,2300 UTC,0,"890,7","890,7","889,9",,"20,3","8,4","22,2",20,"8,4","7,5",46,39,46,130,"4,4","1,8"
2022/07/18,0000 UTC,0,"891,2","891,2","890,7",,"19,7","8,6","20,4","19,6","8,7","8,4",49,46,49,121,"4,1","1,8"
2022/07/18,0100 UTC,0,"891,3","891,3","891,2",,"19,8","8,1","20,1","19,2","8,8","8,1",50,47,47,101,"5,9","3,3"
2022/07/18,0200 UTC,0,"891,3","891,4","891,3",,"18,7","8,5","19,8","18,7","8,6","8,1",52,47,52,111,6,"2,6"
2022/07/18,0300 UTC,0,891,"891,3",891,,"18,4","8,7","18,8",18,"8,8","8,6",54,52,53,100,"6,2","3,2"
2022/07/18,0400 UTC,0,"890,8",891,"890,8",,18,"8,6","18,5",18,"8,7","8,5",54,53,54,99,6,"3,1"
2022/07/18,0500 UTC,0,"890,5","890,9","890,5",,"17,3","8,9","18,1","17,1","8,9","8,5",58,54,58,114,"6,3","2,2"
2022/07/18,0600 UTC,0,"890,1","890,5","890,1",,17,"8,9","17,4","16,9","9,1","8,8",59,57,59,94,"5,6","2,4"
2022/07/18,0700 UTC,0,890,"890,1","889,9",,17,"8,9","17,3","16,9","9,1","8,8",60,58,59,102,5,"2,3"
2022/07/18,0800 UTC,0,"890,2","890,4",890,,"15,1","8,9",17,"14,2","9,3","8,1",70,59,66,117,"4,2","1,9"
2022/07/18,0900 UTC,0,"890,5","890,5","890,2",,"16,2","8,2","16,7","14,9",9,"7,9",67,57,59,101,"5,2","2,5"
2022/07/18,1000 UTC,0,891,891,"890,4","3,7",15,"8,8","16,2","14,3","8,9","8,2",69,59,67,107,"5,6","2,5"
2022/07/18,1100 UTC,0,"891,8","891,8",891,"368,7","16,7","8,5","16,7",15,"8,9","8,5",66,59,59,100,"6,5","3,6"
2022/07/18,1200 UTC,0,"892,4","892,4","891,8",1222,"18,9","9,3","18,9","16,7","9,5","8,3",59,54,54,84,"6,5","3,8"
2022/07/18,1300 UTC,0,"892,4","892,6","892,3",1972,"20,9","9,7","20,9","18,6","9,9",9,54,49,49,78,"8,7","4,5"
2022/07/18,1400 UTC,0,"892,2","892,4","892,1","2534,1","22,3","8,6","22,4","20,4",10,"8,4",49,42,42,96,"10,5","6,4"
2022/07/18,1500 UTC,0,"891,8","892,2","891,7","2873,3","23,2","7,9","23,8",22,"8,8","7,1",42,36,37,91,"10,7","4,9"
2022/07/18,1600 UTC,0,"891,3","891,8","891,3","2927,5","24,1","7,4","24,3","22,4","7,9","6,4",38,32,34,78,"9,6","4,3"
2022/07/18,1700 UTC,0,"890,8","891,4","890,8","2771,8","24,9",4,25,"23,8","7,5",4,35,26,26,91,"8,9","5,2"
2022/07/18,1800 UTC,0,"890,3","890,8","890,3","2410,9","24,9","5,2","25,8","24,5","5,4","3,9",28,25,28,99,"8,5","4,1"
2022/07/18,1900 UTC,0,890,"890,3",890,"1846,6",25,"3,8","25,8","24,8","5,5","3,8",28,25,25,93,"9,5","5,1"
2022/07/18,2000 UTC,0,"890,2","890,2",890,"1084,4",24,"4,1","25,1",24,"4,3","3,2",28,24,28,96,"9,5",4
2022/07/18,2100 UTC,0,"890,3","890,3","890,1","293,7","22,6","4,9","24,3","22,5",5,"3,9",32,27,32,89,"8,3","4,1"
2022/07/18,2200 UTC,0,891,891,"890,3",,"21,2","5,5","22,6",21,"5,6","4,9",36,32,36,106,"7,4","2,4"
2022/07/18,2300 UTC,0,"891,2","891,2",891,,"20,4",6,"21,2","20,4",6,"5,5",39,36,39,102,"6,3","2,4"
2022/07/19,0000 UTC,0,"891,5","891,5","891,2",,"19,4","6,9","20,5","18,9",7,6,45,39,44,119,"5,4","2,4"
2022/07/19,0100 UTC,0,"891,8","891,8","891,5",,"18,4","7,6","19,7","18,4","7,6",7,49,44,49,105,"6,3","2,1"
2022/07/19,0200 UTC,0,"891,6","891,8","891,5",,"18,2","8,7","18,9","18,1","8,7","7,7",54,49,54,92,"6,7","3,2"
2022/07/19,0300 UTC,0,"891,4","891,6","891,4",,"17,6",9,"18,3","17,5","9,1","8,5",57,54,57,106,"6,1","2,9"
2022/07/19,0400 UTC,0,"891,2","891,4","891,2",,"17,6","9,2","17,8","17,3","9,4",9,59,57,58,98,"5,6","3,2"
2022/07/19,0500 UTC,0,"891,1","891,3",891,,"17,3","9,5",18,"17,3","9,6","9,2",60,57,60,107,"6,8","3,4"
2022/07/19,0600 UTC,0,"890,8","891,1","890,8",,"16,2","10,3","17,3","16,1","10,3","9,5",68,60,68,110,"5,9","2,8"
2022/07/19,0700 UTC,0,"890,6","890,9","890,6",,"16,8","10,8","16,8","15,9","10,8","10,2",70,68,68,85,"8,7","5,5"
2022/07/19,0800 UTC,0,"890,9",891,"890,5",,"16,7","11,1","16,9","16,5","11,3","10,7",70,68,70,89,"8,7","4,7"
2022/07/19,0900 UTC,0,"891,2","891,2","890,9",,"15,9",11,"16,7","15,9","11,2",11,73,70,73,96,"7,9","3,7"
2022/07/19,1000 UTC,0,"891,7","891,7","891,2","4,8","15,3",11,"15,9",15,"11,1","10,7",76,73,75,100,"6,4","3,2"
2022/07/19,1100 UTC,0,"892,6","892,6","891,7","395,6","16,9","11,3","16,9","15,3","11,3",11,76,69,70,103,"6,6","2,9"
2022/07/19,1200 UTC,0,"893,1","893,1","892,7","1213,9","18,1","11,4","18,4","16,9","11,8","11,2",70,64,65,75,"6,8","3,4"
2022/07/19,1300 UTC,0,"893,1","893,2",893,1940,"20,1","11,6","20,2","18,1","11,9","11,3",66,58,58,76,"6,4","3,2"
2022/07/19,1400 UTC,0,"892,9","893,1","892,9","2267,8","21,4","11,5","21,8","19,8","11,9","11,1",59,52,53,109,"5,7","2,9"
2022/07/19,1500 UTC,0,"892,3","892,9","892,3","2785,1",23,"10,3",24,"21,3","11,8","10,1",54,43,45,99,"7,6","3,7"
2022/07/19,1600 UTC,0,"891,7","892,3","891,7","2882,3","23,7","9,4","24,4","22,8","10,8","9,4",45,40,40,130,"7,6",4
2022/07/19,1700 UTC,0,"890,6","891,7","890,6","2542,2",24,"9,2","25,3","23,6","10,2","8,9",42,36,39,138,"7,3","2,8"
2022/07/19,1800 UTC,0,"889,8","890,7","889,8","1284,2","24,3","8,8","24,4","23,4","9,8","8,7",41,37,37,124,"5,6","2,4"
2022/07/19,1900 UTC,0,"889,6","889,9","889,5","1326,7","24,7","8,5","24,7","23,9","8,9","8,2",38,36,36,142,"6,8","2,1"
2022/07/19,2000 UTC,0,"889,8","889,9","889,6","1064,1","23,9","8,6","24,8","23,9","8,7",8,38,35,38,139,"6,1",3
2022/07/19,2100 UTC,0,"890,1","890,1","889,8","282,2","22,2","9,8","23,9","22,2","9,8","8,5",45,38,45,124,"5,9","2,2"
2022/07/19,2200 UTC,0,"890,2","890,2","890,1",,"20,5","10,6","22,2","20,5","10,6","9,8",53,45,53,125,"4,6","1,9"
2022/07/19,2300 UTC,0,"890,5","890,5","890,2",,"19,5","10,5","20,6","19,4","10,7","10,4",56,53,56,112,5,"2,3"
2022/07/20,0000 UTC,0,"890,8","890,8","890,5",,"18,5","10,8","19,5","18,5",11,"10,5",61,56,61,121,5,"2,1"
2022/07/20,0100 UTC,0,"891,1","891,2","890,7",,18,"10,8","18,6","17,7","11,1","10,7",65,60,63,124,"4,6","2,3"
2022/07/20,0200 UTC,0,"890,9","891,1","890,8",,"16,8","10,7",18,"16,8","10,8","10,6",67,63,67,129,"4,6","1,9"
2022/07/20,0300 UTC,0,"890,8",891,"890,8",,"16,5","10,4","16,9","16,5","10,7","10,3",68,66,67,130,"3,4","1,8"
2022/07/20,0400 UTC,0,"890,5","890,8","890,4",,"13,3","9,8","16,5","13,2","10,3","9,5",80,67,80,130,"2,8","1,3"
2022/07/20,0500 UTC,0,"890,1","890,5","890,1",,"13,5","9,5",14,"13,1","10,2","9,3",80,77,77,157,"2,2","1,2"
2022/07/20,0600 UTC,0,"889,7","890,1","889,7",,"13,6","9,7","13,9","12,5","9,7","8,8",79,74,77,142,"2,7","1,2"
2022/07/20,0700 UTC,0,"889,3","889,7","889,3",,"11,7","8,9","13,8","11,7","9,7","8,6",83,75,83,121,2,"1,1"
2022/07/20,0800 UTC,0,"889,5","889,6","889,3",,"14,2","9,6","14,4","11,2","10,5","8,5",87,74,74,137,3,"2,1"
2022/07/20,0900 UTC,0,"889,4","889,5","889,3",,"14,2","9,5","14,3","13,2","9,9","8,9",78,73,73,117,"3,6","1,9"
2022/07/20,1000 UTC,0,890,"890,1","889,4","4,7","13,7","9,8","14,5","13,7","9,8","9,4",77,72,77,123,"4,1",2
2022/07/20,1100 UTC,0,"890,6","890,6",890,389,"15,9","9,9","15,9","13,6",10,"9,6",78,67,68,113,"5,4","2,9"
2022/07/20,1200 UTC,0,"890,9",891,"890,5","1211,3","17,7","10,5","17,9","15,9","10,7","9,7",68,62,63,98,7,"3,3"
2022/07/20,1300 UTC,0,891,"891,2","890,9",1952,"19,2","10,7","19,7","17,7","11,2","10,3",63,57,58,88,"7,7","3,7"
2022/07/20,1400 UTC,0,"890,9","891,4","890,9","2500,5","21,3","10,2","21,8","19,2","11,2","9,6",58,47,49,75,"7,2","4,1"
2022/07/20,1500 UTC,0,"890,7","891,1","890,7","2803,8","22,4","10,2","22,8","20,9","10,4","9,3",49,44,46,143,"8,7","4,7"
2022/07/20,1600 UTC,0,"889,5","890,7","889,5","2738,4","22,5","9,4","23,6","21,6","10,2","8,9",47,41,43,128,"8,2","3,8"
2022/07/20,1700 UTC,0,"888,5","889,5","888,5","2708,1",24,"8,1","24,4","22,5","9,8","7,8",43,36,36,119,"8,6","4,7"
2022/07/20,1800 UTC,0,"887,8","888,5","887,8","2345,9","24,5","7,4","24,7","23,6","8,2","6,9",37,33,34,109,"8,9","4,3"
2022/07/20,1900 UTC,0,"887,7","887,9","887,6","1789,5",24,"6,9","24,7","23,6","7,5","6,7",35,33,33,122,"8,1","4,1"
2022/07/20,2000 UTC,0,"887,8","887,8","887,6","1049,6","23,6","7,7","24,3","23,6","7,7","6,4",36,32,36,130,8,"3,1"
2022/07/20,2100 UTC,0,"888,1","888,1","887,8","285,9","21,9","8,2","23,6","21,9","8,5","6,7",42,34,42,121,"6,3","2,7"
2022/07/20,2200 UTC,0,"888,2","888,2","888,1",,"20,1","9,2","21,9","20,1","9,2","8,2",50,42,50,136,"4,9","1,8"
2022/07/20,2300 UTC,0,"888,7","888,7","888,2",,"19,1",9,"20,1","19,1","9,2",9,53,50,52,112,"4,1","1,6"
2022/07/21,0000 UTC,0,"889,3","889,3","888,7",,"18,4","8,3","19,6","18,4","9,1","7,9",53,48,52,129,"5,2","1,8"
2022/07/21,0100 UTC,0,"889,5","889,5","889,3",,"18,6","7,7","18,6","18,1","8,4","7,7",52,49,49,98,"5,8","2,8"
2022/07/21,0200 UTC,0,"889,6","889,6","889,4",,"17,2","8,3","18,7",17,"8,3","7,5",56,49,56,126,"5,8","2,1"
2022/07/21,0300 UTC,0,"889,5","889,7","889,5",,"16,3","8,9","17,3","15,6","8,9","8,2",63,56,61,126,"3,5","1,7"
2022/07/21,0400 UTC,0,"889,1","889,5","889,1",,"16,4","8,9","16,8","16,3",9,"8,7",61,59,61,119,"4,6","2,4"
2022/07/21,0500 UTC,0,"888,7","889,1","888,7",,17,"8,8",17,"16,3",9,"8,7",62,58,58,110,5,"2,9"
2022/07/21,0600 UTC,0,"888,5","888,7","888,5",,"16,4","8,9","17,1","16,4","9,1","8,8",61,58,61,99,"5,8","2,8"
2022/07/21,0700 UTC,0,"888,5","888,6","888,4",,"15,9","9,2","16,6","15,9","9,3",9,65,61,65,104,"5,6","2,4"
2022/07/21,0800 UTC,0,"888,9","888,9","888,4",,"15,6","9,5","16,3","15,4","9,5","9,2",67,64,67,118,"4,7","2,6"
2022/07/21,0900 UTC,0,"889,3","889,3","888,8",,15,"9,4","15,7",15,"9,5","9,3",69,66,69,117,6,"2,9"
2022/07/21,1000 UTC,0,"889,6","889,6","889,2","4,5","14,9","9,9","15,1","14,6","9,9","9,4",72,69,72,102,"5,6","2,5"
2022/07/21,1100 UTC,0,"890,2","890,2","889,6","321,2","15,9","10,8","15,9","14,9","10,8","9,9",72,70,72,118,7,"3,6"
2022/07/21,1200 UTC,0,"890,7","890,8","890,2","1166,7","17,6","11,6","17,6","15,9","11,6","10,6",72,68,68,101,"9,4","4,9"
2022/07/21,1300 UTC,0,"890,5","890,8","890,5","1953,4","18,9","11,9","19,4","17,4","12,2","11,4",68,62,64,77,"9,1",4
2022/07/21,1400 UTC,0,"890,2","890,6","890,2","2504,8","22,1","12,4","22,1",19,"12,4","11,8",64,54,54,85,"7,4",3
2022/07/21,1500 UTC,0,"889,7","890,2","889,7","2796,7","22,9","11,5","23,2","21,5","12,3","11,3",55,48,49,94,"6,8","2,8"
2022/07/21,1600 UTC,0,889,"889,7","888,9","2972,8",24,"9,8",25,"22,8","11,7","9,5",49,40,41,86,"6,5","2,7"
2022/07/21,1700 UTC,0,888,889,888,2748,"25,4","9,3","25,4","23,6","10,3","8,4",41,35,36,80,"6,3","2,9"
2022/07/21,1800 UTC,0,"887,5",888,"887,4","2250,7","24,6","7,9","25,5","24,2","9,1","7,6",37,33,35,111,7,"2,3"
2022/07/21,1900 UTC,0,"887,2","887,5","887,1","1866,6","25,1","7,5","25,7","24,6","8,2","7,3",35,32,33,103,"6,8","2,7"
2022/07/21,2000 UTC,0,"887,3","887,3","887,1",1145,"24,4","8,1","25,6","24,4","8,3","7,1",36,32,35,82,"6,8","2,9"
2022/07/21,2100 UTC,0,"887,9","887,9","887,3","238,5","22,6","8,2","24,5","22,6","8,5","7,6",40,35,40,87,"5,1","2,6"
2022/07/21,2200 UTC,0,888,888,"887,9",,"21,5","8,4","22,7","21,3","8,4","7,9",43,39,43,92,"4,6","2,3"
2022/07/21,2300 UTC,0,"888,4","888,4",888,,"20,7","8,7","21,5","20,6","8,8","8,3",46,43,46,92,"4,3","2,2"
2022/07/22,0000 UTC,0,"888,8","888,8","888,4",,"19,5","9,2","20,8","19,4","9,4","8,6",52,46,52,110,5,"2,5"
2022/07/22,0100 UTC,0,"889,1","889,1","888,8",,"19,5","9,1","19,7","19,3","9,2",9,52,51,51,93,"5,5","3,2"
2022/07/22,0200 UTC,0,"889,1","889,1","889,1",,"18,2","9,5","19,5","18,2","9,6",9,57,51,57,102,"6,5","2,5"
2022/07/22,0300 UTC,0,"889,1","889,1",889,,"17,4","9,6","18,4","17,4","9,8","9,6",60,57,60,111,"4,5","1,7"
2022/07/22,0400 UTC,0,889,"889,2",889,,"15,3","9,7","17,5","14,2",10,"9,1",73,60,69,132,"3,1","1,7"
2022/07/22,0500 UTC,0,"888,7",889,"888,6",,"14,6",9,"16,5","14,6","9,9","8,9",69,64,69,121,"2,7","1,5"
2022/07/22,0600 UTC,0,"888,4","888,7","888,4",,13,"9,7","14,6","12,4","9,8",9,81,69,81,113,"2,3","0,6"
2022/07/22,0700 UTC,0,"888,3","888,4","888,3",,"15,6","9,5",16,"12,6","9,9",9,80,66,67,120,"3,9",2
2022/07/22,0800 UTC,0,"888,5","888,5","888,3",,"15,7","9,4","15,9","15,5","9,7","9,4",68,65,66,106,5,"2,6"
2022/07/22,0900 UTC,0,889,889,"888,5",,16,"9,1","16,1","15,5","9,5","9,1",67,63,64,100,"5,5","2,9"
2022/07/22,1000 UTC,0,"889,4","889,4",889,"4,7","15,8","9,4","16,2","15,7","9,4",9,66,63,66,89,"6,3","2,8"
2022/07/22,1100 UTC,0,"889,9",890,"889,4","386,5","17,1","9,6","17,2","15,6","9,8","9,3",66,61,61,89,"7,6","4,2"
2022/07/22,1200 UTC,0,"890,5","890,5","889,9",1216,"18,9","9,7",19,"17,1","9,8","9,4",61,55,55,78,"7,5","3,6"
2022/07/22,1300 UTC,0,"890,8","890,9","890,5","1956,6",21,10,21,"18,9","10,2","9,5",55,49,49,86,"7,4","3,9"
2022/07/22,1400 UTC,0,"890,6","890,9","890,6",2516,"21,7","8,9","22,3","20,4",10,"8,6",50,42,44,102,8,"3,2"
2022/07/22,1500 UTC,0,"890,2","890,7","890,1","2412,7","22,2","7,7","23,5","20,9","9,4","6,7",44,35,39,80,"6,8","2,9"
2022/07/22,1600 UTC,0,"889,2","890,2","889,2","2965,8",24,"6,7","24,7","22,3","8,2","6,5",40,32,33,60,"6,3","2,6"
2022/07/22,1700 UTC,0,"888,4","889,2","888,4","2772,5","24,1",6,25,"23,6","7,2",6,35,31,31,109,"6,9","2,4"
2022/07/22,1800 UTC,0,"887,8","888,4","887,8","2478,9","25,4","6,9","25,8","23,9",7,"5,7",32,29,31,107,9,"2,9"
2022/07/22,1900 UTC,0,"887,7","887,9","887,7",1854,"24,7",6,"25,4","23,9","6,7","5,3",31,29,30,135,"6,3","2,6"
2022/07/22,2000 UTC,0,"887,6","887,8","887,6","1081,7","23,9","5,5","24,8","23,9","6,2","5,4",31,29,31,109,"5,6","2,4"
2022/07/22,2100 UTC,0,888,888,"887,6","277,7","22,3",6,24,"22,3","6,1","5,4",35,31,35,100,"5,9","2,4"
2022/07/22,2200 UTC,0,"888,4","888,4",888,,21,"6,1","22,4",21,"6,3","5,9",38,35,38,104,5,"2,1"
2022/07/22,2300 UTC,0,889,889,"888,4",,"19,5","8,3","21,1","19,5","8,3","6,2",48,38,48,120,"4,2","1,8"
2022/07/23,0000 UTC,0,"889,2","889,2",889,,19,"8,1","19,6",19,"8,4",8,49,48,49,110,"5,3","2,5"
2022/07/23,0100 UTC,0,"889,5","889,5","889,2",,18,"8,1",19,18,"8,3",8,53,49,53,118,5,"1,8"
2022/07/23,0200 UTC,0,"889,7","889,7","889,5",,"17,9","7,6","18,3","17,7","8,2","7,4",53,50,51,96,"3,6","1,9"
2022/07/23,0300 UTC,0,"889,5","889,7","889,5",,"14,8","8,1",18,"13,9","8,1","6,9",66,51,64,123,"3,8","1,5"
2022/07/23,0400 UTC,0,"889,4","889,5","889,4",,"13,5","7,7","16,1","13,5","8,2","7,7",68,60,68,154,"2,7","0,9"
2022/07/23,0500 UTC,0,"888,8","889,4","888,8",,"13,3","8,4","14,3","12,4","8,5","7,7",74,67,72,158,"1,5","0,9"
2022/07/23,0600 UTC,0,"888,7","888,8","888,7",,13,8,"13,8","12,7","8,3","7,5",72,68,72,145,"1,8","0,9"
2022/07/23,0700 UTC,0,"888,4","888,7","888,4",,"12,1","8,1","13,4","11,6","8,1","7,3",77,69,76,148,"1,4","0,6"
2022/07/23,0800 UTC,0,"888,6","888,6","888,4",,"11,4","8,2","12,2","11,1","8,2","7,2",81,74,80,341,"1,2","0,7"
2022/07/23,0900 UTC,0,"888,8","888,8","888,6",,"11,2","7,7","12,1",11,"8,2","6,9",80,75,79,130,"1,5","1,1"
2022/07/23,1000 UTC,0,889,889,"888,8","6,1","11,5","7,9","12,4","10,4","8,7","6,7",83,74,79,234,"1,9","0,4"
2022/07/23,1100 UTC,0,"889,8","889,8",889,"391,4","17,3","9,2","17,3",11,"9,6","7,7",81,59,59,200,"1,3","0,5"
2022/07/23,1200 UTC,0,"890,7","890,7","889,8","1217,5","19,4","8,7","19,4","16,6","9,8","8,3",62,50,50,95,"6,2","3,6"
2022/07/23,1300 UTC,0,"890,8","890,8","890,7","1967,5","20,7",9,"20,8","19,4","9,3","8,6",50,47,47,94,"6,9","4,1"
2022/07/23,1400 UTC,0,"890,6","890,8","890,6","2526,9","22,4",9,"22,4","20,6","9,4","8,6",48,42,42,100,"6,9","3,9"
2022/07/23,1500 UTC,0,"889,9","890,6","889,9","2842,2","23,3","8,4","23,7","21,7","9,2","8,4",44,38,39,102,"7,6","2,6"
2022/07/23,1600 UTC,0,"889,3","889,9","889,3","2860,1","25,1","7,9","25,1","23,1","8,8","7,6",39,33,33,72,"7,6",3
2022/07/23,1700 UTC,0,"888,6","889,3","888,6",2746,"24,1","7,4",25,"23,8",8,"7,2",36,33,34,90,"7,4","1,7"
2022/07/23,1800 UTC,0,"887,9","888,6","887,9",2205,"25,4","7,4","25,9","24,1","7,9","6,6",35,31,32,96,"7,3","3,1"
2022/07/23,1900 UTC,0,"887,7","887,9","887,6","1810,6",25,"7,5","25,9","24,7","7,9","6,9",33,31,33,105,6,"3,1"
2022/07/23,2000 UTC,0,"887,9","887,9","887,7","1051,6","24,5","7,7","25,4","24,5","7,8","7,1",34,32,34,86,"6,6","2,8"
2022/07/23,2100 UTC,0,"888,3","888,3","887,9","289,1","22,6","7,7","24,6","22,6","7,8","7,4",38,34,38,94,"6,4","2,5"
2022/07/23,2200 UTC,0,"888,6","888,6","888,3",,"21,5","7,3","22,7","21,4","7,7","6,9",40,38,40,93,"5,1","2,2"
2022/07/23,2300 UTC,0,"889,2","889,2","888,6",,"20,5","7,6","21,5","20,5","7,6","7,1",43,40,43,78,4,"1,7"
2022/07/24,0000 UTC,0,"889,5","889,5","889,1",,"19,8","7,5","20,7","19,7",8,"7,5",47,43,45,101,4,"2,3"
2022/07/24,0100 UTC,0,"889,9","889,9","889,5",,"19,2","7,8","20,2","19,1","7,8","7,5",48,44,48,101,"5,1","2,2"
2022/07/24,0200 UTC,0,"889,9",890,"889,9",,"18,6",8,"19,3","18,3",8,"7,7",50,47,50,82,"4,2","2,4"
2022/07/24,0300 UTC,0,"889,7","889,9","889,7",,"18,1","8,7","18,8",18,"8,7","7,9",54,50,54,105,"4,7","2,4"
2022/07/24,0400 UTC,0,"889,5","889,8","889,5",,17,9,"18,2","16,9","9,1","8,6",60,54,60,118,"4,1",2
2022/07/24,0500 UTC,0,889,"889,5",889,,"16,9","9,1","17,2","16,5","9,4",9,62,59,60,109,"3,7","2,2"
2022/07/24,0600 UTC,0,"888,4",889,"888,4",,17,"9,1","17,1","16,6","9,3",9,61,59,60,113,"4,7","2,3"
2022/07/24,0700 UTC,0,"888,3","888,4","888,3",,"16,6",9,17,"16,2","9,2","8,9",63,60,61,109,"3,9",2
2022/07/24,0800 UTC,0,"888,5","888,5","888,3",,16,"9,1","16,7","15,7","9,2","8,8",64,60,64,125,"3,6","1,7"
2022/07/24,0900 UTC,0,"888,6","888,6","888,4",,"15,9","9,4","15,9","13,5","9,6","8,2",74,64,65,102,"3,2","1,8"
2022/07/24,1000 UTC,0,"889,2","889,3","888,6","2,5",16,"9,4","16,2","15,6","9,5","9,2",66,64,65,90,"4,2","2,2"
2022/07/24,1100 UTC,0,"889,9","889,9","889,2","392,5","17,9","9,5","17,9","15,9",10,"9,4",65,58,58,100,"5,6","2,9"
2022/07/24,1200 UTC,0,"890,6","890,6","889,9","1233,7","19,2","9,3","19,5","17,8","9,6",9,58,52,52,77,"6,2","3,3"
2022/07/24,1300 UTC,0,"890,8","890,8","890,6","1994,9","21,1","9,8","21,2","19,1",10,"9,3",54,48,48,87,"6,4","3,4"
2022/07/24,1400 UTC,0,"890,9","890,9","890,7","2544,3","22,9","7,6","23,2",21,10,"7,2",49,37,38,85,8,"4,9"
2022/07/24,1500 UTC,0,"890,4","890,9","890,4","2846,7","24,1","8,4","24,2","22,5","8,6","7,1",40,35,37,40,"8,9","2,9"
2022/07/24,1600 UTC,0,"889,7","890,5","889,7","2900,7","24,1","7,6",25,"23,1","8,8","7,4",39,33,35,40,"7,8","3,2"
2022/07/24,1700 UTC,0,"888,9","889,7","888,9","2741,6","25,3","7,4","25,7","23,9",8,"6,8",35,31,32,43,"7,5","3,1"
2022/07/24,1800 UTC,0,"888,4",889,"888,4","2384,6","25,6","6,7",26,"24,6","7,5","6,7",33,30,30,69,"7,3",3
2022/07/24,1900 UTC,0,"888,1","888,4","888,1","1822,4","25,5","6,4","26,1",25,7,6,31,29,30,138,"7,1","2,2"
2022/07/24,2000 UTC,0,"888,3","888,3","888,1","1073,3","25,2",7,"25,8",25,7,"6,3",31,29,31,57,"5,8","1,8"
2022/07/24,2100 UTC,0,"888,7","888,7","888,3","281,7","23,4","7,8","25,4","23,4","7,8","6,7",37,31,37,105,"5,1","2,5"
2022/07/24,2200 UTC,0,"888,9",889,"888,7",,"21,7","8,7","23,4","21,7","8,9","7,9",43,37,43,112,"5,1","2,1"
2022/07/24,2300 UTC,0,"889,5","889,5","888,9",,"20,6","8,5","21,8","20,5","8,7","8,5",46,43,46,107,"4,3","1,6"
2022/07/25,0000 UTC,0,"889,9","889,9","889,5",,"19,9","8,7","20,7","19,8","8,7","8,5",49,46,48,99,"3,8","2,1"
2022/07/25,0100 UTC,0,"890,3","890,4","889,9",,"19,2","8,6","20,2","19,2","8,8","8,6",50,48,50,102,"4,4",2
2022/07/25,0200 UTC,0,"890,4","890,5","890,3",,"18,7","9,1","19,4","18,6","9,1","8,7",54,50,54,102,"5,4","1,9"
2022/07/25,0300 UTC,0,"890,2","890,4","890,2",,"18,7","9,5","19,1","18,3","9,5","9,2",56,53,55,102,"5,2","2,5"
2022/07/25,0400 UTC,0,"890,2","890,3","890,2",,"17,8","9,6","18,7","17,8","9,7","9,4",59,55,59,103,"5,3","2,1"
2022/07/25,0500 UTC,0,"889,7","890,2","889,7",,"17,4","9,6",18,17,"9,8","9,6",62,59,60,104,"3,8",2
2022/07/25,0600 UTC,0,"889,3","889,7","889,3",,"15,9","9,6","17,6","15,5","9,7","8,8",67,60,66,91,"3,3","1,1"
2022/07/25,0700 UTC,0,"889,1","889,3","889,1",,"16,3","9,6","16,9","15,2","9,7","8,9",67,62,64,111,"2,9","1,6"
2022/07/25,0800 UTC,0,"888,9","889,1","888,9",,"14,9","8,8","16,9","14,9","9,8","8,8",67,62,67,111,3,"1,5"
2022/07/25,0900 UTC,0,889,889,"888,8",,"12,9","9,3","15,3","12,7","9,8","8,5",79,67,79,121,3,"1,2"
2022/07/25,1000 UTC,0,"889,8","889,8",889,5,"15,1","9,6","16,2","12,9","10,6","9,2",79,67,70,110,6,"1,8"
2022/07/25,1100 UTC,0,"890,6","890,6","889,8","401,1","17,1","9,7","17,1","15,1","9,7","9,4",70,62,62,109,"6,1","3,3"
2022/07/25,1200 UTC,0,"891,4","891,4","890,6","1225,7","18,7","10,6","18,7","17,1","10,7","9,7",62,59,59,93,"6,9",4
2022/07/25,1300 UTC,0,"891,7","891,8","891,4","1967,7","20,3","11,2","20,4","18,7","11,2","10,4",59,55,56,80,"7,3","3,1"
2022/07/25,1400 UTC,0,"891,7","891,8","891,7","2522,8","22,2","10,8","22,4","20,2","11,7","10,7",56,48,49,103,"6,8","3,5"
2022/07/25,1500 UTC,0,"891,1","891,7","891,1","2940,4","23,5","9,7","23,8",22,"11,4",9,50,41,42,102,"6,8","2,9"
2022/07/25,1600 UTC,0,"890,4","891,1","890,4","2891,3","24,4","10,1","24,8","23,1","10,3","9,5",42,39,40,90,"6,3","2,9"
2022/07/25,1700 UTC,0,"889,4","890,4","889,4","2720,9","25,2",9,26,"24,1","10,1","8,9",40,35,36,110,"6,6","3,3"
2022/07/25,1800 UTC,0,"888,6","889,4","888,6","2379,1","25,8","7,9",26,"24,8","9,4","7,8",37,32,32,90,"7,4","2,6"
2022/07/25,1900 UTC,0,"888,3","888,7","888,3","1827,9","25,6","8,3","26,3","24,9","9,1","7,9",36,32,33,107,"7,4","2,7"
2022/07/25,2000 UTC,0,"888,4","888,4","888,3","1077,2","25,1","8,9","25,8","24,9",9,"7,9",36,32,36,108,"6,1","2,8"
2022/07/25,2100 UTC,0,"888,7","888,7","888,4","289,3","23,3","9,3","25,3","23,3","9,3",8,41,35,41,86,"5,2","2,3"
2022/07/25,2200 UTC,0,"889,2","889,2","888,7",,"21,9","9,7","23,3","21,8","9,9","9,3",46,41,46,113,"5,2","2,5"
2022/07/25,2300 UTC,0,"889,6","889,6","889,2",,"20,9","9,3","22,1","20,8","9,6","9,1",48,45,48,108,"5,6","2,5"
2022/07/26,0000 UTC,0,"890,2","890,2","889,6",,"19,7","10,1","20,9","19,6","10,1","9,3",54,48,54,114,"4,2","1,8"
2022/07/26,0100 UTC,0,"890,6","890,6","890,2",,"18,6","10,3","19,6","18,4","10,5","10,1",59,54,59,119,4,"1,9"
2022/07/26,0200 UTC,0,"890,8","890,8","890,6",,"18,3",10,"18,6","18,1","10,3","9,9",59,58,58,110,"4,8","2,7"
2022/07/26,0300 UTC,0,"890,6","890,8","890,6",,"17,7",10,"18,4","17,5","10,1","9,8",61,58,60,104,"5,3","2,1"
2022/07/26,0400 UTC,0,"890,3","890,7","890,3",,"17,4","9,6","17,9","17,3","9,9","9,6",61,59,60,106,"3,9","1,8"
2022/07/26,0500 UTC,0,"889,9","890,3","889,9",,"13,5","9,6","17,4","13,5","9,8",9,77,60,77,111,3,"1,3"
2022/07/26,0600 UTC,0,"889,5","889,9","889,5",,"13,9","9,3","16,9","13,5","10,4","8,9",77,62,74,128,"3,4","1,6"
2022/07/26,0700 UTC,0,"889,3","889,5","889,2",,"16,1","9,9","16,1","12,3","10,3",9,82,67,67,108,"3,2",2
2022/07/26,0800 UTC,0,"889,3","889,4","889,3",,"15,7","9,4","16,1","15,4","9,8","9,3",68,66,67,104,"5,9","3,4"
2022/07/26,0900 UTC,0,"889,7","889,7","889,3",,"14,6","9,3","15,7","14,5","9,4","9,1",71,66,71,103,"6,4","3,2"
2022/07/26,1000 UTC,0,"890,3","890,3","889,7","4,9","13,9","9,4","14,6","13,7","9,4","9,1",75,71,74,98,"6,4","2,4"
2022/07/26,1100 UTC,0,"890,9","890,9","890,3",413,"16,2",10,"16,2","13,8",10,"9,3",74,67,67,80,"7,8","3,4"
2022/07/26,1200 UTC,0,"891,7","891,7","890,9","1259,8",18,"10,1",18,"16,1","10,2","9,8",67,60,60,58,"7,4","4,1"
2022/07/26,1300 UTC,0,"891,9",892,"891,7",2018,"20,2",10,"20,2",18,"10,3","9,7",60,52,52,67,"7,8","3,4"
2022/07/26,1400 UTC,0,"891,4",892,"891,4","2588,6","21,8",9,"22,4","19,8","10,4","8,7",53,43,44,79,"8,4","3,7"
2022/07/26,1500 UTC,0,"891,1","891,4",891,"2904,9","22,8","8,7","23,4","21,6","9,3","7,9",45,39,41,74,"7,8","3,5"
2022/07/26,1600 UTC,0,"890,6","891,1","890,6","2948,6","24,1",8,"24,5","22,7","8,9","6,1",41,32,36,114,"8,1",4
2022/07/26,1700 UTC,0,"889,9","890,7","889,9","2774,8","24,9",7,25,24,"7,3","5,5",36,29,32,95,"7,9","4,2"
2022/07/26,1800 UTC,0,"889,3","889,9","889,3","2424,7",25,"6,3","25,9",24,"7,4","4,9",33,27,30,106,"7,4","3,1"
2022/07/26,1900 UTC,0,"888,9","889,3","888,8","1859,8","25,2","6,2","25,6","24,7","6,6","5,6",30,28,30,72,"6,5","3,3"
2022/07/26,2000 UTC,0,"888,9",889,"888,8","1102,3","24,6","4,7","25,7","24,4","6,2","4,6",30,28,28,103,"6,1","3,1"
2022/07/26,2100 UTC,0,"889,2","889,2","888,9","300,1","22,3","5,9","24,6","22,3","6,2","4,4",35,27,35,118,"5,4","2,5"
2022/07/26,2200 UTC,0,"889,6","889,6","889,2",,"20,6","6,6","22,3","20,5","6,6","5,9",40,35,40,121,"5,5","1,9"
2022/07/26,2300 UTC,0,"890,1","890,2","889,6",,"19,3","7,6","20,6","19,3","7,7","6,6",47,40,47,120,"3,5","1,7"
2022/07/27,0000 UTC,0,"890,7","890,7","890,2",,"18,8",8,"19,3","18,7",8,"7,7",49,47,49,112,"3,4","1,8"
2022/07/27,0100 UTC,0,"891,2","891,2","890,7",,"18,4",7,"19,1","18,4",8,"6,9",49,46,47,105,"4,8","2,5"
2022/07/27,0200 UTC,0,"891,1","891,2","891,1",,"17,2","7,6","18,4","17,1","7,6","7,1",53,48,53,102,5,"2,2"
2022/07/27,0300 UTC,0,"891,1","891,2","891,1",,"16,2","7,9","17,2","16,2",8,"7,4",58,53,58,120,4,2
2022/07/27,0400 UTC,0,"890,5","891,1","890,5",,"15,7","8,2","16,5","15,6","8,3","7,9",61,57,61,116,"4,6","1,8"
2022/07/27,0500 UTC,0,"890,1","890,5","890,1",,14,"7,8","15,8","13,4","8,4","7,2",68,60,66,132,"3,8","1,9"
2022/07/27,0600 UTC,0,"889,8","890,1","889,8",,15,8,15,12,"8,8","7,4",75,63,63,121,"3,9",2
2022/07/27,0700 UTC,0,"889,5","889,8","889,4",,"15,4","7,8","15,5","14,9",8,"7,7",63,60,61,113,5,"2,7"
2022/07/27,0800 UTC,0,"889,6","889,6","889,5",,"14,8","8,1","15,5","14,6","8,1","7,7",65,60,64,103,6,"3,2"
2022/07/27,0900 UTC,0,"889,9","889,9","889,5",,"14,1","8,3","14,8","14,1","8,4",8,68,64,68,93,"6,4","3,3"
2022/07/27,1000 UTC,0,"890,3","890,3","889,9","5,6","14,2","8,4","14,3","13,9","8,4","8,1",69,68,68,96,"5,5","3,1"
2022/07/27,1100 UTC,0,"890,9","890,9","890,2","415,6","15,8","8,5","15,9","14,2","8,6","8,4",68,62,62,98,"7,5","3,7"
2022/07/27,1200 UTC,0,"891,7","891,7","890,9",1257,"17,4","8,9","17,4","15,8",9,"8,5",63,57,57,105,"6,9","3,9"
2022/07/27,1300 UTC,0,"891,9","891,9","891,7",2010,"19,9","9,3","19,9","17,2","9,6","8,7",58,51,51,94,"8,5","3,5"
2022/07/27,1400 UTC,0,"891,4","891,9","891,4","2578,8","21,4","8,7","21,9","19,5","9,6","8,4",51,44,44,79,"9,4","4,2"
2022/07/27,1500 UTC,0,"890,9","891,5","890,9",2897,"21,8",8,"22,3",21,"8,9","7,9",45,40,41,94,"9,7","4,6"
2022/07/27,1600 UTC,0,"889,7","890,9","889,7","2943,1","22,7","7,7","23,8","21,7","8,7","7,6",42,37,38,80,"8,2","3,5"
2022/07/27,1700 UTC,0,"888,9","889,7","888,9","2771,4","23,5","8,2","24,3","22,7","8,7","7,5",39,36,37,71,"7,7","3,7"
2022/07/27,1800 UTC,0,"888,6",889,"888,6","2412,6","23,6",8,"24,4","23,2","8,4","7,4",38,35,37,79,"7,7","3,2"
2022/07/27,1900 UTC,0,"888,4","888,7","888,4","1841,7","23,7","7,5","24,4","23,3","8,2","7,4",37,35,35,75,"7,2","2,8"
2022/07/27,2000 UTC,0,"888,5","888,5","888,3","1102,5","23,4","8,1","24,3","23,4","8,1","7,2",38,34,38,78,6,"2,4"
2022/07/27,2100 UTC,0,"888,7","888,8","888,5","301,8","21,6","7,7","23,6","21,6","8,2","7,2",41,36,41,74,"5,4","1,8"
2022/07/27,2200 UTC,0,"888,9","888,9","888,7",,"20,7",8,"21,6","20,4","8,3","7,7",45,41,44,73,"4,4",2
2022/07/27,2300 UTC,0,"889,5","889,5","888,9",,"19,8",8,"20,7","19,6","8,2","7,8",47,44,46,68,4,"1,9"
2022/07/28,0000 UTC,0,890,890,"889,5",,"15,6","7,9","19,8","15,6",9,"7,7",61,46,60,117,"3,6","1,2"
2022/07/28,0100 UTC,0,"890,2","890,2",890,,"18,3","8,6","18,3",15,"9,5",8,66,53,53,102,"4,6","2,3"
2022/07/28,0200 UTC,0,"890,3","890,4","890,1",,"17,8","8,5","18,6","17,7","8,6","8,3",55,52,54,94,"5,3","2,7"
2022/07/28,0300 UTC,0,"889,9","890,3","889,9",,"17,4","8,9","17,9",17,9,"8,4",58,54,57,92,"5,3","2,4"
2022/07/28,0400 UTC,0,"889,5","889,9","889,5",,"16,6",9,"17,3","16,4",9,"8,7",61,57,61,89,"4,3","1,6"
2022/07/28,0500 UTC,0,"889,1","889,5","889,1",,"15,8","8,9","16,6","15,6","9,1","8,6",64,60,64,116,"3,2","1,6"
2022/07/28,0600 UTC,0,"888,7","889,1","888,7",,"15,5","8,7","15,9","15,3",9,"8,7",65,63,64,104,"4,5","2,3"
2022/07/28,0700 UTC,0,"888,6","888,7","888,6",,"15,1","8,8","15,5",15,"8,9","8,7",66,64,66,80,"3,9",2
2022/07/28,0800 UTC,0,"888,3","888,6","888,2",,"15,3","8,7","15,6",15,"8,9","8,6",66,64,65,77,4,"2,4"
2022/07/28,0900 UTC,0,"888,4","888,4","888,2",,"13,5",9,"15,4","12,4",9,"7,4",77,64,74,93,4,"1,6"
2022/07/28,1000 UTC,0,"888,7","888,7","888,4","5,5","14,9","8,6",15,"12,1","9,1","7,5",77,66,66,79,"3,6","1,9"
2022/07/28,1100 UTC,0,"889,2","889,2","888,7","425,6","17,3","9,1","17,3","14,8","9,1","8,6",67,58,59,83,"4,1","2,4"
2022/07/28,1200 UTC,0,"889,9","889,9","889,2","1274,4","18,7","9,2",19,17,"9,6","8,8",59,54,54,72,"5,8","2,6"
2022/07/28,1300 UTC,0,"889,9","890,1","889,9","2029,3","21,5","9,3","21,5","18,7","9,6",9,55,46,46,60,"5,8",3
2022/07/28,1400 UTC,0,"889,6","889,9","889,6",2566,"21,8","7,6","22,9","20,5","9,6","7,4",48,39,40,88,"6,7","3,4"
2022/07/28,1500 UTC,0,889,"889,7",889,"2919,4","23,8",7,"23,8","21,6","7,9","5,7",41,32,34,88,"6,1","1,6"
2022/07/28,1600 UTC,0,"888,2",889,"888,2","2954,5","24,5","6,7","25,5","23,4","7,7","6,2",35,31,32,112,"5,6","1,8"
2022/07/28,1700 UTC,0,"887,3","888,2","887,3","2764,9",25,"5,7","25,8","24,1","7,3","5,4",33,27,29,110,5,"1,7"
2022/07/28,1800 UTC,0,"886,2","887,3","886,2","2411,5","25,9","5,9","26,8","24,9","6,6","5,1",30,26,28,81,"4,6","2,3"
2022/07/28,1900 UTC,0,"885,9","886,3","885,9","1831,7",26,"5,3","26,7","25,3",6,"4,9",28,26,27,70,"4,9","1,7"
2022/07/28,2000 UTC,0,"885,8","885,9","885,8","1084,2","25,8","5,4","26,7","25,7","5,7","4,9",27,26,27,65,"3,6","1,6"
2022/07/28,2100 UTC,0,886,886,"885,7","303,7","23,2","5,2","25,8","23,2","5,5","4,8",31,27,31,129,"3,5","1,4"
2022/07/28,2200 UTC,0,"886,2","886,2",886,,"18,7","7,1","23,1","18,5","7,1","5,2",47,31,47,3,"2,2",1
2022/07/28,2300 UTC,0,"886,9","886,9","886,2",,18,"7,2","18,9","16,9","7,9","6,9",55,46,49,335,"2,7","1,3"
2022/07/29,0000 UTC,0,"887,7","887,7","886,9",,"17,6","7,1","19,8",17,"7,2","6,5",51,43,50,15,"2,7","1,3"
2022/07/29,0100 UTC,0,888,888,"887,7",,"15,7","7,4","17,9","15,7","7,8",7,59,49,57,38,"2,1","0,8"
2022/07/29,0200 UTC,0,"888,1","888,2",888,,"18,9","6,5","19,3","15,8","7,7","6,4",58,43,44,47,"2,4","1,3"
2022/07/29,0300 UTC,0,888,"888,1",888,,"14,2","7,2","18,9","14,2","7,4","6,5",63,44,63,10,"2,2","1,1"
2022/07/29,0400 UTC,0,"887,8",888,"887,8",,14,"7,8","14,9","13,6",8,"7,5",68,62,66,21,"1,8","0,3"
2022/07/29,0500 UTC,0,"887,3","887,8","887,3",,"13,8","7,3","14,5","13,2","7,8","7,2",68,63,65,346,"2,2","1,5"
2022/07/29,0600 UTC,0,887,"887,3",887,,"13,1",7,"14,6","12,9","7,5","6,7",67,61,66,358,"2,2","0,9"
2022/07/29,0700 UTC,0,"887,1","887,1",887,,"12,9",7,"13,7","12,6","7,1","6,7",68,64,67,292,"1,4","0,9"
2022/07/29,0800 UTC,0,"887,4","887,4","887,1",,"13,1","6,7","13,1","12,7",7,"6,4",68,65,65,316,"1,4",1
2022/07/29,0900 UTC,0,"887,9","887,9","887,4",,"12,8","5,5","13,7","12,5","6,7","5,5",65,60,61,305,"1,4","0,7"
2022/07/29,1000 UTC,0,"888,6","888,6","887,9","8,8","12,9","5,8","13,2","12,3","5,9","5,3",63,60,62,281,"1,2",1
2022/07/29,1100 UTC,0,"889,2","889,2","888,6","415,9","18,5","7,7","18,5","12,9","8,6",6,66,49,49,336,"1,8","1,1"
2022/07/29,1200 UTC,0,"889,9",890,"889,2","1234,1","21,4","7,4","21,7","18,4","8,4","7,2",50,40,40,317,"2,5","1,3"
2022/07/29,1300 UTC,0,"890,1","890,2","889,9","1926,6","24,3","5,5","24,4","21,4","8,3",5,41,29,30,280,"7,3","2,4"
2022/07/29,1400 UTC,0,"889,9","890,1","889,9",2523,25,"4,7","25,7","23,5","6,1","4,2",31,26,27,244,"7,3","2,1"
2022/07/29,1500 UTC,0,"889,3","889,9","889,3","2830,3","25,5","5,2","26,3","24,8","5,9","4,3",29,26,27,235,"6,8","2,6"
2022/07/29,1600 UTC,0,"888,5","889,3","888,4","2892,7","26,2","4,2","27,1","25,2","5,3","3,4",27,23,24,261,"7,4","2,8"
2022/07/29,1700 UTC,0,"887,6","888,5","887,6",2731,"26,4","4,1","27,1","25,7","4,4","3,1",24,22,24,237,"7,2","1,9"
2022/07/29,1800 UTC,0,"886,8","887,7","886,8","2326,7","27,5","4,5","27,5","26,3","5,1","3,3",25,22,23,236,7,"1,7"
2022/07/29,1900 UTC,0,"886,6","886,8","886,6","1788,9","27,2","3,8","27,8","26,3","4,8",3,24,21,22,260,"5,9","2,5"
2022/07/29,2000 UTC,0,"886,7","886,7","886,5","1038,5","26,3","3,8","27,3","26,3","4,4","2,4",24,21,24,287,"7,4","1,6"
2022/07/29,2100 UTC,0,"886,7","886,7","886,6","305,2","23,3","1,1","26,5","23,3","4,5","-0,7",25,18,23,229,"5,7","1,6"
2022/07/29,2200 UTC,0,"886,8","886,8","886,7",,21,"3,7","23,3","20,6","3,8","0,7",32,23,32,315,"2,9","1,5"
2022/07/29,2300 UTC,0,"887,3","887,3","886,8",,"19,1","4,7",21,"18,3",5,"3,7",40,32,39,336,3,"1,5"
2022/07/30,0000 UTC,0,"887,7","887,7","887,3",,"17,3","5,4","19,1","17,1","5,6","4,5",46,38,46,338,"2,5","1,6"
2022/07/30,0100 UTC,0,888,888,"887,7",,17,"4,3","17,7","16,4","5,7","4,1",47,42,43,347,"2,7","1,1"
2022/07/30,0200 UTC,0,"888,1","888,1","887,9",,"15,9","3,9",17,"15,5","4,6","3,8",47,43,45,344,"2,5","1,6"
2022/07/30,0300 UTC,0,"887,8","888,1","887,8",,"16,1","3,9","17,3","15,9","4,1","3,3",46,40,44,319,"2,9","1,8"
2022/07/30,0400 UTC,0,"887,3","887,8","887,3",,"16,3","5,2","17,3","15,8","5,3","3,8",48,42,48,342,"3,4","2,1"
2022/07/30,0500 UTC,0,"886,7","887,3","886,7",,"15,5","5,2","16,7","15,4","5,4",5,51,47,50,351,"3,2","1,8"
2022/07/30,0600 UTC,0,"886,5","886,7","886,5",,"14,9","5,1","15,5","14,4","5,4",5,54,50,52,334,"2,5","1,7"
2022/07/30,0700 UTC,0,"886,4","886,5","886,3",,"15,5","5,7","15,9","14,5","5,8","4,7",54,48,52,310,3,"1,7"
2022/07/30,0800 UTC,0,"886,7","886,7","886,4",,"14,2","6,3","15,7",14,"6,4","5,7",59,52,59,322,"2,8","1,5"
2022/07/30,0900 UTC,0,"886,9","886,9","886,6",,"13,6","6,4","15,7","13,5","6,5","5,9",63,53,62,314,"2,4","1,5"
2022/07/30,1000 UTC,0,"887,4","887,4","886,9","7,8","14,2","6,1","14,9","13,3","6,6",6,63,56,58,357,"2,3","1,7"
2022/07/30,1100 UTC,0,"887,9","887,9","887,4","407,7",19,"6,1",19,"14,1",7,"5,5",59,42,43,354,"3,6","1,7"
2022/07/30,1200 UTC,0,"888,9","888,9","887,9","1209,3",22,"5,6","22,3",19,"6,6","5,1",43,34,35,239,"3,6","1,3"
2022/07/30,1300 UTC,0,"889,3","889,4","888,9","1943,6","23,6",5,"23,7","20,3",7,5,40,30,30,257,"5,2","2,2"
2022/07/30,1400 UTC,0,"889,3","889,4","889,3","2504,5",25,"4,7","25,4","23,1","5,7","4,4",31,26,27,250,"5,6","2,2"
2022/07/30,1500 UTC,0,"888,9","889,3","888,9","2828,3","25,8","4,2","26,4",25,"5,7","3,6",28,24,25,139,"6,5","2,6"
2022/07/30,1600 UTC,0,"888,4","888,9","888,3","2835,5","26,1","3,4","27,4","25,5",5,"3,4",25,23,23,192,"5,8","2,1"
2022/07/30,1700 UTC,0,"887,5","888,4","887,5","2201,6","27,1","4,2","28,4","25,9","4,7","3,3",24,21,23,135,5,"1,8"
2022/07/30,1800 UTC,0,"886,8","887,5","886,8","2435,2","27,4","3,7","28,2","26,8","4,4","3,5",23,21,22,123,"5,7","2,7"
2022/07/30,1900 UTC,0,"886,7","886,8","886,7","1415,9","27,3",4,"28,4","26,6","4,4","3,4",23,21,23,170,"5,8","1,5"
2022/07/30,2000 UTC,0,"886,8","886,8","886,6",448,"26,5","3,6","27,4","26,3","4,8","3,1",25,22,23,115,"2,9",1
2022/07/30,2100 UTC,0,"887,3","887,3","886,8","204,3","24,6","6,5","26,6","24,6","7,7","3,6",33,23,31,154,"2,5","0,4"
2022/07/30,2200 UTC,0,"887,7","887,7","887,3",,"22,9","6,2","24,8","22,9","7,4","4,5",36,27,34,194,"4,4","1,3"
2022/07/30,2300 UTC,0,"888,1","888,1","887,7",,"19,9","6,9",23,"19,9","7,4","5,8",44,33,43,199,"3,4","0,5"
2022/07/31,0000 UTC,0,"888,6","888,6","888,1",,"19,1","6,7","20,1",19,"7,3","6,5",45,42,44,100,"1,3","0,2"
2022/07/31,0100 UTC,0,"889,1","889,1","888,6",,"19,5","7,1","19,7","18,5","7,5","6,6",48,44,45,146,"2,4",1
2022/07/31,0200 UTC,0,"889,2","889,3","889,1",,"17,8",7,"19,5","17,5","7,7","6,9",52,45,49,166,"1,8","0,8"
2022/07/31,0300 UTC,0,889,"889,2",889,,"17,3","7,4","18,7","16,5","7,7","6,6",56,46,52,170,"1,7","0,9"
2022/07/31,0400 UTC,0,"888,9",889,"888,9",,"17,5","7,1",18,"16,5","7,9","7,1",56,50,50,126,"2,4","1,4"
2022/07/31,0500 UTC,0,"888,4","888,9","888,4",,"15,9","7,8","17,6","15,2","8,2",7,61,50,59,148,"2,1","0,9"
2022/07/31,0600 UTC,0,"888,1","888,4","888,1",,15,8,16,15,"8,4","7,6",63,59,63,131,"1,6","0,6"
2022/07/31,0700 UTC,0,"887,9","888,1","887,9",,"14,8","8,4","15,4","14,3","8,4","7,8",66,63,66,147,"1,5","0,9"
2022/07/31,0800 UTC,0,"888,2","888,2","887,9",,"13,8","8,5","15,4","13,6","8,5","7,6",70,62,70,143,"1,7","0,6"
2022/07/31,0900 UTC,0,"888,6","888,6","888,2",,"14,4","8,9","14,6","13,3","9,2","8,1",73,68,70,139,2,"1,2"
2022/07/31,1000 UTC,0,"889,2","889,2","888,6","7,1","15,3","8,8","15,6","13,5","9,2","8,5",73,65,65,117,"2,2","1,4"
2022/07/31,1100 UTC,0,"889,6","889,7","889,2","387,1","18,7","9,3","18,7",15,"9,8","8,7",66,54,54,137,3,"1,7"
2022/07/31,1200 UTC,0,"890,5","890,5","889,6","1194,4",21,"8,9","21,1","18,7","9,4","8,7",54,46,46,127,"5,6",3
2022/07/31,1300 UTC,0,"890,8","890,9","890,5",1948,23,"8,9","23,2","20,9","9,2","8,4",46,40,41,122,"6,9","3,6"
2022/07/31,1400 UTC,0,"890,7","890,9","890,6","2520,4","24,8","8,9",25,"22,7","9,1","8,2",41,36,36,132,"7,4","3,8"
2022/07/31,1500 UTC,0,"890,1","890,7","890,1",2835,"26,5","6,3","26,8","24,3","8,8","6,3",36,28,28,105,"7,7","4,5"
2022/07/31,1600 UTC,0,"889,1","890,1","889,1","2852,2","26,5",5,"27,9","25,9",7,5,29,25,25,94,"7,7",3
2022/07/31,1700 UTC,0,"888,1","889,1","888,1","2473,3","28,3","4,5","28,8","26,4","6,7",4,26,22,22,78,"6,7","3,5"
2022/07/31,1800 UTC,0,"887,4","888,1","887,3","2328,7","27,7","3,2","28,9","27,2","4,6",3,23,20,21,107,"7,4","3,5"
2022/07/31,1900 UTC,0,887,"887,4",887,"1878,2","28,3","2,6","28,7","27,5","3,6","2,5",21,19,19,42,"6,6","2,4"
2022/07/31,2000 UTC,0,"887,1","887,2",887,"1068,2","27,7","2,6","28,8","27,5","3,2",2,20,18,20,23,"5,1",2
2022/07/31,2100 UTC,0,"887,4","887,4","887,1","228,4","25,7",3,"27,7","25,6",3,"2,2",23,20,23,38,"5,2","1,4"
2022/07/31,2200 UTC,0,"887,6","887,6","887,4",,23,"4,2","25,7",23,"4,3",3,29,23,29,59,3,"0,9"
2022/07/31,2300 UTC,0,"888,1","888,1","887,6",,"22,8","6,6","23,4","20,1","6,6","4,2",40,29,35,116,"2,9","1,7"
2022/08/01,0000 UTC,0,"888,6","888,7","888,1",,"21,7","6,6","22,8","21,1","7,4","6,6",41,35,38,46,4,"1,7"
2022/08/01,0100 UTC,0,889,889,"888,6",,"21,8","6,7",22,"20,6","7,5","6,4",41,37,38,80,"3,8","1,5"
2022/08/01,0200 UTC,0,"889,1","889,2","888,9",,"21,5","7,8","22,4","21,5","7,9","6,4",41,36,41,82,"4,4","2,1"
2022/08/01,0300 UTC,0,889,"889,1",889,,"21,2","7,8","21,5","20,7","7,9","7,7",43,41,42,75,4,"2,5"
2022/08/01,0400 UTC,0,"888,7",889,"888,7",,"17,1","7,8","21,2","17,1","8,1","7,6",54,42,54,56,4,"0,7"
2022/08/01,0500 UTC,0,"888,4","888,7","888,4",,"14,5","7,6","17,1","14,5","8,6","7,5",65,54,63,339,"1,7","0,5"
2022/08/01,0600 UTC,0,"888,1","888,4","888,1",,"15,1","8,4","15,7","14,5","8,4","7,7",65,61,64,95,"1,2","0,4"
2022/08/01,0700 UTC,0,"887,7","888,1","887,7",,"14,6","8,4","15,5","14,1","8,8","8,1",69,63,67,180,"1,9","0,8"
2022/08/01,0800 UTC,0,"887,7","887,7","887,6",,"13,7","8,4","15,4","13,7","9,2","7,9",70,64,70,358,"2,3","1,3"
2022/08/01,0900 UTC,0,888,888,"887,7",,"14,7","7,9","16,1","13,7","8,7","7,7",71,59,64,112,"3,1",1
2022/08/01,1000 UTC,0,"888,6","888,6",888,"7,9","13,9",8,"16,6","13,8","8,8","7,6",69,57,67,112,"2,4","1,1"
2022/08/01,1100 UTC,0,"889,2","889,2","888,6","404,8","20,1","8,8","20,2","13,8","9,6","8,1",70,47,48,106,"3,3","1,4"
2022/08/01,1200 UTC,0,"889,7","889,7","889,2","1226,9","21,4","7,5","21,7","19,8","8,8","7,2",49,40,41,82,6,"3,2"
2022/08/01,1300 UTC,0,"889,9",890,"889,7","1974,3",24,"7,9",24,"21,4","8,1","7,3",41,35,36,43,"5,9","2,5"
2022/08/01,1400 UTC,0,890,"890,1","889,9","2526,2","26,3","7,4","26,5","23,6","8,2","7,2",36,30,30,68,"7,7","3,9"
2022/08/01,1500 UTC,0,"889,3",890,"889,3","2813,1","27,5",7,"27,6",26,"7,7","6,6",31,27,27,64,"7,9","3,8"
2022/08/01,1600 UTC,0,"888,5","889,3","888,5","2903,8","27,6","5,3","28,5","27,1","7,2","3,2",28,21,24,104,"7,2","2,1"
2022/08/01,1700 UTC,0,"887,8","888,5","887,8","2088,2","27,3",5,"28,4",27,"5,4","4,1",24,22,24,43,"6,4","2,4"
2022/08/01,1800 UTC,0,"887,1","887,8","887,1","1971,7","27,6","4,8","28,5","27,2","5,2","4,3",24,22,23,30,"5,4","2,2"
2022/08/01,1900 UTC,0,887,"887,2",887,"756,3","27,5","5,4","28,3","26,4","5,8","4,4",27,22,24,80,5,"1,5"
2022/08/01,2000 UTC,0,"886,9",887,"886,9","645,5",27,5,"27,6","26,5","5,7","4,7",26,24,24,78,"4,5","2,6"
2022/08/01,2100 UTC,0,"887,1","887,1","886,9","138,3",25,"5,3",27,25,"5,5","4,8",28,24,28,74,"4,6","2,2"
2022/08/01,2200 UTC,0,"887,3","887,3","887,1",,"23,8","5,3","25,1","23,8","5,4","5,2",30,28,30,66,"4,4","2,1"
2022/08/01,2300 UTC,0,"887,6","887,6","887,3",,"23,2",5,24,"23,2","5,4",5,31,30,31,63,"4,7","1,9"
2022/08/02,0000 UTC,0,888,888,"887,6",,"20,5",6,"23,3","20,1","6,5",5,40,31,39,127,"3,8","1,4"
2022/08/02,0100 UTC,0,"888,4","888,4",888,,"20,8","5,7","21,6","19,4","7,1","5,7",44,37,37,92,"3,3","1,8"
2022/08/02,0200 UTC,0,"888,4","888,5","888,4",,"20,7","7,6","21,6","19,1","7,7","5,2",43,35,43,93,"3,7","1,7"
2022/08/02,0300 UTC,0,"888,4","888,4","888,3",,"20,2","8,7","20,8","20,1","8,7","7,7",48,43,47,109,"3,8","1,5"
2022/08/02,0400 UTC,0,"888,1","888,4","888,1",,20,"9,7","20,3","19,7","9,7","8,7",52,47,51,86,"4,2","2,4"
2022/08/02,0500 UTC,0,"887,7","888,1","887,7",,"19,7","10,2","20,1","19,5","10,3","9,6",54,51,54,98,"4,5","2,4"
2022/08/02,0600 UTC,0,"887,3","887,7","887,3",,"19,1","10,3","19,8",19,"10,4","10,1",57,54,57,110,"4,8","1,7"
2022/08/02,0700 UTC,0,887,"887,3",887,,19,"10,2","19,1","16,1","10,7","9,9",68,57,57,91,"3,6",2
2022/08/02,0800 UTC,0,"887,2","887,2",887,,"18,8","10,1","19,4","18,8","10,2",10,57,55,57,94,"6,8","3,5"
2022/08/02,0900 UTC,0,"887,6","887,7","887,2",,"17,7","10,2","18,8","17,4","10,2",10,62,57,61,90,"7,3",2
2022/08/02,1000 UTC,0,"888,2","888,2","887,6","7,1",18,10,"18,2","17,7","10,2","9,8",61,59,60,67,6,2
2022/08/02,1100 UTC,0,889,889,"888,2","361,1","19,9","9,9","19,9",18,10,"9,8",60,53,53,68,"4,8","2,1"
2022/08/02,1200 UTC,0,"889,7","889,7",889,"1224,2","21,4","9,9","21,8","19,9","10,3","9,7",53,47,48,72,"6,5","2,9"
2022/08/02,1300 UTC,0,"889,8","889,8","889,7","1953,9","23,7","9,6","24,1","21,3","10,4","9,3",48,40,41,65,"6,7","3,4"
2022/08/02,1400 UTC,0,"889,9",890,"889,8","2516,4",25,"9,4","25,3","23,7","9,8","9,1",41,36,37,74,"8,1","3,7"
2022/08/02,1500 UTC,0,"889,6","889,9","889,5","2841,5","26,1","8,4","26,3",25,"9,3","8,2",37,32,33,101,"7,3","4,3"
2022/08/02,1600 UTC,0,"888,7","889,6","888,7","3021,3","28,2",8,"28,5","26,1","8,9","7,7",33,28,28,70,"7,2","1,8"
2022/08/02,1700 UTC,0,"887,9","888,7","887,9","1914,1","26,5","7,3","28,1","25,7","7,9","5,5",30,25,29,130,"7,4","2,2"
2022/08/02,1800 UTC,0,"887,4",888,"887,3","1682,1","27,1",7,"27,6","25,7","7,7","6,2",31,27,28,85,"8,1","3,7"
2022/08/02,1900 UTC,0,"887,2","887,4","887,2","1901,4","27,4","6,7","27,6","26,7","7,4","6,2",29,26,27,90,"7,3","2,9"
2022/08/02,2000 UTC,0,"887,2","887,3","887,1","1176,8","26,3","6,6","27,7","26,1","7,1","6,3",29,26,29,113,7,"2,9"
2022/08/02,2100 UTC,0,"887,5","887,6","887,2","305,3","24,3","6,3","26,4","24,3","6,8","6,3",31,28,31,106,"6,1",2
2022/08/02,2200 UTC,0,"887,8","887,8","887,5",,"23,7","6,3","24,4","23,6","6,5","6,3",33,31,33,112,6,"2,4"
2022/08/02,2300 UTC,0,"888,4","888,4","887,8",,"23,2","7,4","23,8",23,"7,4","6,2",36,33,36,110,5,"2,5"
2022/08/03,0000 UTC,0,"888,9","888,9","888,3",,"22,2","7,8","23,2","22,2","7,8","7,4",40,36,40,110,5,"1,8"
2022/08/03,0100 UTC,0,"889,2","889,2","888,9",,"21,3",8,"22,3","21,3","8,1","7,7",42,39,42,104,"4,2","2,2"
2022/08/03,0200 UTC,0,"889,3","889,3","889,2",,"20,8","8,5","21,4","20,6","8,5",8,46,42,45,96,"5,1","2,9"
2022/08/03,0300 UTC,0,"889,1","889,4","889,1",,"20,7","8,5","20,8","20,4","8,7","8,5",47,45,46,103,"5,1","2,4"
2022/08/03,0400 UTC,0,"888,7","889,1","888,7",,"20,5","8,4","20,9","20,3","8,7","8,3",46,45,46,108,"4,5","2,3"
2022/08/03,0500 UTC,0,"888,3","888,7","888,3",,20,"8,8","20,5","19,8","8,8","8,3",49,46,49,104,"5,4","2,4"
2022/08/03,0600 UTC,0,"887,8","888,3","887,8",,19,"8,9",20,"18,8","9,1","8,6",53,49,52,100,"4,5","1,9"
2022/08/03,0700 UTC,0,"887,7","887,8","887,7",,19,"9,1","19,2","18,7","9,2","8,9",53,52,53,98,"3,7","2,3"
2022/08/03,0800 UTC,0,"887,8","887,8","887,6",,19,9,"19,2","18,3","9,2",9,54,52,52,95,"6,3","2,9"
2022/08/03,0900 UTC,0,"888,1","888,1","887,8",,"17,8","9,3",19,"17,8","9,4","8,9",58,52,58,101,"5,7","2,2"
2022/08/03,1000 UTC,0,"888,7","888,7","888,1","8,1","17,9","9,3","17,9","17,4","9,4","9,2",59,57,57,90,4,"2,1"
2022/08/03,1100 UTC,0,"889,4","889,4","888,7","423,2","20,2","9,4","20,2","17,8","9,6","9,1",57,50,50,77,"4,4","2,4"
2022/08/03,1200 UTC,0,"889,8","889,8","889,4",1245,"20,9","9,1","21,3","20,2","9,5","8,8",50,46,47,69,"7,8","3,7"
2022/08/03,1300 UTC,0,"890,1","890,2","889,8","1997,1","23,3","9,2","23,4","20,8","9,7",9,47,40,41,67,"6,8","3,5"
2022/08/03,1400 UTC,0,"890,1","890,3",890,"2537,7","24,9",7,25,"23,1","9,4",7,41,32,32,83,7,4
2022/08/03,1500 UTC,,"889,4","890,1","889,4","2889,7","25,1","6,7","25,6","24,2","7,8","6,6",35,30,31,64,"7,9","3,9"
2022/08/03,1600 UTC,0,"888,4","889,4","888,4","2930,5","25,8","6,7","26,3","24,9","7,5","6,3",31,29,30,110,"7,9","3,4"
2022/08/03,1700 UTC,0,"887,6","888,5","887,6","2723,5","26,2","6,9","26,5","25,4","7,5","6,4",31,29,29,83,"8,3","3,3"
2022/08/03,1800 UTC,0,"886,8","887,6","886,8","2414,7","26,6","6,1","27,2",26,"7,1","6,1",29,27,27,60,"6,4","2,7"
2022/08/03,1900 UTC,0,"886,5","886,8","886,5","1840,6","26,8",6,"27,3","26,4","6,5","5,4",28,26,27,81,"6,6","2,8"
2022/08/03,2000 UTC,0,"886,4","886,5","886,3","1076,4","25,8","5,9","26,9","25,7","6,3","5,7",28,27,28,99,6,"3,1"
2022/08/03,2100 UTC,0,"886,6","886,6","886,3","319,2","24,2","6,1","25,9","24,2","6,2","5,8",31,28,31,86,"6,5","2,1"
2022/08/03,2200 UTC,0,"886,9","886,9","886,6",,"22,7","6,8","24,2","22,7","6,9","6,1",36,31,36,93,"4,1",2
2022/08/03,2300 UTC,0,"887,6","887,6","886,9",,"22,4","7,7","22,9",22,"7,7","6,8",39,36,39,114,"5,2","2,4"
2022/08/04,0000 UTC,0,"888,1","888,1","887,5",,"21,3","8,1","22,4","21,2","8,1","7,7",43,39,43,112,"5,4","2,5"
2022/08/04,0100 UTC,0,"888,6","888,6","888,1",,"21,1","8,2","21,3","20,9","8,2","8,1",44,43,43,101,5,"2,6"
2022/08/04,0200 UTC,0,"888,6","888,8","888,6",,"20,4","8,2","21,2","20,3","8,4","8,2",46,43,45,90,"5,5","2,8"
2022/08/04,0300 UTC,0,"888,4","888,6","888,4",,"19,8","8,2","20,6","19,6","8,3","8,1",47,45,47,98,"5,4","2,6"
2022/08/04,0400 UTC,0,888,"888,4",888,,"19,5","7,9",20,"19,4","8,2","7,9",48,46,47,101,"5,4","2,8"
2022/08/04,0500 UTC,0,"887,5",888,"887,5",,"18,4","7,9","19,5","18,4","8,1","7,9",51,47,51,112,"4,5","1,6"
2022/08/04,0600 UTC,0,"887,1","887,5",887,,"18,3","7,9","18,8","17,8",8,"7,5",51,49,51,110,"4,1","2,3"
2022/08/04,0700 UTC,0,"887,1","887,1",887,,18,"8,2","18,4","17,8","8,3","7,9",53,51,53,114,"5,1","2,6"
2022/08/04,0800 UTC,0,"887,1","887,1","886,9",,"17,4","8,2","18,1","17,3","8,3","8,1",55,53,55,103,"5,4","2,5"
2022/08/04,0900 UTC,0,"887,5","887,5","887,1",,"16,8","8,3","17,4","16,6","8,3","8,1",57,55,57,97,"4,9","2,6"
2022/08/04,1000 UTC,0,"888,1","888,1","887,5","8,1","16,8","8,1",17,"16,5","8,3","7,9",58,56,57,89,"4,8","2,2"
2022/08/04,1100 UTC,0,"888,9","888,9","888,1","425,7",19,"8,1","19,1","16,8","8,3","8,1",57,49,49,71,"6,6","3,8"
2022/08/04,1200 UTC,0,"889,4","889,4","888,9","1262,6","20,6","8,3","20,6",19,"8,4","7,9",50,45,45,77,"6,6","4,1"
2022/08/04,1300 UTC,0,"889,9","889,9","889,4","2021,8","23,1","8,2","23,2","20,6","8,7",8,45,39,39,73,"6,4",3
2022/08/04,1400 UTC,0,"889,7",890,"889,7","2589,5","24,8","6,9","24,9","22,5","8,4","6,8",40,32,32,94,"6,5","2,4"
2022/08/04,1500 UTC,0,"889,4","889,7","889,3","2896,7",25,"5,8","25,9",24,"6,9","5,8",33,29,29,115,"5,2",2
2022/08/04,1600 UTC,0,"888,5","889,4","888,5","2942,1",26,"5,6","26,6","24,8","6,3","4,7",29,25,27,37,"5,4","1,7"
2022/08/04,1700 UTC,0,"887,4","888,5","887,4","2766,2",27,"5,6","27,2","25,7","6,4","4,6",28,25,26,77,"5,1","2,2"
2022/08/04,1800 UTC,0,"886,6","887,4","886,6","2394,1",26,"5,1","27,6","25,9","6,2",5,27,25,26,135,"5,7","2,8"
2022/08/04,1900 UTC,0,"886,1","886,6","886,1","1826,9","26,8",5,"27,5","25,8","5,7","4,7",26,24,25,130,"5,6","2,5"
2022/08/04,2000 UTC,0,"886,1","886,1",886,"1077,6","26,6","4,4","27,2","26,4","5,4","3,9",25,23,24,184,"5,6","1,7"
2022/08/04,2100 UTC,0,"886,2","886,2",886,"307,6","24,9","4,9","27,1","24,7","5,7","4,2",28,24,27,99,3,"1,5"
2022/08/04,2200 UTC,0,"886,6","886,6","886,2",,"20,4","6,1","24,9","20,4","6,2","4,8",39,27,39,104,"2,6","1,2"
2022/08/04,2300 UTC,0,"887,2","887,2","886,5",,"20,2","6,4","22,7","19,4","6,6","5,9",43,34,41,94,"2,9","1,3"
2022/08/05,0000 UTC,0,"887,7","887,7","887,2",,"20,8","6,8",22,"20,3","6,8",6,41,36,40,51,"3,2",1
2022/08/05,0100 UTC,0,"888,1","888,2","887,7",,"17,5","7,8","20,7","17,1","7,9","6,7",54,40,53,16,2,"1,3"
2022/08/05,0200 UTC,0,"888,3","888,3","888,1",,17,"7,5","17,5","15,8","8,3","7,4",58,53,54,150,2,"0,6"
2022/08/05,0300 UTC,0,"888,2","888,4","888,2",,"15,2","8,2","17,5","15,2","8,2","7,4",63,54,63,23,"2,3","0,3"
2022/08/05,0400 UTC,0,"887,9","888,2","887,9",,"14,9","7,4","16,2","14,9","8,2","7,4",64,57,61,65,"1,7","0,7"
2022/08/05,0500 UTC,0,"887,4","887,9","887,4",,"15,4","7,5","15,7","14,7","7,6",7,62,57,59,16,"1,6","1,2"
2022/08/05,0600 UTC,0,887,"887,4",887,,"14,9","7,6","15,6","13,8","8,3","7,3",67,59,61,81,"1,5",1
2022/08/05,0700 UTC,0,"886,7","887,1","886,7",,"14,5","7,2","16,7","14,5",8,"6,9",63,54,62,104,"2,1","0,7"
2022/08/05,0800 UTC,0,"886,8","886,8","886,5",,"13,5","7,5","14,8","13,1",8,"7,2",68,62,67,147,"2,1","1,2"
2022/08/05,0900 UTC,0,"887,2","887,2","886,8",,"14,6",8,"14,9",13,"8,7","7,4",72,65,65,148,"2,4","1,1"
2022/08/05,1000 UTC,0,"888,1","888,1","887,2","10,9","12,6","7,9","14,5","12,2","8,5","7,5",76,65,73,137,"1,6","0,6"
2022/08/05,1100 UTC,0,"888,5","888,5",888,"425,2","18,9","9,6","18,9","12,6","10,7","8,1",74,55,55,21,"2,2","0,8"
2022/08/05,1200 UTC,0,"889,1","889,1","888,5","1244,8","22,4","7,9","22,6","18,9","9,3","7,6",55,39,39,95,"5,3","2,9"
2022/08/05,1300 UTC,0,"889,3","889,3","889,1",1983,"24,4","7,6","24,6","22,4","8,4","7,1",40,33,34,86,"5,9","2,9"
2022/08/05,1400 UTC,0,"889,2","889,3","889,1","2561,7","26,4","5,6","26,4","24,4","7,8","5,1",35,26,26,105,"5,8","2,4"
2022/08/05,1500 UTC,0,"888,8","889,2","888,7","2881,5","27,3","4,8","27,4","25,7",6,"4,1",27,23,24,144,6,"1,7"
2022/08/05,1600 UTC,0,"887,9","888,8","887,9","3096,3","27,7","4,2","28,2","26,6","4,8","3,7",24,22,22,148,"5,6",2
2022/08/05,1700 UTC,0,"887,1","887,9","887,1","2319,1","28,3","4,5","28,3","26,7","4,7","3,7",24,22,22,140,"4,3","1,1"
2022/08/05,1800 UTC,0,"886,3","887,1","886,2","1964,3",28,"3,9",29,"27,3","5,1","3,6",23,21,21,193,"5,1","1,7"
2022/08/05,1900 UTC,0,"885,9","886,3","885,8","1042,3",27,"4,1","28,3",27,"4,5","3,7",23,21,23,64,"5,1","1,7"
2022/08/05,2000 UTC,0,"885,9","885,9","885,8",534,"26,8","4,1","27,4","26,8","4,5","3,8",24,22,23,102,"4,1","1,7"
2022/08/05,2100 UTC,0,"886,1","886,1","885,9",197,"23,4","5,8","27,5","23,3","6,1","3,8",32,22,32,60,"2,8","0,7"
2022/08/05,2200 UTC,0,"886,5","886,5","886,1",,"20,6","6,5","23,4","20,6","6,5","5,3",40,32,40,146,"1,6",1
2022/08/05,2300 UTC,0,"886,9","886,9","886,5",,"19,8","6,6","21,9","19,1","6,9","5,9",45,35,42,291,"2,5","0,5"
2022/08/06,0000 UTC,0,"887,4","887,4","886,9",,"19,9",6,"21,1","19,3",7,"5,5",45,37,40,124,"1,9","1,3"
2022/08/06,0100 UTC,0,"887,7","887,7","887,4",,"18,5","7,6","20,6","18,3","7,6","5,5",49,37,49,108,2,"0,5"
2022/08/06,0200 UTC,0,"887,8","887,9","887,7",,"18,7","6,8","21,4","18,3","7,7","6,3",49,38,46,115,"4,2","1,6"
2022/08/06,0300 UTC,0,"887,6","887,8","887,6",,"20,1","7,3","20,4","17,5","8,7","7,2",55,43,43,122,3,"1,8"
2022/08/06,0400 UTC,0,"887,5","887,7","887,4",,"19,7","6,2","20,5","19,1","7,3","5,8",43,39,41,98,"2,8","1,6"
2022/08/06,0500 UTC,0,"887,1","887,5",887,,"15,7",7,"19,7","15,3","7,2","5,9",58,41,56,67,"2,5","0,4"
2022/08/06,0600 UTC,0,"887,1","887,2",887,,15,"7,2","17,7","14,7","7,6",6,60,47,60,345,"2,1","0,6"
2022/08/06,0700 UTC,0,"886,7","887,1","886,7",,"15,5","6,8","15,9","14,5","7,2","6,5",61,55,56,226,"1,2","0,5"
2022/08/06,0800 UTC,0,"886,9","886,9","886,7",,"14,4","6,3","15,8","14,3","6,7","6,2",59,54,58,282,"0,8","0,4"
2022/08/06,0900 UTC,0,"887,2","887,2","886,9",,"15,5","5,6","16,1","14,4","6,6","5,3",58,50,52,159,"1,4","0,6"
2022/08/06,1000 UTC,0,"887,6","887,7","887,2","11,1","15,1","5,8","15,8","14,7",6,"5,4",55,51,54,144,"1,5",1
2022/08/06,1100 UTC,0,"888,3","888,3","887,6","449,1","20,5",6,"20,5","14,9","7,5","5,6",58,39,39,144,"2,7","1,8"
2022/08/06,1200 UTC,0,"888,6","888,6","888,2","1275,1",24,"5,9",24,"20,5","6,2","5,3",39,30,31,124,"4,4","2,6"
2022/08/06,1300 UTC,0,"888,8","888,8","888,5","2045,3","26,4","5,1","26,6",24,"5,8","4,5",31,25,26,118,"4,8","2,8"
2022/08/06,1400 UTC,0,"888,9",889,"888,8",2609,"27,1","1,9","27,5","25,9","5,5","1,8",27,19,20,131,"6,8",4
2022/08/06,1500 UTC,0,"888,5","888,9","888,5","2910,2","27,9","2,7","28,5","26,8","3,1","2,1",21,19,20,140,"6,4","2,4"
2022/08/06,1600 UTC,0,"887,6","888,5","887,5",2939,"28,6",2,"29,3","27,4","3,2","1,9",21,18,18,91,"6,6","2,5"
2022/08/06,1700 UTC,0,"886,5","887,5","886,5","2755,5","29,1","2,1","29,5","28,2","2,5","1,6",18,17,18,30,6,"2,6"
2022/08/06,1800 UTC,0,"885,6","886,5","885,6",2386,"29,2","1,9","29,9","28,7","2,7","1,6",19,17,17,73,"6,2","1,6"
2022/08/06,1900 UTC,0,"885,2","885,6","885,2","1740,5","29,4","2,2","29,9","28,6","2,3","1,5",18,16,18,110,"5,6","2,2"
2022/08/06,2000 UTC,0,"885,3","885,3","885,1","1005,3","28,5","1,3","29,4","28,3","2,2",1,18,17,17,108,"6,2","3,1"
2022/08/06,2100 UTC,0,"885,8","885,8","885,3","264,4",26,"2,6","28,5",26,"2,7","1,1",22,17,22,121,"5,1","1,4"
2022/08/06,2200 UTC,0,"886,2","886,2","885,7",,"21,1","3,6",26,"21,1","4,1","2,7",32,22,32,87,"2,9",1
2022/08/06,2300 UTC,0,"886,8","886,8","886,2",,"23,5","3,9","24,7",21,4,"3,1",33,25,28,112,"3,5","1,9"
2022/08/07,0000 UTC,0,"887,6","887,6","886,8",,"19,7",5,"23,5",19,"5,8","3,8",42,28,38,357,"3,3","0,8"
2022/08/07,0100 UTC,0,888,888,"887,6",,"19,7","4,3","20,1","17,7","5,6","4,3",45,36,36,117,"3,1","1,4"
2022/08/07,0200 UTC,0,"888,1","888,1",888,,"16,9","5,3","21,7","16,9","5,5","3,5",47,30,46,136,"2,6","1,2"
2022/08/07,0300 UTC,0,"887,9","888,1","887,9",,"18,1","4,6","18,5","16,5","5,7","4,6",48,40,41,134,"1,8","1,2"
2022/08/07,0400 UTC,0,"887,5",888,"887,5",,17,"4,5","18,3","16,5","5,1","4,3",45,41,43,141,2,"0,4"
2022/08/07,0500 UTC,0,"887,2","887,5","887,2",,"15,8","5,5","17,1",15,"6,1","4,3",53,43,50,285,"2,2","0,2"
2022/08/07,0600 UTC,0,"886,8","887,2","886,8",,"14,8",5,"16,8","14,7","5,8","4,4",54,45,52,315,"1,8","0,7"
2022/08/07,0700 UTC,0,"886,7","886,8","886,7",,16,"4,9","17,1","14,2",6,"4,8",57,45,48,157,"1,8","0,7"
2022/08/07,0800 UTC,0,"886,9","886,9","886,7",,"18,4","5,6","18,9","16,1","6,1","4,3",51,39,43,72,"1,6","0,8"
2022/08/07,0900 UTC,0,"887,1","887,1","886,9",,"17,4","6,2","18,4","16,8","7,2",5,53,42,48,70,"1,4",1
2022/08/07,1000 UTC,0,"887,8","887,8",887,"9,5","16,4","5,5","18,4","15,8","6,4","4,3",52,40,48,160,"2,9","1,1"
2022/08/07,1100 UTC,0,"888,5","888,5","887,8","454,8","20,8","4,6","20,9","15,8","5,8","4,2",51,33,34,112,"4,5","2,1"
2022/08/07,1200 UTC,0,"889,1","889,1","888,5","1278,5","22,6","6,3","22,6","20,8","6,4","4,1",36,32,35,81,"6,2","2,9"
2022/08/07,1300 UTC,0,"889,3","889,3","889,1","1979,9",24,"7,2","24,5","22,3","7,4","6,2",37,33,34,79,"5,5","2,5"
2022/08/07,1400 UTC,0,"889,2","889,4","889,2","2537,6","26,5","6,9","26,7",24,"7,5","6,6",34,28,29,34,"5,2","2,3"
2022/08/07,1500 UTC,0,"888,2","889,2","888,2","2855,1","27,9","6,2","28,2","26,2","7,2","5,8",29,25,25,58,"6,1","2,7"
2022/08/07,1600 UTC,0,"887,2","888,2","887,2","2880,4","29,7","5,1","29,7","27,7","6,6","4,1",25,21,21,98,"6,7","3,2"
2022/08/07,1700 UTC,0,"886,1","887,2","886,1","2716,7","29,8","4,7",30,"28,3","4,8",4,21,20,20,357,"7,3",3
2022/08/07,1800 UTC,0,"885,2","886,2","885,2","2347,2","30,3","3,2",31,29,"4,8","3,2",21,18,18,72,"7,3","2,3"
2022/08/07,1900 UTC,0,"885,3","885,3","885,1","1764,1","30,3","2,8","30,6","29,4","4,8","2,3",21,17,17,271,"6,9",2
2022/08/07,2000 UTC,0,"885,4","885,4","885,2","1079,9","29,4","3,4","30,6","29,3","3,7","1,7",19,17,19,332,"4,6","2,3"
2022/08/07,2100 UTC,0,"885,9","885,9","885,4","329,4","26,6","4,1","29,7","26,6","4,2","3,1",24,19,24,297,"4,8","1,6"
2022/08/07,2200 UTC,0,"886,4","886,4","885,9",,"23,4","4,8","26,6","23,3","4,9","4,1",30,24,30,331,"3,7","1,6"
2022/08/07,2300 UTC,0,"887,2","887,2","886,4",,"23,7",5,"23,8","21,3","5,2","4,6",35,30,30,84,"3,8","2,2"
2022/08/08,0000 UTC,0,"887,5","887,5","887,2",,"23,4","7,5","24,2","21,5","7,6","5,3",39,30,36,43,"3,4","1,6"
2022/08/08,0100 UTC,0,"887,6","887,6","887,5",,"23,1","7,4","23,7","23,1","7,4","7,2",36,35,36,13,4,2
2022/08/08,0200 UTC,0,"887,7","887,8","887,6",,21,"7,8","23,1",21,"7,9","7,3",43,36,43,20,"3,1","1,4"
2022/08/08,0300 UTC,0,"887,5","887,7","887,5",,"19,1","8,2","21,2","18,9","8,6","7,8",49,43,49,20,"2,3","1,1"
2022/08/08,0400 UTC,0,"887,3","887,5","887,3",,"19,2","8,4","19,6","18,9","8,7",8,51,47,50,344,"2,2",1
2022/08/08,0500 UTC,0,"886,7","887,3","886,7",,19,"8,4","19,3",19,"8,5",8,50,48,50,14,"1,6",1
2022/08/08,0600 UTC,0,"886,6","886,7","886,4",,"17,8",8,19,"17,4","8,4","7,9",54,50,53,274,"2,3","0,8"
2022/08/08,0700 UTC,0,"886,6","886,7","886,6",,"17,5",8,"17,8","16,6","8,3","7,8",56,53,54,304,"2,4","1,4"
2022/08/08,0800 UTC,0,"886,7","886,7","886,5",,"17,3","7,6","18,5","17,2","8,1","7,5",55,50,53,7,"2,6",1
2022/08/08,0900 UTC,0,887,887,"886,7",,"20,2","7,4","20,2","16,9","8,4","7,4",54,43,43,46,"3,9","1,8"
2022/08/08,1000 UTC,0,"887,8","887,8",887,"11,1","18,7","7,8","20,4","18,7","7,8",7,49,43,49,11,"3,6","1,3"
2022/08/08,1100 UTC,0,"888,6","888,6","887,8","366,5","22,1","8,6","22,1","18,4","10,2","7,7",53,42,42,346,"1,8",1
2022/08/08,1200 UTC,0,"889,2","889,2","888,6","1214,4","25,5","6,6","25,5","22,1","8,9","6,1",43,29,30,351,"4,6","2,7"
2022/08/08,1300 UTC,0,"889,6","889,6","889,2","1691,6","26,7","6,3","26,8","25,5","6,8","5,9",30,27,27,10,"5,8","3,2"
2022/08/08,1400 UTC,0,"889,2","889,6","889,1",2595,"28,9","6,4",29,"26,7",7,"5,4",28,23,24,264,"6,3","1,8"
2022/08/08,1500 UTC,0,"888,4","889,2","888,4","2698,2","28,7",6,"29,4","27,9","6,4","5,3",25,23,24,358,"5,9","1,7"
2022/08/08,1600 UTC,0,"887,6","888,4","887,6","2380,3","29,6","5,4","30,6","28,2","6,3","4,9",24,21,22,262,"5,3","2,1"
2022/08/08,1700 UTC,0,"886,6","887,5","886,6","2292,9",29,5,"30,7","28,7","6,1","4,4",23,20,22,143,"6,4",3
2022/08/08,1800 UTC,0,"885,9","886,6","885,9","2280,5","29,3","6,6","31,2","28,9","6,6","4,9",24,20,24,262,"5,1","1,9"
2022/08/08,1900 UTC,0,"885,8","885,9","885,7","917,5","28,1","7,2","30,5","28,1","7,2","5,9",27,22,27,227,"8,1","2,3"
2022/08/08,2000 UTC,0,"885,9",886,"885,7","347,2","27,7","7,2","28,9","27,6","7,5","6,8",28,26,27,214,"4,9",2
2022/08/08,2100 UTC,0,"886,3","886,3","885,9",249,"26,6","7,4","28,2","26,6","7,6","7,1",30,27,30,170,"5,3","1,5"
2022/08/08,2200 UTC,0,"886,8","886,8","886,3",,"24,3","7,5","26,8","24,3","7,5","7,2",34,29,34,164,"5,1","1,2"
2022/08/08,2300 UTC,0,"887,5","887,5","886,8",,"23,2","7,7","24,4","22,3","8,2","7,4",39,34,37,141,"3,2",1
2022/08/09,0000 UTC,0,"888,5","888,5","887,4",,"22,7","9,9","23,7","20,7","9,9","7,5",45,36,44,178,"6,1","2,9"
2022/08/09,0100 UTC,0,"888,8","888,9","888,5",,"21,4","11,6","22,7","21,2","11,6","9,6",54,44,54,163,"6,1","2,8"
2022/08/09,0200 UTC,0,"888,7","888,9","888,7",,"20,2","11,7","21,4","20,2","11,8","11,5",58,54,58,162,"5,8","2,4"
2022/08/09,0300 UTC,0,"888,8","888,9","888,7",,"19,8","11,8","20,3","19,8","11,9","11,7",60,58,60,155,6,"3,1"
2022/08/09,0400 UTC,0,"888,3","888,8","888,3",,"18,8","11,9","19,9","18,8","11,9","11,8",64,60,64,161,"7,5","2,2"
2022/08/09,0500 UTC,0,"887,9","888,3","887,8",,"18,4",12,"18,9","18,4",12,"11,8",66,64,66,136,"5,5","2,7"
2022/08/09,0600 UTC,0,"887,8","887,9","887,7",,"17,9",12,"18,6","17,9","12,1","11,9",68,66,68,147,"5,3","2,4"
2022/08/09,0700 UTC,0,888,"888,1","887,8",,"17,3","11,9",18,"17,3","12,1","11,8",70,68,70,140,"5,5","2,1"
2022/08/09,0800 UTC,0,"888,3","888,3",888,,"17,1","11,5","17,6",17,"11,9","11,5",70,69,70,140,5,"2,1"
2022/08/09,0900 UTC,0,889,889,"888,3",,"16,2","11,4","17,1","15,8","11,6",11,74,70,73,152,"3,9","1,5"
2022/08/09,1000 UTC,0,"889,6","889,6",889,"13,7","15,9","11,4","16,5","15,5","11,5",11,76,72,75,156,"3,5","1,3"
2022/08/09,1100 UTC,0,"890,2","890,2","889,6","450,1",19,11,"19,2","15,9","11,6",11,75,60,60,121,4,2
2022/08/09,1200 UTC,0,"890,9","890,9","890,2","1249,7","20,6",11,"20,8",19,"11,4","10,8",60,54,54,131,"6,3","3,5"
2022/08/09,1300 UTC,0,"890,7","890,9","890,7","1976,2","23,5",11,"23,6","20,6","11,5","10,7",55,45,45,72,"6,3","2,3"
2022/08/09,1400 UTC,0,"890,1","890,7","890,1","2570,7","25,6","10,9","25,6","23,3","11,3",10,46,39,40,80,"5,8","2,4"
2022/08/09,1500 UTC,0,"889,5","890,1","889,5","2873,1","27,7","9,2","27,7","25,3","10,7","8,7",40,31,31,74,"6,6","2,5"
2022/08/09,1600 UTC,0,"888,7","889,6","888,7","2861,5","28,5","7,9","29,3",27,9,"7,4",31,26,27,54,"6,7","2,3"
2022/08/09,1700 UTC,0,"887,7","888,7","887,7","2195,4","28,6","7,4","29,4","28,1","8,3",7,28,26,26,86,"5,3","2,2"
2022/08/09,1800 UTC,0,"887,1","887,7","887,1","1332,4","28,6","7,1","29,4",28,"8,1","6,9",28,25,26,17,5,"1,2"
2022/08/09,1900 UTC,0,887,"887,1","886,9","944,3","28,5","7,5","28,8","28,1","8,2","7,1",28,26,27,2,"4,6","2,4"
2022/08/09,2000 UTC,0,"887,1","887,1","886,9","676,6","27,7","7,9","29,1","27,7","8,2","7,3",29,26,29,342,"4,2","2,1"
2022/08/09,2100 UTC,0,"887,6","887,6","887,1","281,8",26,"7,9","27,6",26,"8,1","7,8",32,29,32,328,"6,5","2,1"
2022/08/09,2200 UTC,0,"888,2","888,2","887,6","2,4","23,6","8,5",26,"23,2","8,9","7,9",40,32,38,311,4,"1,4"
2022/08/09,2300 UTC,0,"888,8","888,8","888,2",,23,"8,4","24,1","21,5","8,9","8,2",45,37,39,357,"4,2",2
2022/08/10,0000 UTC,0,"889,3","889,3","888,8",,"19,4","9,1","23,1","19,4","9,2","8,2",51,39,51,330,"3,2",1
2022/08/10,0100 UTC,0,"889,3","889,4","889,3",,"19,1","9,3","19,9","19,1","9,4",9,53,50,53,331,"2,3","1,4"
2022/08/10,0200 UTC,0,"889,6","889,6","889,3",,"19,7","9,3","20,6","18,8","9,8",9,55,49,51,331,"3,1","1,7"
2022/08/10,0300 UTC,0,"889,4","889,7","889,4",,"19,7","9,1",20,"19,2","9,4",9,53,49,51,340,"2,6","1,8"
2022/08/10,0400 UTC,0,889,"889,4",889,,"17,7","9,3","19,8","17,7","9,4",9,58,50,58,310,"2,6","1,4"
2022/08/10,0500 UTC,0,"888,7",889,"888,5",,"20,1","9,5","20,2","17,2",10,9,59,50,50,229,"5,2","2,2"
2022/08/10,0600 UTC,0,"888,6","888,8","888,6",,"20,1","10,9","20,9","20,1","10,9","9,5",55,49,55,214,"6,6","3,4"
2022/08/10,0700 UTC,0,"888,5","888,6","888,4",,"18,1","12,4","20,1","18,1","12,4","10,9",69,55,69,211,"10,1","4,7"
2022/08/10,0800 UTC,0,"888,9","888,9","888,5",,"16,7","13,2","18,1","16,7","13,3","12,5",80,69,80,215,"9,6","5,1"
2022/08/10,0900 UTC,0,"889,2","889,2","888,9",,"16,9","13,7","16,9","16,7","13,7","13,3",81,80,81,210,"9,9","4,4"
2022/08/10,1000 UTC,0,890,890,"889,2","11,3","16,6","13,7","16,9","16,6","13,8","13,6",83,81,83,210,"9,6","3,6"
2022/08/10,1100 UTC,0,"890,5","890,5",890,"498,7","17,8","13,4","17,8","16,6","13,7","13,2",83,75,76,210,"7,4","3,1"
2022/08/10,1200 UTC,0,"890,5","890,6","890,4","1154,2","19,5","12,6","19,7","17,8","13,6","12,6",76,64,65,185,"6,6","2,6"
2022/08/10,1300 UTC,0,"890,7","890,8","890,5","1847,4","22,1","12,1","22,1","19,3","12,9","11,5",65,53,53,205,"5,7","2,3"
2022/08/10,1400 UTC,0,"890,3","890,7","890,3","2447,4","23,4","10,7","24,4","22,2","12,3","10,7",53,44,45,228,"6,8","2,5"
2022/08/10,1500 UTC,0,"889,7","890,3","889,7","2214,8","24,4",11,"24,8","23,3","11,7","10,7",47,43,43,245,"7,6","2,7"
2022/08/10,1600 UTC,0,"888,5","889,7","888,5","2454,5","25,7","11,3","26,7","23,6","11,6","10,3",44,38,40,247,"6,5","2,5"
2022/08/10,1700 UTC,0,"887,5","888,5","887,5","2333,2","27,4","10,8","27,6","25,4","11,7","10,2",41,35,35,290,"7,8","2,6"
2022/08/10,1800 UTC,0,"886,8","887,5","886,8","1290,3","25,9","10,7","27,5","25,7","11,4","10,2",39,35,39,289,"9,1","3,6"
2022/08/10,1900 UTC,0,"886,8","886,9","886,6","419,1","25,5","10,5","26,3","25,4","10,8","10,2",40,37,39,291,"8,4",3
2022/08/10,2000 UTC,0,"886,8","886,9","886,8","410,3","25,4","10,8","25,5","25,2","10,9","10,1",40,38,40,284,"7,2","3,1"
2022/08/10,2100 UTC,0,"887,2","887,3","886,8","196,8","22,2","13,2","25,4","22,2","13,3","10,8",57,40,57,220,"6,4","2,8"
2022/08/10,2200 UTC,0,"887,7","887,7","887,2",,"20,5","13,3","22,2","20,5","13,3","13,2",63,57,63,221,"6,4","1,7"
2022/08/10,2300 UTC,0,"888,2","888,2","887,7",,"19,5","12,7","20,5","19,5","13,3","12,7",65,63,65,218,"5,3","2,1"
2022/08/11,0000 UTC,0,"888,7","888,7","888,1",,"18,3","11,5","19,5","18,3","12,7","11,5",67,64,64,207,"6,9","3,2"
2022/08/11,0100 UTC,0,"889,4","889,4","888,7",,"16,8","10,9","18,4","16,8","11,4","10,9",68,63,68,183,"7,1",3
2022/08/11,0200 UTC,0,"889,6","889,6","889,4",,"14,6","9,8","16,8","14,6","10,9","9,8",73,68,73,176,"6,7","2,1"
2022/08/11,0300 UTC,0,"889,4","889,6","889,3",,14,"8,3","14,6",14,"9,8","8,3",73,68,68,176,"5,7","2,6"
2022/08/11,0400 UTC,0,"888,9","889,4","888,8",,"13,4","7,1",14,"13,4","8,2","7,1",68,65,66,183,"5,7","2,2"
2022/08/11,0500 UTC,0,"888,2","888,9","888,2",,"12,8","5,7","13,4","12,8","7,3","5,6",67,61,62,186,"5,4","2,1"
2022/08/11,0600 UTC,0,"887,9","888,2","887,8",,"12,1",6,"12,8","12,1",6,"5,5",66,62,66,177,"5,2","2,1"
2022/08/11,0700 UTC,0,"887,4","887,9","887,4",,"11,4","5,4","12,1","11,4",6,"5,4",68,66,66,176,"5,7","2,7"
2022/08/11,0800 UTC,0,"887,7","887,7","887,3",,"10,8","5,5","11,5","10,8","5,6","5,4",70,66,70,174,"5,6","2,6"
2022/08/11,0900 UTC,0,"887,8","887,8","887,6",,"10,4","4,6","10,9","10,4","5,5","4,6",70,67,67,157,"5,7","2,8"
2022/08/11,1000 UTC,0,"888,2","888,3","887,8","14,3","10,1","4,3","10,4",10,"4,6","4,2",68,67,67,162,"7,7","2,5"
2022/08/11,1100 UTC,0,"889,1","889,1","888,2",393,"11,6",4,"11,6","10,1","4,3","3,9",67,59,59,174,"5,3","2,6"
2022/08/11,1200 UTC,0,"889,6","889,7",889,"1164,9","13,3","4,1","13,5","11,4","4,4","3,6",60,53,53,170,"7,3","3,6"
2022/08/11,1300 UTC,0,"890,1","890,1","889,6","1621,4","15,7","1,2","16,6","13,4","4,4","0,7",53,36,37,134,"7,3","3,5"
2022/08/11,1400 UTC,0,"890,3","890,3","890,1",2413,"17,7","1,6","17,9","15,6","2,4","0,8",39,33,34,143,"5,6","2,9"
2022/08/11,1500 UTC,0,890,"890,3",890,"2633,8","19,2",2,"19,7","17,4","2,1","1,1",35,31,32,105,"5,3","2,1"
2022/08/11,1600 UTC,0,889,890,889,"3006,6","21,4","2,9","22,3","19,2","3,7","2,1",32,29,30,153,"4,9","1,4"
2022/08/11,1700 UTC,0,888,889,888,"2727,7","23,3","4,1","23,7","21,2","4,4","3,1",31,28,29,119,"5,2","2,3"
2022/08/11,1800 UTC,0,"887,1",888,"887,1",2364,"25,2",5,"25,3","23,3","5,1",4,29,27,27,139,"4,1","1,7"
2022/08/11,1900 UTC,0,887,"887,1","886,9","1469,2",26,"7,4","26,1","24,6","7,4","4,6",31,27,31,293,"4,6","1,8"
2022/08/11,2000 UTC,0,"887,3","887,3","886,9","601,6","24,4","6,2",26,"24,2","7,7","5,9",33,30,31,257,"8,6","1,8"
2022/08/11,2100 UTC,0,"887,8","887,8","887,3","219,8","21,8","5,6","24,5","21,8","6,3","5,2",35,31,35,130,"4,4","1,9"
2022/08/11,2200 UTC,0,"888,5","888,5","887,8","1,9",20,"5,5","21,8",20,"5,9","5,4",39,35,39,141,"4,1","2,2"
2022/08/11,2300 UTC,0,"889,2","889,2","888,5",,19,"5,5","20,1","18,8","5,6","5,2",41,39,41,134,"3,6","1,7"
2022/08/12,0000 UTC,0,"889,8","889,8","889,2",,18,"5,3",19,18,"5,9","5,2",44,41,43,136,"3,2","2,1"
2022/08/12,0100 UTC,0,890,"890,1","889,8",,"16,1","5,4","18,1","16,1","5,5","5,2",49,43,49,157,"3,2","1,1"
2022/08/12,0200 UTC,0,"890,5","890,5",890,,"16,2","5,7","16,5","14,7","5,9","5,3",54,48,50,123,"3,2","1,9"
2022/08/12,0300 UTC,0,"890,5","890,6","890,4",,"15,6","5,7","16,3","15,6","5,8","5,4",52,49,52,135,"3,3","1,7"
2022/08/12,0400 UTC,0,"890,1","890,5","890,1",,"12,1","5,8","15,6","12,1",6,"5,2",65,52,65,128,"2,5",1
2022/08/12,0500 UTC,0,"889,7","890,2","889,6",,"12,4","5,9","14,3","11,9","6,6","5,4",66,58,65,128,3,"1,6"
2022/08/12,0600 UTC,0,"889,2","889,7","889,2",,"12,7","4,9","12,7","11,1",6,"4,9",68,59,59,120,"2,6","1,7"
2022/08/12,0700 UTC,0,"888,9","889,2","888,9",,"12,6","4,2","14,7","12,6","4,9",4,59,49,56,127,"2,9","1,6"
2022/08/12,0800 UTC,0,889,"889,1","888,8",,"14,4","3,7","14,5","11,2","4,7","3,7",63,48,49,111,"3,1","1,7"
2022/08/12,0900 UTC,0,"889,4","889,4",889,,"14,6","3,9","14,6","10,5","4,8","3,7",66,49,49,115,"4,1","2,2"
2022/08/12,1000 UTC,0,"890,1","890,1","889,4","14,9","14,2","4,4","14,6","13,9","4,5","3,9",53,49,51,122,"4,1",2
2022/08/12,1100 UTC,0,"890,8","890,8","890,1","390,8","16,1","3,6","16,2",14,"4,9","3,6",54,43,43,111,"5,2","3,2"
2022/08/12,1200 UTC,0,"891,7","891,7","890,8","1234,2","17,5","4,7","17,8",16,"4,7","3,7",45,41,43,121,"6,8","3,5"
2022/08/12,1300 UTC,0,"892,1","892,2","891,7","1995,9","20,7",4,"20,7","17,4","5,1","3,5",44,32,33,112,"5,9","2,3"
2022/08/12,1400 UTC,0,"891,9","892,1","891,8",2611,"22,9","4,6",23,20,"4,7","3,2",33,29,30,95,6,"3,1"
2022/08/12,1500 UTC,0,"891,3",892,"891,3","3021,3","24,7","4,4","24,7","22,5","4,7","3,8",31,27,27,84,"6,2","2,5"
2022/08/12,1600 UTC,0,"890,2","891,3","890,2","3033,5","25,8","5,2","25,8",24,"5,2","3,9",28,26,27,118,"5,2","2,4"
2022/08/12,1700 UTC,0,"889,1","890,2","889,1",2812,"27,5","5,8","27,5","25,6","5,9",5,27,25,25,76,6,"2,8"
2022/08/12,1800 UTC,0,"888,4","889,1","888,4","2279,8","26,9","5,7","28,4","26,9","6,3","5,5",26,24,26,85,6,"1,8"
2022/08/12,1900 UTC,0,"888,2","888,4","888,2","1573,4","27,7","5,7","29,1","26,7","6,8","5,5",27,23,25,330,"7,2","2,3"
2022/08/12,2000 UTC,0,"888,2","888,3","888,2","1160,6","27,4","5,6","28,3","27,2",6,5,25,24,25,344,"6,2","2,5"
2022/08/12,2100 UTC,0,"888,7","888,7","888,2","295,9","24,8","5,6","27,6","24,8","5,8","5,1",29,24,29,358,6,"1,3"
2022/08/12,2200 UTC,0,"889,2","889,2","888,7",,21,"6,2","24,8",21,"6,4","5,4",38,29,38,15,"2,1","0,5"
2022/08/12,2300 UTC,0,"889,8","889,8","889,2",,"22,6","5,6","22,8","20,5","6,4","5,6",39,33,33,87,"2,8","1,8"
2022/08/13,0000 UTC,0,"890,4","890,4","889,8",,"21,9","6,7","23,2","20,9","7,5","5,7",40,32,38,111,"5,3","2,4"
2022/08/13,0100 UTC,0,"890,8","890,8","890,4",,"19,9","7,1","22,1","19,8","7,2","6,6",44,37,44,137,"3,6","1,6"
2022/08/13,0200 UTC,0,"891,1","891,1","890,8",,17,"7,5","20,8","16,9","7,8","7,1",54,42,54,68,"3,5","0,7"
2022/08/13,0300 UTC,0,891,"891,1","890,9",,"17,9","6,9","18,3",16,"7,9","6,9",58,48,49,99,"2,5","1,3"
2022/08/13,0400 UTC,0,"890,4",891,"890,4",,"15,4","7,1","17,8","14,7","7,5","6,6",61,49,58,173,"2,7","0,9"
2022/08/13,0500 UTC,0,"889,9","890,5","889,9",,"14,8","7,3","15,7","14,8","7,5","7,1",61,58,61,127,"1,4","0,7"
2022/08/13,0600 UTC,0,"889,7","889,9","889,6",,"13,6",7,"16,2","13,6","7,7","6,7",65,57,64,144,"1,9","0,4"
2022/08/13,0700 UTC,0,"889,6","889,8","889,6",,"15,6","6,8","16,8","13,3","7,7","6,6",66,54,56,118,"4,2","1,5"
2022/08/13,0800 UTC,0,"889,8","889,8","889,5",,"17,1",8,"17,5","15,2",8,"6,8",58,52,55,106,"4,5","2,3"
2022/08/13,0900 UTC,0,"890,2","890,2","889,8",,"16,6","8,2","17,2","15,3","8,3","7,6",61,55,58,117,5,"2,9"
2022/08/13,1000 UTC,0,"891,1","891,1","890,2","5,1","16,1","9,2","16,6","16,1","9,2","8,2",64,58,64,115,"5,4","2,6"
2022/08/13,1100 UTC,0,"891,8","891,9","891,1","455,6","17,6","10,3","17,7","16,1","10,4","9,2",64,62,62,110,"7,4","3,7"
2022/08/13,1200 UTC,0,"892,4","892,4","891,8","1314,8",19,"11,1","19,3","17,5","11,3","10,3",63,59,60,89,"8,4","4,6"
2022/08/13,1300 UTC,0,"893,1","893,1","892,4","2065,4","20,9","11,7","21,3",19,"11,9","11,1",61,54,56,107,"8,4","2,7"
2022/08/13,1400 UTC,0,"892,7","893,1","892,7","2624,1","23,2","12,3","23,6","20,7","12,6","11,5",56,49,50,114,"6,6","3,4"
2022/08/13,1500 UTC,0,"892,3","892,7","892,3","2836,3","25,4","11,3","25,5","23,2","12,7","11,1",50,41,41,85,"7,4","3,9"
2022/08/13,1600 UTC,0,"891,6","892,3","891,6","2978,5","26,8",9,"27,1","25,2","11,9",9,42,33,33,61,"6,9","2,2"
2022/08/13,1700 UTC,0,"890,8","891,6","890,8","2170,4","27,3","7,7","27,8","25,6","9,5","7,6",35,29,29,89,"5,3","2,2"
2022/08/13,1800 UTC,0,"890,3","890,8","890,3","1841,4","26,9","8,7","28,4","26,4","9,2","7,3",32,28,32,156,"5,9","3,4"
2022/08/13,1900 UTC,0,"889,8","890,3","889,8","1767,1","27,2","8,3",28,"26,3","9,2","8,1",33,29,30,107,"5,9","2,5"
2022/08/13,2000 UTC,0,"889,7","889,8","889,7","1109,6","26,6","8,5","27,7","26,6","9,1","8,3",32,30,32,89,6,"3,4"
2022/08/13,2100 UTC,0,890,890,"889,7","327,4","24,9","9,1","26,6","24,9","9,1","8,5",37,32,37,93,"6,4","2,8"
2022/08/13,2200 UTC,0,"890,5","890,5",890,"0,4","23,9","9,5","24,9","23,7","9,6",9,41,37,40,105,"5,8","2,9"
2022/08/13,2300 UTC,0,"890,9","890,9","890,5",,"22,7","9,5","23,9","22,6","9,5","9,3",43,40,43,101,"5,8","2,6"
2022/08/14,0000 UTC,0,"891,5","891,5","890,9",,"21,9","10,2","22,7","21,9","10,3","9,5",48,43,48,96,"6,5","3,2"
2022/08/14,0100 UTC,0,"891,7","891,8","891,4",,"20,8","11,1","21,9","20,8","11,1","10,3",54,48,54,91,"6,9","3,6"
2022/08/14,0200 UTC,0,"891,9",892,"891,7",,"20,1","11,7","20,8",20,"11,7","11,1",59,54,59,83,"7,7","2,3"
2022/08/14,0300 UTC,0,"891,8","891,9","891,8",,"19,5","11,6","20,1","19,5","11,9","11,6",61,59,60,62,"5,8","1,9"
2022/08/14,0400 UTC,0,"891,2","891,9","891,2",,"19,1","11,7","19,7","19,1","11,8","11,6",62,60,62,73,"6,3","2,6"
2022/08/14,0500 UTC,0,"890,6","891,2","890,6",,"19,2","11,5","19,2","18,7","11,7","11,4",63,61,61,75,6,"2,7"
2022/08/14,0600 UTC,0,"890,5","890,7","890,5",,"18,2","11,4","19,4","18,2","11,5","11,4",65,61,64,67,"7,6","2,2"
2022/08/14,0700 UTC,0,"890,1","890,5","890,1",,"17,8","11,3","18,3","17,7","11,5","11,2",67,64,66,77,"6,4","3,4"
2022/08/14,0800 UTC,0,"890,1","890,1","889,9",,"17,2","11,2","17,8","17,1","11,3","11,1",68,66,68,80,"6,4","3,2"
2022/08/14,0900 UTC,0,"890,3","890,3",890,,"16,6","10,9","17,3","16,6","11,2","10,9",69,67,69,84,"5,9","2,5"
2022/08/14,1000 UTC,0,"890,7","890,7","890,2",19,"16,6","10,8","16,7","16,2","10,9","10,6",70,68,68,87,"5,2","2,3"
2022/08/14,1100 UTC,0,891,891,"890,7","520,2","18,2","10,9","18,2","16,6","10,9","10,6",68,62,62,101,"4,5","2,7"
2022/08/14,1200 UTC,0,"891,8","891,8",891,"1368,4","19,1","10,7","19,2","17,8","11,1","10,5",63,58,58,96,"7,4","4,2"
2022/08/14,1300 UTC,0,"892,2","892,2","891,8","2127,1","21,2","10,9","21,5","18,9","11,3","10,6",59,51,52,79,"7,4","3,3"
2022/08/14,1400 UTC,0,"891,8","892,3","891,8",2692,"23,5","9,9","23,5","21,2","11,1","9,8",52,42,42,110,"7,3","4,6"
2022/08/14,1500 UTC,0,"891,1","891,8","891,1","3009,2","24,2","9,4","24,9",23,"10,2","9,1",43,38,39,69,"7,7",4
2022/08/14,1600 UTC,0,"890,6","891,1","890,5","3039,2","25,4","7,7","25,8","24,2","9,7",7,39,31,32,128,"7,7","2,7"
2022/08/14,1700 UTC,0,"889,3","890,6","889,3","2849,7","25,8","6,8","26,7","24,9","7,8","6,4",33,29,30,151,"6,3","2,6"
2022/08/14,1800 UTC,0,"888,7","889,3","888,6","2485,6","26,3","5,1","27,2","25,8","7,3","5,1",30,26,26,144,"6,1","2,7"
2022/08/14,1900 UTC,0,"888,1","888,6","888,1","1944,1","26,7","4,9","27,3","25,8",6,"4,3",27,24,25,38,"5,7","2,3"
2022/08/14,2000 UTC,0,"888,1","888,1",888,"1174,8","25,9","5,4","27,2","25,9","5,9","4,6",27,24,27,106,"6,2","2,6"
2022/08/14,2100 UTC,0,"888,4","888,4","888,1","369,1",24,"5,3",26,24,"5,7",5,30,27,30,101,"5,1",2
2022/08/14,2200 UTC,0,"888,7","888,7","888,4","0,4","22,9","5,7","24,1","22,9","5,9","5,3",33,30,33,93,"5,3","2,6"
2022/08/14,2300 UTC,0,"889,2","889,2","888,7",,"21,6","6,7","22,9","21,6","6,7","5,7",38,33,38,104,"5,6","2,5"
2022/08/15,0000 UTC,0,"889,7","889,7","889,2",,"20,7","6,7","21,6","20,7",7,"6,6",40,38,40,88,"6,5","2,9"
2022/08/15,0100 UTC,0,890,"890,1","889,7",,"20,1","7,2","20,8","19,9","7,3","6,6",44,40,43,85,"5,7","3,3"
2022/08/15,0200 UTC,0,890,"890,1","889,9",,"19,5","7,1","20,1","19,5","7,4","7,1",45,43,45,96,"6,7","3,6"
2022/08/15,0300 UTC,0,"889,8",890,"889,8",,18,"7,5","19,5",18,"7,5","7,1",50,45,50,118,"6,1",2
2022/08/15,0400 UTC,0,"889,5","889,8","889,5",,"17,3","7,7","18,2","17,2","7,8","7,5",54,50,53,118,"3,8","2,1"
2022/08/15,0500 UTC,0,889,"889,5",889,,"16,6","7,6","17,4","16,6","7,8","7,6",56,53,55,116,"3,6","1,9"
2022/08/15,0600 UTC,0,"888,5",889,"888,5",,"16,2","7,4",17,"16,1","7,7","7,4",56,54,56,124,"3,8","1,8"
2022/08/15,0700 UTC,0,"888,3","888,5","888,2",,"16,2","6,7","16,8","16,1","7,5","6,7",56,52,53,104,"5,4","2,5"
2022/08/15,0800 UTC,0,"888,1","888,3","888,1",,"15,5","6,7","16,3","15,4","6,8","6,6",56,53,56,98,"4,9","2,9"
2022/08/15,0900 UTC,0,"888,3","888,4","888,1",,"14,8","6,7","15,6","14,7","6,8","6,6",59,56,58,100,"4,8","2,2"
2022/08/15,1000 UTC,0,"888,8","888,8","888,3","22,4","15,2","6,8","15,2","14,5","6,9","6,6",59,57,57,88,"5,3",2
2022/08/15,1100 UTC,0,"889,3","889,3","888,8","540,5","17,5","6,6",18,"15,2","7,1","6,5",57,48,49,78,"4,4","2,4"
2022/08/15,1200 UTC,0,"889,8","889,8","889,3","1393,4","20,3","6,5","20,3","17,5",7,"6,3",49,41,41,59,"4,8","2,8"
2022/08/15,1300 UTC,0,890,"890,1","889,8","2156,7",23,"6,7",23,"20,3","6,7","5,9",41,33,35,45,"5,7","3,1"
2022/08/15,1400 UTC,0,"889,7","890,1","889,7","2716,6","24,2","6,5","24,4","22,6","6,8","6,1",35,32,32,93,"6,4","3,6"
2022/08/15,1500 UTC,0,"889,1","889,7","889,1","3014,3","25,8","5,7","26,4","24,1","6,7","5,3",32,27,28,31,"6,5","1,8"
2022/08/15,1600 UTC,0,"888,2","889,2","888,2","3035,1","27,5","5,2","27,7","25,3","6,2","4,5",28,24,24,72,"6,3","2,5"
2022/08/15,1700 UTC,0,"887,1","888,2","887,1","2843,1","26,8","5,3",28,"25,9","5,9","4,7",26,24,25,96,"6,5","2,7"
2022/08/15,1800 UTC,0,"886,5","887,1","886,4","2460,6","27,2","5,4","27,6","26,6","5,9",5,26,24,25,125,"8,5","2,9"
2022/08/15,1900 UTC,0,886,"886,5",886,"1886,4","27,2","4,8","28,1","27,1","5,5","4,7",25,23,24,85,"6,7","3,8"
2022/08/15,2000 UTC,0,886,886,"885,9","1122,9","26,3",5,"27,5","26,3","5,3","4,5",26,24,26,93,"6,5",3
2022/08/15,2100 UTC,0,"886,2","886,2",886,"352,4","24,6","5,8","26,4","24,6","5,8","5,2",30,26,30,53,"6,3",3
2022/08/15,2200 UTC,0,"886,6","886,6","886,2","1,3","22,7","6,2","24,6","22,6","6,2","5,8",34,30,34,37,"7,1","2,7"
2022/08/15,2300 UTC,0,"887,3","887,3","886,6",,"21,5","5,6","22,7","21,5","6,2","5,6",36,34,35,50,"6,7","2,3"
2022/08/16,0000 UTC,0,"887,9","887,9","887,3",,"21,2","5,8","21,7","21,1","5,8","5,5",37,35,37,43,"4,9",2
2022/08/16,0100 UTC,0,888,888,"887,9",,"20,6","5,9","21,2","20,6",6,"5,8",39,37,39,40,"4,6","1,6"
2022/08/16,0200 UTC,0,"888,3","888,3",888,,"18,1","6,3","20,7","17,9","6,6","5,9",47,38,46,11,"3,3","1,2"
2022/08/16,0300 UTC,0,"888,5","888,5","888,3",,"15,9","6,8","18,1","15,9","6,8","6,3",55,46,55,5,"2,2","1,2"
2022/08/16,0400 UTC,0,"888,3","888,5","888,3",,"17,2","6,7","17,2",16,7,"6,5",55,50,50,355,"2,2","1,2"
2022/08/16,0500 UTC,0,"888,1","888,4","888,1",,"18,5",7,"18,9","17,2","7,4","6,7",50,45,47,12,"2,3","1,1"
2022/08/16,0600 UTC,0,"887,9","888,1","887,8",,"18,1","7,7","18,5","17,4","8,2","6,9",54,47,50,105,"2,6","1,3"
2022/08/16,0700 UTC,0,"887,8","887,9","887,6",,"16,2","7,8","18,9",16,"9,1","7,2",58,49,57,57,"3,3","0,9"
2022/08/16,0800 UTC,0,"888,1","888,1","887,8",,"17,1","8,5","18,8","16,1","8,6","7,1",60,47,57,17,"2,5","0,5"
2022/08/16,0900 UTC,0,"888,4","888,4",888,,"16,4","8,6","17,5","15,5","8,6","7,3",62,52,60,144,"2,1","0,4"
2022/08/16,1000 UTC,0,"888,9","888,9","888,4","11,6","17,3","8,9","17,3","15,6","9,3","8,2",63,58,58,175,"1,4","0,3"
2022/08/16,1100 UTC,0,"889,6","889,6","888,9","201,5","19,8","9,4","19,8","17,1","10,6","8,7",63,51,51,145,1,"0,5"
2022/08/16,1200 UTC,0,"890,1","890,2","889,6","607,9","22,2","7,6","22,3","19,8","9,5","7,4",51,39,39,64,"2,5","1,4"
2022/08/16,1300 UTC,0,"890,4","890,5","890,1","1144,7","23,3","7,6","23,5","22,2","7,9","7,2",39,36,37,78,"4,9",3
2022/08/16,1400 UTC,0,"890,2","890,5","890,2","2694,3","25,4","6,3","26,5","23,3","8,1","6,3",37,29,30,80,"5,4","2,3"
2022/08/16,1500 UTC,0,"889,7","890,3","889,7","1371,4",25,"7,2","26,1","24,7","7,3","5,2",33,26,32,84,"5,9","3,5"
2022/08/16,1600 UTC,0,889,"889,7",889,"1346,3","25,6","7,5","25,6","24,7","7,5",7,33,31,32,92,"6,8","3,1"
2022/08/16,1700 UTC,0,"888,1","889,1","888,1","1889,8","26,5","6,5","26,6","25,2","7,4","6,4",32,28,28,74,"5,7","2,1"
2022/08/16,1800 UTC,0,"887,1","888,1","887,1","2267,5","27,7","5,7","28,3","25,6","6,7","5,4",28,25,25,36,"6,5","2,2"
2022/08/16,1900 UTC,0,"886,7","887,1","886,7",1033,"26,4",5,"27,6","26,1","5,8","4,6",27,24,25,11,"4,4","2,2"
2022/08/16,2000 UTC,0,"886,8","886,8","886,6","772,5","26,1","5,3","27,6",26,"5,5","4,5",26,23,26,86,"5,6","2,2"
2022/08/16,2100 UTC,0,"886,9","886,9","886,8","135,3","25,3","5,5","26,1","25,3","5,5",5,28,26,28,42,"3,6","1,2"
2022/08/16,2200 UTC,0,"887,2","887,2","886,9","0,8","23,6","5,8","25,3","23,6","5,8","5,5",32,28,32,45,"4,4","1,7"
2022/08/16,2300 UTC,0,"887,7","887,7","887,2",,"22,9","6,2","23,6","22,9","6,2","5,8",34,32,34,45,4,"1,7"
2022/08/17,0000 UTC,0,"887,9","887,9","887,7",,"22,5","6,3","22,9","22,4","6,5","6,2",36,34,35,36,4,"1,5"
2022/08/17,0100 UTC,0,"887,9","887,9","887,8",,20,7,"22,5","19,8","7,2","6,3",44,35,43,21,"3,1","1,1"
2022/08/17,0200 UTC,0,"888,2","888,2","887,9",,"19,4","7,3","21,8","19,4","7,8","6,3",47,36,45,321,"2,3","0,9"
2022/08/17,0300 UTC,0,"888,2","888,4","888,2",,"19,1","7,3","19,6","17,9","7,7","7,3",51,45,46,96,"1,4","0,9"
2022/08/17,0400 UTC,0,"887,9","888,3","887,9",,"18,3","7,7",20,"17,6","7,9","7,2",52,45,50,112,2,"1,2"
2022/08/17,0500 UTC,0,"887,2","887,9","887,2",,"20,6","6,6","20,7","17,8","8,2","6,6",51,40,40,74,"3,6","1,9"
2022/08/17,0600 UTC,0,"886,9","887,2","886,9",,"20,2","7,3","20,9","19,9","7,3","6,7",44,40,43,53,"3,9","2,1"
2022/08/17,0700 UTC,0,"886,6","886,9","886,6",,"18,4","7,5","20,2","18,4","7,5","7,2",49,43,49,52,"4,1","1,1"
2022/08/17,0800 UTC,0,"886,8","886,8","886,6",,"16,8","7,8","18,9","16,2","7,8","7,2",56,48,56,41,"2,9","0,8"
2022/08/17,0900 UTC,0,"887,3","887,3","886,8",,"14,6",8,"16,8","14,6","8,4","7,2",64,54,64,106,"1,6","0,5"
2022/08/17,1000 UTC,0,"887,8","887,8","887,2","27,7","15,7","8,3","15,7","13,8","8,5","7,7",68,61,61,33,"1,6","0,6"
2022/08/17,1100 UTC,0,"888,4","888,4","887,8",548,"21,2",8,"21,2","15,7","9,4","7,6",61,43,43,15,"3,7","1,9"
2022/08/17,1200 UTC,0,"888,8","888,8","888,4","1397,3","23,6","7,5","23,6","21,2","8,2","7,3",42,35,36,38,"5,9",3
2022/08/17,1300 UTC,0,889,889,"888,8","2153,1","25,8","6,1","26,2","23,4","7,7","6,1",36,28,28,34,"8,1","3,8"
2022/08/17,1400 UTC,0,"888,6",889,"888,6","2727,7","27,3","5,4","27,4","25,7",6,"4,4",28,24,25,8,"9,7","3,7"
2022/08/17,1500 UTC,0,888,"888,7",888,"3034,6","27,7","4,8","28,2","25,8","5,4","4,4",26,23,23,339,"7,8","2,4"
2022/08/17,1600 UTC,0,"887,2",888,"887,2","3057,1","27,7","4,1","28,9","27,2","5,7",4,25,21,22,3,8,"4,4"
2022/08/17,1700 UTC,0,"886,5","887,2","886,5","2825,4","28,8","4,1","29,7","27,5","5,3","3,7",23,20,21,18,8,"4,2"
2022/08/17,1800 UTC,0,"885,8","886,5","885,8","2479,4","28,7","4,3","29,8","28,2","4,9","3,8",22,20,21,25,8,"2,8"
2022/08/17,1900 UTC,0,"885,6","885,8","885,6","1949,1",29,"4,8","29,9","28,7","4,9",4,22,20,22,34,7,"2,7"
2022/08/17,2000 UTC,0,"885,9","885,9","885,6","1132,1","27,9","5,1","29,3","27,9","5,1","4,1",23,20,23,72,"6,2","3,9"
2022/08/17,2100 UTC,0,"886,3","886,3","885,9","377,6","26,3","5,3","28,2","26,3","5,4","5,2",26,23,26,53,"6,9","3,2"
2022/08/17,2200 UTC,0,"886,9","886,9","886,3","1,8","24,5","5,4","26,3","24,5","5,6","5,3",29,26,29,63,"6,1","2,5"
2022/08/17,2300 UTC,0,"887,3","887,3","886,9",,"23,7","4,9","24,5","23,6","5,4","4,8",30,28,30,58,6,"2,3"
2022/08/18,0000 UTC,0,"887,6","887,6","887,3",,"22,5","4,5",24,"22,5","4,9","4,3",31,28,31,43,"4,9","1,6"
2022/08/18,0100 UTC,0,"887,7","887,8","887,6",,"22,4","4,2","22,7","22,3","4,5","4,1",31,30,30,40,"3,2","1,4"
2022/08/18,0200 UTC,0,"887,7","887,9","887,7",,"22,2","4,6","22,9","21,7","4,7",4,32,30,32,34,"4,3","1,5"
2022/08/18,0300 UTC,0,"887,5","887,8","887,5",,20,"5,2","22,2","19,6","5,4","4,6",39,32,38,28,3,"1,4"
2022/08/18,0400 UTC,0,"886,9","887,5","886,9",,"20,5","5,2",21,"19,6","5,6","5,1",40,36,37,48,3,"1,3"
2022/08/18,0500 UTC,0,"886,3","886,9","886,3",,"20,4","5,6","20,5","19,4","6,3","5,1",42,37,38,56,"3,5","1,8"
2022/08/18,0600 UTC,0,"886,1","886,3",886,,"19,6","5,4","20,8","19,6","5,6",5,39,36,39,74,"4,2","2,3"
2022/08/18,0700 UTC,0,"885,9","886,2","885,9",,"18,4","5,7","19,7","17,6","5,8","5,3",45,39,43,39,"4,2","1,4"
2022/08/18,0800 UTC,0,"886,1","886,2","885,9",,"18,5",6,"18,9","18,2","6,1","5,7",44,43,44,36,"3,8","1,6"
2022/08/18,0900 UTC,0,"886,7","886,7","886,1",,"18,3","6,1","18,5","17,1","6,2","5,8",48,44,45,31,"3,8","1,4"
2022/08/18,1000 UTC,0,"887,4","887,4","886,7","30,3","14,8",7,"18,3","13,9","7,1",6,63,45,60,322,3,"1,1"
2022/08/18,1100 UTC,0,"888,1","888,1","887,3",561,"20,5","7,6","20,5","14,8","8,2","6,8",60,43,43,328,"1,7","0,8"
2022/08/18,1200 UTC,0,889,"889,1","888,1","1415,9","21,8","7,4","22,9","20,6","8,2","6,5",43,35,39,83,"5,3","2,8"
2022/08/18,1300 UTC,0,"889,3","889,3",889,"2182,7","24,5",7,"24,5","21,8","7,7","6,8",40,32,32,58,"7,2","3,3"
2022/08/18,1400 UTC,0,"888,9","889,4","888,9","2736,5","26,6","6,7","26,6","24,2","6,9","6,1",32,28,28,33,"7,5","2,2"
2022/08/18,1500 UTC,0,"888,3","888,9","888,3","3058,6",28,"5,8",28,"25,9","6,3",5,28,24,24,330,"8,8","3,4"
2022/08/18,1600 UTC,0,"887,5","888,3","887,5","3089,7","28,2","5,6","28,8","26,7","6,1","5,2",26,24,24,11,"8,8","2,9"
2022/08/18,1700 UTC,0,"886,7","887,5","886,7","2887,4","29,1",6,"29,6","27,7","6,7","5,2",25,23,23,11,"7,3","1,9"
2022/08/18,1800 UTC,0,"886,2","886,7","886,2","2503,1","29,3","5,8","29,9","28,1","6,3","4,9",24,22,23,335,7,"3,3"
2022/08/18,1900 UTC,0,"886,1","886,3","886,1","1964,4","28,7","5,4","29,8",28,"6,2","4,8",23,21,23,339,"6,6","2,4"
2022/08/18,2000 UTC,0,"886,5","886,5","886,1","1189,2","28,3","5,4","29,7","28,1","6,1","4,9",24,21,23,9,"5,5","1,7"
2022/08/18,2100 UTC,0,"886,9","886,9","886,5","374,5","26,6","5,8",29,"26,6","6,1","5,4",27,23,27,12,"4,8","2,4"
2022/08/18,2200 UTC,0,"887,4","887,4","886,9","0,9","22,4","6,6","26,6","22,4","6,6","5,8",36,27,36,5,"3,8","1,1"
2022/08/18,2300 UTC,0,"888,3","888,3","887,4",,"23,7",7,"23,8","21,4","7,4","6,6",39,34,34,35,"4,4","2,4"
2022/08/19,0000 UTC,0,"889,1","889,1","888,3",,"21,9","7,2","23,7","21,6","7,4","6,8",40,34,39,46,"4,3","1,3"
2022/08/19,0100 UTC,0,"889,8","889,8","889,1",,"19,3","7,4",22,"19,3","7,5",7,46,39,46,35,"2,5","0,9"
2022/08/19,0200 UTC,0,"889,9","890,2","889,8",,"19,2","7,7","19,3","18,2","8,1","7,2",51,46,47,15,"2,8","1,7"
2022/08/19,0300 UTC,0,"889,8",890,"889,8",,"19,3","7,3","19,6","18,7","7,7","7,2",48,45,46,4,"2,9","1,6"
2022/08/19,0400 UTC,0,"889,3","889,9","889,2",,"17,9","7,7","19,3","17,9","7,8","7,1",51,45,51,6,"2,4","1,1"
2022/08/19,0500 UTC,0,"890,1","890,2","889,2",,"18,8","11,5","21,6","17,6","11,5","7,7",63,41,63,206,"8,4","3,8"
2022/08/19,0600 UTC,0,"890,1","890,2",890,,"18,1","12,5","18,8","18,1","12,5","11,5",70,63,70,197,"8,1","4,2"
2022/08/19,0700 UTC,0,"889,7","890,1","889,7",,17,"12,5","18,1","16,9","12,6","12,4",75,70,75,174,"7,3","2,2"
2022/08/19,0800 UTC,0,"889,7","890,1","889,7",,"16,6","12,1",17,"16,4","12,6","12,1",77,75,75,199,8,"2,9"
2022/08/19,0900 UTC,0,"890,1","890,1","889,7",,"16,1","11,7","16,6",16,"12,2","11,7",76,75,75,191,8,"1,9"
2022/08/19,1000 UTC,0,891,891,"890,1","28,8",16,"11,3","16,1","15,6","11,7","11,3",77,74,74,207,"5,9","3,1"
2022/08/19,1100 UTC,0,"891,4","891,4",891,"504,3","17,4","11,2","17,4",16,"11,3","10,9",74,67,67,183,"5,9","2,5"
2022/08/19,1200 UTC,0,"891,7","891,7","891,4","1344,7","19,8","11,2","19,8","17,4","11,3","10,8",67,58,58,192,"5,7","2,8"
2022/08/19,1300 UTC,0,892,892,"891,7","2098,8","21,9","10,3","22,1","19,6","11,5","10,3",58,48,48,162,"6,4","3,4"
2022/08/19,1400 UTC,0,"891,5",892,"891,5","2655,8","23,5","10,1","23,9","21,8","10,5","9,4",48,42,43,145,"7,2",3
2022/08/19,1500 UTC,0,"890,8","891,5","890,8","2962,5","25,1","9,2","25,2","23,3","10,4","8,8",43,37,37,114,"7,1","2,4"
2022/08/19,1600 UTC,0,890,"890,8",890,"3015,7",26,"8,4","26,2","24,2","9,7","8,4",38,33,33,179,"5,8","1,6"
2022/08/19,1700 UTC,0,"889,1",890,"889,1","2829,7","27,3",8,"27,9","25,3",9,"7,8",35,29,30,282,"5,4","1,4"
2022/08/19,1800 UTC,0,"888,5","889,1","888,5","2518,5","27,7","8,2","28,3","26,6","8,4","7,5",31,28,29,133,"5,4","2,4"
2022/08/19,1900 UTC,0,"888,1","888,5",888,"1862,7","27,5",8,"28,1","27,1",8,7,29,27,29,143,"5,5","1,9"
2022/08/19,2000 UTC,0,888,"888,1",888,1146,"27,4","7,2","28,1","27,2","8,1",7,29,27,28,124,"4,7",2
2022/08/19,2100 UTC,0,"888,2","888,2",888,"345,5","25,7","7,5","27,4","25,7","7,8","6,9",32,28,32,129,"4,1",2
2022/08/19,2200 UTC,0,"888,5","888,5","888,2","0,4","22,6","9,1","25,7","22,6","9,1","7,6",42,32,42,136,"3,5","1,5"
2022/08/19,2300 UTC,0,"889,1","889,1","888,5",,"23,4",9,"23,9","22,6","9,2","8,9",42,39,40,130,"4,1","2,1"
2022/08/20,0000 UTC,0,"889,4","889,5","889,1",,"22,6","9,2","23,5","22,6","9,2","8,9",42,40,42,116,"3,7","1,6"
2022/08/20,0100 UTC,0,"890,2","890,2","889,4",,"20,6","11,3","22,7","20,5","11,3",9,55,42,55,173,7,"2,5"
2022/08/20,0200 UTC,0,"890,4","890,4","890,2",,"19,5","11,5","20,7","19,5","11,6","11,2",60,55,60,175,"7,1","3,2"
2022/08/20,0300 UTC,0,"890,2","890,5","890,2",,"18,6","11,4","19,5","18,5","11,6","11,4",63,60,63,175,"6,5","2,6"
2022/08/20,0400 UTC,0,"889,5","890,3","889,5",,"17,6","11,4","18,7","17,5","11,5","11,3",67,63,67,180,"5,6","1,8"
2022/08/20,0500 UTC,0,"888,9","889,5","888,9",,17,"11,4","17,6",17,"11,5","11,3",70,67,70,180,"4,7","2,2"
2022/08/20,0600 UTC,0,"888,8","888,9","888,7",,"16,5","11,5",17,"16,2","11,5","11,2",73,70,72,161,"4,2","1,6"
2022/08/20,0700 UTC,0,"888,7","888,8","888,5",,"15,7","11,5","16,5","15,7","11,6","11,2",76,72,76,158,"5,3","2,6"
2022/08/20,0800 UTC,0,"888,7","888,7","888,5",,"15,7","11,4","15,7","15,3","11,6","11,4",77,75,75,131,"5,9","3,3"
2022/08/20,0900 UTC,0,"889,2","889,2","888,7",,"16,1","10,5","16,5","15,6","11,4","10,5",75,69,69,100,"9,3","3,9"
2022/08/20,1000 UTC,0,"890,2","890,2","889,2","32,7","16,1","10,1","16,2","15,9","10,5","10,1",70,68,68,108,8,"3,1"
2022/08/20,1100 UTC,0,891,891,"890,2","563,5","17,6","9,9","17,7","16,1","10,2","9,8",68,60,61,84,"8,1","4,5"
2022/08/20,1200 UTC,0,"891,8","891,8",891,"1366,9","18,4","10,2","18,8","17,6","10,2","9,8",61,57,59,97,"10,4","5,1"
2022/08/20,1300 UTC,0,"892,2","892,3","891,8","1841,6","20,2","9,3","20,8","17,9","10,5","9,2",60,49,50,89,"11,6","6,2"
2022/08/20,1400 UTC,0,"892,1","892,3","892,1","2757,7","22,6","8,4","22,9","20,1","9,7","8,2",50,40,40,88,"13,3","5,1"
2022/08/20,1500 UTC,0,"891,9","892,2","891,7","3050,3","23,2","7,6","23,4","21,7","8,2","7,3",41,36,37,91,"11,7","5,6"
2022/08/20,1600 UTC,0,"891,3","891,9","891,3","3019,4","23,8","7,3","24,5","22,5","8,3",7,39,34,35,84,"11,5","5,5"
2022/08/20,1700 UTC,0,"890,5","891,3","890,5","2969,7","24,4","7,5",25,"23,6",8,"7,2",36,33,34,86,"10,8","4,8"
2022/08/20,1800 UTC,0,"889,7","890,5","889,7","2699,1","25,3","7,3","25,8","24,3","7,9",7,34,31,32,84,"9,2","4,4"
2022/08/20,1900 UTC,0,"889,6","889,8","889,5","2094,9","24,7","6,8","25,9",24,"7,7","6,4",33,30,32,105,"8,1","4,2"
2022/08/20,2000 UTC,0,"889,8","889,9","889,5","1267,9",24,"7,1","25,2",24,"7,6","6,4",34,31,34,121,"8,7","4,8"
2022/08/20,2100 UTC,0,"890,2","890,2","889,8",335,"22,8","7,2",24,"22,7","7,4","6,2",37,32,37,124,"8,7","2,9"
2022/08/20,2200 UTC,0,"890,6","890,6","890,2","3,5","21,7","7,5","22,8","21,6","7,6","7,2",40,37,40,118,"7,6","2,8"
2022/08/20,2300 UTC,0,"891,4","891,4","890,6",,"20,8","6,9","21,7","20,7","7,6","6,9",42,39,41,100,"6,6","3,1"
2022/08/21,0000 UTC,0,892,892,"891,4",,"19,9","6,9","20,8","19,8","6,9","6,7",43,40,43,88,"8,5","4,7"
2022/08/21,0100 UTC,0,"892,2","892,2","891,9",,19,"7,1","20,1","18,9","7,2","6,9",46,42,46,96,"10,4","4,3"
2022/08/21,0200 UTC,0,"892,2","892,2","892,1",,"18,3","7,4",19,"18,2","7,4",7,49,46,49,98,"9,1","3,6"
2022/08/21,0300 UTC,0,892,"892,2",892,,"17,8","8,5","18,4","17,8","8,5","7,4",55,49,55,82,"8,7","4,3"
2022/08/21,0400 UTC,0,"891,6",892,"891,5",,"16,9",9,"17,9","16,9","9,1","8,5",60,55,60,71,"8,1","3,8"
2022/08/21,0500 UTC,0,"891,2","891,6","891,2",,16,"8,9","16,9",16,"9,2","8,9",63,60,63,88,"7,5","3,4"
2022/08/21,0600 UTC,0,"891,1","891,2",891,,"14,9",9,"16,2","14,9",9,"8,7",68,62,68,99,"6,5","2,9"
2022/08/21,0700 UTC,0,"890,7","891,2","890,7",,"14,4","9,1",15,"14,3","9,2","8,9",70,68,70,100,"6,9","4,1"
2022/08/21,0800 UTC,0,"890,4","890,7","890,4",,"13,8","9,3","14,5","13,7","9,4",9,75,70,74,93,"7,6","3,8"
2022/08/21,0900 UTC,0,"890,9","890,9","890,4",,"13,6","9,8","13,8","13,3","9,8","9,3",78,74,78,87,"7,8","4,4"
2022/08/21,1000 UTC,0,"891,4","891,4","890,8","37,5",14,"10,2",14,"13,4","10,2","9,8",80,77,78,88,"7,4","3,2"
2022/08/21,1100 UTC,0,"892,2","892,3","891,4","604,8","15,6","10,6","15,6",14,"10,6","10,1",78,72,72,72,"8,9",4
2022/08/21,1200 UTC,0,"893,1","893,1","892,2",1486,"17,7","10,1","17,9","15,6","10,9","10,1",72,61,61,84,"9,2",4
2022/08/21,1300 UTC,0,"893,5","893,5",893,"2243,4","19,3","9,7","19,7","17,6","10,3","9,7",61,53,54,86,"8,8","4,2"
2022/08/21,1400 UTC,0,893,"893,5",893,"2821,8","20,6","8,9","21,3","19,3",10,"8,8",54,46,47,87,"9,4","4,9"
2022/08/21,1500 UTC,0,"892,3",893,"892,3","3043,2","22,9","6,5","22,9","20,6","9,3","6,5",47,35,35,90,"9,4","4,9"
2022/08/21,1600 UTC,0,"891,3","892,3","891,3","3149,6","23,8","5,4","24,4","22,3",7,5,36,30,30,88,"9,1","4,9"
2022/08/21,1700 UTC,0,"890,6","891,3","890,5","2757,5",24,"4,4","25,1","23,4","5,6","4,4",31,28,28,84,"11,2","6,6"
2022/08/21,1800 UTC,0,"889,9","890,6","889,8","2607,4","25,2","4,8","25,4",24,"5,5","4,5",30,27,27,106,"11,2","5,1"
2022/08/21,1900 UTC,0,"889,7",890,"889,7",2040,"24,4","5,3","25,3",24,"5,5","4,4",29,27,29,99,"10,9","4,7"
2022/08/21,2000 UTC,0,"889,7","889,7","889,5","1257,5","23,8","5,4",25,"23,7","5,6","4,9",30,28,30,68,10,"3,6"
2022/08/21,2100 UTC,0,890,890,"889,7","409,7","22,6","5,7","23,9","22,6","5,7","5,3",34,30,34,75,"7,6","2,9"
2022/08/21,2200 UTC,0,"890,6","890,6",890,"2,6","21,3",6,"22,6","21,3",6,"5,5",37,33,37,117,"6,8","2,6"
2022/08/21,2300 UTC,0,"891,1","891,2","890,6",,"20,2",7,"21,3","20,1","7,1",6,42,37,42,119,"5,2","2,6"
2022/08/22,0000 UTC,0,"891,6","891,6","891,1",,"19,3","7,3","20,2","19,1","7,5",7,47,42,46,115,"5,2","2,4"
2022/08/22,0100 UTC,0,892,892,"891,6",,"18,6","7,6","19,4","18,5","7,6","6,9",49,45,49,119,"6,2","2,4"
2022/08/22,0200 UTC,0,892,"892,2","891,9",,"18,1","7,8","18,5","17,9","7,9","7,6",51,49,51,123,"4,7","2,1"
2022/08/22,0300 UTC,0,"891,7","892,1","891,7",,"17,5","8,2","18,1","17,5","8,2","7,9",54,51,54,126,"4,7","1,8"
2022/08/22,0400 UTC,0,"891,3","891,7","891,3",,"17,4","8,1","17,8","17,4","8,3",8,55,53,55,108,"7,2","3,6"
2022/08/22,0500 UTC,0,"890,8","891,3","890,8",,"16,4","8,7","17,4","16,4","8,8","8,1",60,55,60,93,"7,6","3,7"
2022/08/22,0600 UTC,0,"890,7","890,8","890,6",,16,9,"16,5",16,9,"8,7",63,60,63,92,"7,5",4
2022/08/22,0700 UTC,0,"890,5","890,7","890,5",,"14,9","8,9","16,1","14,9","9,1","8,9",67,63,67,93,"7,6","3,8"
2022/08/22,0800 UTC,0,"890,4","890,6","890,3",,"14,2",9,15,"14,2","9,1","8,9",71,67,71,93,"6,5","2,9"
2022/08/22,0900 UTC,0,"890,8","890,8","890,3",,"14,2","9,2","14,3",14,"9,2","8,9",72,71,72,91,"5,9","3,5"
2022/08/22,1000 UTC,0,"891,3","891,3","890,8","33,5","14,2","9,4","14,2","13,7","9,4","9,1",74,72,73,85,6,"3,3"
2022/08/22,1100 UTC,0,"891,8","891,9","891,3","596,9","15,6","9,8","15,6","14,2","9,8","9,4",73,68,68,88,"8,5","4,6"
2022/08/22,1200 UTC,0,"892,3","892,3","891,8",1459,"17,7","9,6","17,9","15,6","10,2","9,6",68,59,59,86,"7,8","4,1"
2022/08/22,1300 UTC,0,"892,5","892,6","892,3",2240,"20,2","8,7","20,4","17,7",10,"8,2",59,46,48,84,"10,3","5,6"
2022/08/22,1400 UTC,0,892,"892,5",892,"2801,5","21,9","8,1","21,9","19,9","8,8","7,5",47,41,41,76,"10,3","4,6"
2022/08/22,1500 UTC,0,"891,4",892,"891,4",3129,"22,1","7,3","22,8","21,3",8,"6,9",41,37,39,105,"9,7","5,3"
2022/08/22,1600 UTC,0,"890,4","891,4","890,4","3155,9",23,"7,3",24,"21,9","8,3",7,39,35,36,77,"9,1","4,8"
2022/08/22,1700 UTC,0,"889,4","890,4","889,4","2959,6","24,1","6,2","24,5","22,9","7,4",6,37,31,32,90,"10,4","5,3"
2022/08/22,1800 UTC,0,"888,6","889,4","888,6","2589,6","24,2",6,"25,2","23,6","7,1","5,9",34,30,31,104,9,4
2022/08/22,1900 UTC,0,"888,3","888,6","888,1",2020,"24,1","5,8","25,1","23,9","6,4","5,6",32,30,31,110,"8,8",4
2022/08/22,2000 UTC,0,"888,3","888,3","888,1","1244,4","23,7","5,2",25,"23,6","6,3","5,1",31,29,30,89,"8,4","4,2"
2022/08/22,2100 UTC,0,"888,8","888,9","888,3","413,3","22,2","5,4","23,9","22,2","5,5","4,6",34,29,34,122,"8,9","3,6"
2022/08/22,2200 UTC,0,"889,5","889,5","888,9","2,8","20,8","6,3","22,2","20,8","6,4","5,2",39,33,39,115,"6,7","2,8"
2022/08/22,2300 UTC,0,"890,1","890,1","889,5",,"20,3",6,"20,9","20,3","6,5","5,9",40,38,39,106,"6,5","2,8"
2022/08/23,0000 UTC,0,"890,5","890,5","890,1",,"19,5","5,9","20,4","19,3","6,1","5,8",41,39,41,97,"7,4","3,9"
2022/08/23,0100 UTC,0,"890,7","890,8","890,5",,"18,7","5,8","19,4","18,6","5,9","5,7",43,41,43,97,"7,1","3,6"
2022/08/23,0200 UTC,0,"890,8","890,8","890,7",,18,"5,7","18,7","17,8","5,9","5,6",45,43,44,104,"6,2","1,8"
2022/08/23,0300 UTC,0,"890,6","890,9","890,6",,"17,1","6,4","18,1",17,"6,4","5,7",49,44,49,86,"5,4","2,2"
2022/08/23,0400 UTC,0,"890,1","890,6","890,1",,"16,7","6,4","17,3","16,7","6,7","6,4",51,49,51,70,"4,1",2
2022/08/23,0500 UTC,0,"889,8","890,1","889,8",,"16,4","6,5","16,8","16,2","6,6","6,4",53,51,52,76,"4,1","2,3"
2022/08/23,0600 UTC,0,"889,9","889,9","889,8",,"15,7","6,6","16,5","15,6","6,7","6,3",55,52,55,95,"4,6","1,8"
2022/08/23,0700 UTC,0,"889,8","889,9","889,8",,"16,1","7,4","16,7","15,7","7,4","6,8",56,52,56,64,"6,5","2,8"
2022/08/23,0800 UTC,0,"890,1","890,1","889,8",,"15,6","8,4","16,2","15,5","8,4","7,2",62,56,62,78,"6,1","2,4"
2022/08/23,0900 UTC,0,891,891,"890,1",,"14,5","8,2","15,8","14,5","8,7","8,2",66,62,66,107,"6,7","2,2"
2022/08/23,1000 UTC,0,"891,4","891,4",891,"39,6","14,9",9,"14,9","14,3",9,"8,1",69,66,68,102,"5,2","2,8"
2022/08/23,1100 UTC,0,"892,1","892,1","891,4","572,2",16,"9,6","16,1","14,9","9,8",9,69,66,66,99,7,"4,4"
2022/08/23,1200 UTC,0,"892,7","892,7","892,1","1505,2","17,4","9,6","17,6",16,"9,9","9,4",66,59,60,87,"7,6",5
2022/08/23,1300 UTC,0,"892,8","892,8","892,7","2274,4","19,2","9,7","19,9","17,3","10,3","9,4",61,52,54,97,"7,3","3,8"
2022/08/23,1400 UTC,0,"892,5","892,8","892,4","2830,7","22,8","8,1","22,9","19,2","9,9","7,5",54,39,39,79,"7,8","4,2"
2022/08/23,1500 UTC,0,"891,7","892,4","891,7","3132,2","23,1","5,7","23,6","21,8",8,"5,7",40,32,33,85,"9,4","4,2"
2022/08/23,1600 UTC,0,"890,6","891,7","890,6","3171,5","23,6","5,2","24,7","22,4","6,3","4,9",34,30,30,75,"8,4","3,7"
2022/08/23,1700 UTC,0,"889,7","890,7","889,6","2967,8","24,3",5,"24,8","23,4","5,7","4,5",31,28,29,108,"7,6","2,6"
2022/08/23,1800 UTC,0,"888,9","889,7","888,8","2599,1","25,6",4,"25,6","24,1","5,7","3,3",30,24,25,73,"7,9","3,5"
2022/08/23,1900 UTC,0,"888,5","888,9","888,4","2037,3","25,3","4,1","25,7","24,5","4,7","3,2",27,24,25,124,"7,5","2,5"
2022/08/23,2000 UTC,0,"888,7","888,7","888,5","1269,6","24,6","4,4","25,3","24,1","4,7","3,8",28,25,27,83,"7,2","2,4"
2022/08/23,2100 UTC,0,"889,1","889,1","888,7","421,9","22,8","3,7","24,6","22,8","4,7","3,3",29,27,29,95,"7,1","3,3"
2022/08/23,2200 UTC,0,"889,5","889,5","889,1","2,6","21,6",6,"22,8","21,5",6,"3,7",36,29,36,119,"6,7","3,2"
2022/08/23,2300 UTC,0,890,890,"889,5",,"20,1","6,5","21,6","20,1","6,5","5,8",41,36,41,116,"6,2","2,6"
2022/08/24,0000 UTC,0,"890,4","890,4",890,,"19,4","6,7","20,3","19,4","6,7","6,5",44,41,44,116,"5,7","2,4"
2022/08/24,0100 UTC,0,"890,8","890,8","890,4",,"18,9",7,"19,4","18,8",7,"6,7",46,44,46,107,"6,2","2,4"
2022/08/24,0200 UTC,0,891,891,"890,8",,"18,5","7,1",19,"18,3","7,1","6,9",48,46,47,103,"4,5","2,6"
2022/08/24,0300 UTC,0,"890,7",891,"890,7",,"17,7","6,8","18,5","17,7","7,1","6,7",49,47,49,113,"4,7",2
2022/08/24,0400 UTC,0,"890,1","890,7","890,1",,"17,5","6,6","17,9","17,5","6,9","6,6",49,48,49,119,"3,4","1,6"
2022/08/24,0500 UTC,0,"889,6","890,1","889,6",,"17,1",7,"17,5","15,7","7,2","6,4",56,49,52,129,"2,7","1,7"
2022/08/24,0600 UTC,0,"889,3","889,6","889,3",,"16,9","7,2","17,1","16,2","7,5",7,55,52,53,130,"3,5","2,1"
2022/08/24,0700 UTC,0,"889,2","889,3","889,2",,"16,8","7,6","17,2","16,7","7,6","7,1",55,51,54,107,"6,5","3,3"
2022/08/24,0800 UTC,0,"889,7","889,7","889,2",,"16,8","7,9","16,9","16,6","7,9","7,5",56,54,56,96,"5,7","2,1"
2022/08/24,0900 UTC,0,"890,5","890,5","889,7",,"15,9","7,9","16,8","15,7",8,"7,7",59,56,59,95,"4,7","2,5"
2022/08/24,1000 UTC,0,"891,7","891,7","890,5",33,"15,7","8,2","15,9","15,4","8,2","7,8",61,59,61,110,"4,5","1,5"
2022/08/24,1100 UTC,0,"892,3","892,3","891,7","419,3","18,1","8,4","18,1","15,7","8,4",8,61,53,53,89,6,"3,2"
2022/08/24,1200 UTC,0,893,893,"892,3","1345,6","19,8","7,7","19,8","17,6","8,2","7,3",54,46,46,88,"7,7","3,9"
2022/08/24,1300 UTC,0,"893,4","893,5",893,"2258,2","22,7","7,3","22,7","19,2","7,9","7,1",46,37,37,80,"8,3","4,1"
2022/08/24,1400 UTC,0,"892,9","893,4","892,9",3217,"23,2","6,9","24,4","22,1","7,6","6,1",38,32,35,91,8,"3,5"
2022/08/24,1500 UTC,0,"891,9","892,9","891,9",3135,"24,5","6,8","25,3","22,3","7,6","6,4",38,31,32,69,"7,8","3,1"
2022/08/24,1600 UTC,0,891,"891,9",891,"2798,7","24,4",6,"25,3","23,1",7,"5,6",33,30,31,111,"6,3","1,8"
2022/08/24,1700 UTC,0,890,891,890,"2373,7","24,4","5,8","26,1","24,1","6,5","5,2",31,28,30,128,"5,8","1,6"
2022/08/24,1800 UTC,0,"889,4",890,"889,4","2208,6","25,6","5,3",26,"24,1","6,3","5,3",31,27,27,119,"6,1",3
2022/08/24,1900 UTC,0,"889,2","889,5","889,1","901,3","24,7","4,9","25,6","24,5","5,6","4,8",29,27,28,144,"5,6","1,7"
2022/08/24,2000 UTC,0,"889,2","889,2","889,1","790,9","24,9","5,3","25,6","24,2","5,6","4,9",29,27,28,158,"4,8","1,9"
2022/08/24,2100 UTC,0,"889,4","889,4","889,2","257,8",23,"5,4","24,9",23,"5,4","5,1",32,28,32,136,"4,7","1,9"
2022/08/24,2200 UTC,0,"889,7","889,7","889,4",,"21,8","6,3",23,"21,6","6,3","5,3",37,32,36,126,"3,9","1,6"
2022/08/24,2300 UTC,0,"890,3","890,3","889,7",,"21,3","5,6",22,"21,2","6,2","5,5",36,35,36,111,"4,5","2,1"
2022/08/25,0000 UTC,0,"890,8","890,8","890,3",,"20,2","4,7","21,7",20,"5,7","4,7",38,34,36,110,5,"2,4"
2022/08/25,0100 UTC,0,"890,9","890,9","890,8",,"19,5","4,5","20,3","19,3","4,7",4,38,35,37,117,5,"2,4"
2022/08/25,0200 UTC,0,891,"891,1","890,9",,"18,5","4,3","19,6","18,5","4,4","3,9",39,36,39,106,"6,8","1,8"
2022/08/25,0300 UTC,0,"890,7",891,"890,7",,"18,1","5,1","18,6","17,9","5,1","4,3",42,39,42,106,"5,3",2
2022/08/25,0400 UTC,0,890,"890,7",890,,"17,6","5,1","18,1","17,6","5,3",5,44,42,44,109,4,"1,9"
2022/08/25,0500 UTC,0,"889,4",890,"889,4",,"17,4","5,1","17,7","17,3","5,2",5,44,44,44,102,"3,5",2
2022/08/25,0600 UTC,0,"888,9","889,4","888,9",,17,"5,1","17,5","16,9","5,1",5,46,44,46,113,"3,9","1,5"
2022/08/25,0700 UTC,0,"888,9",889,"888,8",,"16,9","5,4","17,2","16,8","5,4","5,1",47,45,47,111,"5,2","2,4"
2022/08/25,0800 UTC,0,"889,4","889,4","888,9",,"16,3","6,1",17,"16,3","6,1","5,4",51,47,51,93,"5,3","2,9"
2022/08/25,0900 UTC,0,"890,1","890,1","889,4",,"16,1","6,7","16,4",16,"6,7","6,1",54,51,54,103,"5,4","3,4"
2022/08/25,1000 UTC,0,"890,8","890,8","890,1","70,8","16,6","7,3","16,6","15,9","7,3","6,7",55,53,54,103,"6,4","3,5"
2022/08/25,1100 UTC,0,"891,4","891,4","890,8","723,4","18,8","7,7","18,8","16,6","7,8","7,3",54,49,49,95,7,"3,9"
2022/08/25,1200 UTC,0,"892,1","892,1","891,4","1602,4",20,"7,6","20,2","18,7","8,1","7,5",49,44,44,105,9,4
2022/08/25,1300 UTC,0,"892,1","892,2","892,1","2335,9","22,2","7,9","22,2",20,"8,2","7,5",45,40,40,96,"8,2","4,2"
2022/08/25,1400 UTC,0,"891,6","892,3","891,6","2860,5","23,6","6,4",24,22,"7,9","6,2",40,33,33,90,"8,7","4,4"
2022/08/25,1500 UTC,0,"890,9","891,7","890,8","3128,1","25,5","6,2","25,5","23,4","6,6","5,4",33,29,29,71,"7,7","3,4"
2022/08/25,1600 UTC,0,"890,2","890,9","890,2","3259,9","26,1","5,6","26,2","24,6","6,3","5,1",30,27,27,90,"6,5","2,2"
2022/08/25,1700 UTC,0,"889,6","890,3","889,6","2431,1","24,8","4,9","26,7",24,"5,8","4,5",29,26,28,151,"7,2","3,6"
2022/08/25,1800 UTC,0,"888,9","889,6","888,9","2054,8","26,4","4,7",27,"24,4","5,4","4,5",28,24,25,134,"6,3","2,5"
2022/08/25,1900 UTC,0,"888,8","888,8","888,7","1604,5","25,4","4,3","26,7","25,3",5,"4,2",26,24,26,119,"6,1","2,3"
2022/08/25,2000 UTC,0,"889,1","889,1","888,8","405,7","24,7",5,"25,4","24,6",5,"4,1",28,25,28,117,"4,4","2,3"
2022/08/25,2100 UTC,0,"889,5","889,5","889,1","150,9","23,6","5,5",25,"23,5","5,5","4,6",31,27,31,114,"4,3","2,6"
2022/08/25,2200 UTC,0,890,890,"889,5",,23,"5,6","23,6","22,8","5,8","5,5",33,31,32,99,"5,9","3,1"
2022/08/25,2300 UTC,0,"890,5","890,5",890,,"22,1",6,"23,1","22,1",6,"5,6",35,32,35,97,"6,2","3,3"
2022/08/26,0000 UTC,0,"890,8","890,8","890,5",,"20,7","6,1","22,1","20,7","6,3",6,39,35,39,102,"5,6","2,6"
2022/08/26,0100 UTC,0,891,891,"890,8",,"20,3","6,3","20,8","20,2","6,4","6,2",40,39,40,91,"5,1",3
2022/08/26,0200 UTC,0,891,891,"890,9",,"19,7","6,5","20,3","19,6","6,7","6,2",42,40,42,99,"6,3","2,6"
2022/08/26,0300 UTC,0,"890,8","891,1","890,8",,"18,5","6,9","19,7","18,4","6,9","6,5",47,42,47,129,"5,1","2,1"
2022/08/26,0400 UTC,0,"890,3","890,8","890,3",,18,7,"18,7",18,"7,1","6,8",49,46,49,139,"5,2","1,9"
2022/08/26,0500 UTC,0,"889,8","890,3","889,8",,"17,5","6,8",18,15,"7,4","6,8",60,49,50,107,"2,9","1,7"
2022/08/26,0600 UTC,0,"889,4","889,8","889,4",,"17,8","6,6","18,2","17,3","6,8","6,5",50,47,48,113,"5,5","2,5"
2022/08/26,0700 UTC,0,"889,2","889,4","889,2",,"16,5","7,1","17,8","15,8","7,1","6,4",55,48,54,128,"4,6","1,8"
2022/08/26,0800 UTC,0,"889,5","889,5","889,2",,"16,9","7,2",17,"14,4","7,6","6,5",60,52,53,104,"3,6","2,2"
2022/08/26,0900 UTC,0,"889,9","889,9","889,5",,"16,9","7,2","17,2","16,4","7,2","6,9",53,52,53,122,"5,2","1,8"
2022/08/26,1000 UTC,0,"890,8","890,8","889,9","31,2","16,9","7,9","17,1","15,6","8,3","7,2",61,53,55,119,"3,7","1,6"
2022/08/26,1100 UTC,0,"891,4","891,4","890,8","288,8","18,3","7,3","18,3","16,9",8,"7,2",55,48,49,104,"6,5","3,6"
2022/08/26,1200 UTC,0,"891,9","891,9","891,4","977,1","19,5","7,7","19,6","18,3",8,"7,3",49,46,47,102,"7,4",4
2022/08/26,1300 UTC,0,"892,2","892,2","891,9","1773,9","21,4","8,6","21,8","19,2",9,"7,7",48,43,44,101,"6,9","3,2"
2022/08/26,1400 UTC,0,"891,7","892,2","891,7",2851,"23,5","8,4","24,2","21,3","9,2","8,4",44,38,38,96,7,"3,6"
2022/08/26,1500 UTC,0,"890,8","891,7","890,8","3086,1","25,2","7,2","25,5","23,6","8,7","7,2",38,31,32,103,"7,6","2,6"
2022/08/26,1600 UTC,0,"889,9","890,8","889,9","3140,4","25,7","5,8","26,5","24,8","7,6","5,6",32,28,28,128,7,"2,6"
2022/08/26,1700 UTC,0,"888,7","889,9","888,7","2831,9","27,5","4,6","27,8","25,1","6,1","3,8",29,23,23,148,"6,3","1,7"
2022/08/26,1800 UTC,0,"888,2","888,7","888,2","1948,8","27,2","5,4","27,7","25,7","5,6","4,4",27,23,25,140,"5,9","2,5"
2022/08/26,1900 UTC,0,888,"888,2","887,9","1312,7",26,"6,1","27,5","25,8","6,2","4,5",28,24,28,133,"7,6","3,9"
2022/08/26,2000 UTC,0,"888,2","888,2","887,9","807,8","25,7","5,9","26,4","25,2","6,3","5,3",29,27,28,129,"7,6","3,2"
2022/08/26,2100 UTC,0,"888,2","888,3","888,1","171,3","24,3","6,6","25,7","24,3","6,8","6,1",32,28,32,124,"8,4","2,8"
2022/08/26,2200 UTC,0,"888,3","888,4","888,2",,"23,2","6,6","24,3","23,2","6,9","6,3",34,32,34,113,"5,8","2,8"
2022/08/26,2300 UTC,0,"888,8","888,8","888,3",,"21,9","7,3","23,2","21,9","7,3","6,6",39,34,39,106,"6,1","2,6"
2022/08/27,0000 UTC,0,"889,2","889,3","888,8",,"21,3","7,5","22,2","21,3","7,5","7,2",41,38,41,98,"7,1","3,8"
2022/08/27,0100 UTC,0,"889,5","889,6","889,2",,"20,5","7,9","21,4","20,3","7,9","7,5",44,41,44,98,"6,4",3
2022/08/27,0200 UTC,0,"889,7","889,7","889,5",,"19,9","7,7","20,5","19,8","7,9","7,6",45,44,45,87,"6,1","2,5"
2022/08/27,0300 UTC,0,"889,5","889,7","889,5",,19,"7,6","19,9","18,9","7,8","7,6",48,45,48,104,"4,6","2,5"
2022/08/27,0400 UTC,0,"889,1","889,5","889,1",,"18,2","7,5",19,"18,1","7,6","7,3",50,47,49,111,"4,7","1,7"
2022/08/27,0500 UTC,0,"888,7","889,1","888,7",,"18,4","7,4","18,5","17,9","7,6","7,3",50,48,49,92,"3,8",2
2022/08/27,0600 UTC,0,"888,4","888,7","888,4",,"18,1","7,5","18,5",18,"7,5","7,3",50,49,50,92,"3,5","1,8"
2022/08/27,0700 UTC,0,888,"888,4",888,,"15,4","7,2","18,3","15,4","7,7","7,1",58,49,58,132,"3,8","1,6"
2022/08/27,0800 UTC,0,"888,1","888,1","887,9",,"17,8","7,5","17,9","13,8",8,"7,1",66,51,51,96,"5,1","2,8"
2022/08/27,0900 UTC,0,"888,5","888,5","888,1",,"17,1",8,"17,9","16,9","8,2","7,4",56,51,55,111,"5,8","3,2"
2022/08/27,1000 UTC,0,"889,1","889,1","888,5","78,9","17,1",8,"17,1","16,4","8,1","7,9",58,55,55,107,"5,8","3,1"
2022/08/27,1100 UTC,0,"889,8","889,8","889,1","743,9","18,8",8,"18,9","17,1","8,2",8,55,50,50,87,"8,2","4,1"
2022/08/27,1200 UTC,0,"890,3","890,4","889,8","1616,9","20,8","9,1","20,9","18,7","9,1",8,50,46,47,80,"8,1","4,4"
2022/08/27,1300 UTC,0,"890,5","890,6","890,3","2348,6","22,9","8,8","23,1","20,7","9,5","8,6",47,41,41,71,"10,1",5
2022/08/27,1400 UTC,0,"890,2","890,5","890,2","2869,4","23,8","8,1","24,7","22,6",9,"8,1",41,35,37,96,"8,7","3,8"
2022/08/27,1500 UTC,0,"889,6","890,2","889,6","3144,3","25,3","7,4","26,1","23,7","8,5","6,7",37,31,32,91,8,"4,1"
2022/08/27,1600 UTC,0,"888,8","889,6","888,8","3196,7","26,3",7,"27,1","24,8",8,"6,3",32,28,29,73,7,"2,7"
2022/08/27,1700 UTC,0,"887,9","888,8","887,9",2581,"26,7","6,1","27,6",25,7,"5,6",29,26,27,118,"7,2","3,3"
2022/08/27,1800 UTC,0,"887,2","887,9","887,2","2453,4","26,7","6,1","27,7","25,7","6,6","5,4",28,25,27,132,"6,9","3,4"
2022/08/27,1900 UTC,0,"886,9","887,2","886,9","1937,8","26,7","5,5","27,7","25,7","6,6","5,2",29,24,26,51,"6,8","2,6"
2022/08/27,2000 UTC,0,"887,3","887,3","886,9","875,8","25,5","6,3","27,2","25,3","6,9","5,7",30,26,29,66,"5,9","1,6"
2022/08/27,2100 UTC,0,"887,6","887,6","887,2","280,3","24,2","6,7",26,"24,2","6,9","6,3",33,29,33,79,"5,3","2,2"
2022/08/27,2200 UTC,0,"887,9","887,9","887,6",,"23,1","7,2","24,2","23,1","7,4","6,7",36,33,36,90,"5,5","3,2"
2022/08/27,2300 UTC,0,"888,2","888,2","887,8",,"22,5","7,3","23,3","22,5","7,4","7,1",38,36,38,91,"5,9","3,2"
2022/08/28,0000 UTC,0,"888,9","888,9","888,2",,"21,8","7,9","22,5","21,7","7,9","7,3",41,38,41,81,6,3
2022/08/28,0100 UTC,0,"889,2","889,3",889,,"21,1","8,2","21,7","20,8","8,2","7,8",44,41,43,95,"5,4","3,1"
2022/08/28,0200 UTC,0,"889,4","889,4","889,2",,"20,3","8,1","21,2","20,3","8,2",8,45,43,45,96,"5,9","2,5"
2022/08/28,0300 UTC,0,"889,2","889,5","889,2",,"20,1","7,9","20,5","19,7","8,1","7,9",46,45,45,83,5,"2,6"
2022/08/28,0400 UTC,0,889,"889,2",889,,"19,1","8,2","20,2","19,1","8,2","7,9",49,45,49,130,5,"1,8"
2022/08/28,0500 UTC,0,"888,6",889,"888,6",,"15,3","8,6","19,1","15,2","8,6","7,7",64,49,64,146,"2,5","1,1"
2022/08/28,0600 UTC,0,"888,1","888,6","888,1",,"15,3","8,6","15,9","14,7","8,7","8,2",66,62,65,136,"1,5","1,1"
2022/08/28,0700 UTC,0,"887,9","888,1","887,9",,"16,8","8,9","16,8","14,7","8,9","7,8",66,58,60,123,"2,7","1,4"
2022/08/28,0800 UTC,0,888,888,"887,9",,14,"8,1",17,"13,9","8,8","7,9",70,58,67,79,"2,2",1
2022/08/28,0900 UTC,0,"888,8","888,8",888,,"13,2","8,3",14,"13,1","8,7","8,1",73,67,72,197,"1,9","1,1"
2022/08/28,1000 UTC,0,"889,4","889,4","888,8",63,"18,5","8,9","18,5","13,2","9,1","8,3",73,53,53,69,"5,2","2,6"
2022/08/28,1100 UTC,0,"890,2","890,2","889,4","749,5","20,4","8,9","20,4","18,5","9,3","8,7",53,47,47,85,"6,2","2,7"
2022/08/28,1200 UTC,0,"890,8","890,8","890,2","1622,1","22,5","8,1","22,6","20,3","9,1","8,1",47,39,40,55,"6,2","3,2"
2022/08/28,1300 UTC,0,"891,2","891,2","890,8","2352,3","24,9","6,8","25,1","22,5","8,5","6,5",40,31,31,67,"6,2","3,1"
2022/08/28,1400 UTC,0,"891,3","891,3","891,1",2885,"26,1","4,5","26,7","24,7","6,6",4,31,24,25,111,"7,3","3,7"
2022/08/28,1500 UTC,0,"890,4","891,3","890,3",3188,"26,6","4,2","27,5","25,7","5,6","3,9",26,23,24,153,"9,4","2,6"
2022/08/28,1600 UTC,0,"889,6","890,4","889,6","2673,8","26,8","4,4","28,3","26,5","5,2",4,25,22,24,140,"6,6","2,2"
2022/08/28,1700 UTC,0,889,"889,7","888,9","2593,6","28,2","4,4","28,6","26,8","5,1","3,6",24,21,22,145,"8,2","3,7"
2022/08/28,1800 UTC,0,"888,4",889,"888,4","2469,9","27,2","4,1",29,"27,2","4,9","3,4",23,20,23,122,"8,8","3,4"
2022/08/28,1900 UTC,0,"888,3","888,4","888,2","1179,2","26,5","4,5","28,7","26,5","4,8","3,8",24,21,24,142,7,"2,7"
2022/08/28,2000 UTC,0,"888,5","888,5","888,3","948,8","27,2","4,6","28,1","26,4",5,"4,3",25,23,23,161,"6,8","1,7"
2022/08/28,2100 UTC,0,"888,6","888,6","888,4","274,7","25,4","5,2","27,3","25,4","5,2","4,4",27,23,27,140,"6,8","2,4"
2022/08/28,2200 UTC,0,"888,9","888,9","888,5",,24,"6,1","25,4","23,8","6,1","5,2",32,27,32,121,"4,3","1,6"
2022/08/28,2300 UTC,0,"889,4","889,4","888,9",,"23,2","5,8",24,"23,2","6,5","5,8",33,32,33,115,"4,5","2,4"
2022/08/29,0000 UTC,0,"889,9",890,"889,4",,"22,2","7,1","23,4",22,"7,3","5,9",38,32,38,114,"4,5",2
2022/08/29,0100 UTC,0,"890,1","890,1","889,9",,"22,2","6,3","22,4","21,5","7,1","6,2",39,35,36,105,"5,8","3,4"
2022/08/29,0200 UTC,0,"890,3","890,3","890,1",,21,"6,8","22,2","20,9","6,9","6,2",40,36,40,87,"5,8","2,6"
2022/08/29,0300 UTC,0,890,"890,3",890,,"19,5","6,6","21,1","19,5",7,"6,6",43,40,43,100,"4,5","1,2"
2022/08/29,0400 UTC,0,"889,4",890,"889,4",,"15,8","7,2","19,5","15,8","7,5","6,5",57,43,57,181,"2,6",1
2022/08/29,0500 UTC,0,"888,5","889,4","888,5",,"15,8","7,6","16,9","15,7","7,7","7,1",58,54,58,158,"1,8","0,7"
2022/08/29,0600 UTC,0,"888,1","888,5","888,1",,"15,6","7,5","16,6",15,"7,9",7,61,55,59,160,"1,6","0,7"
2022/08/29,0700 UTC,0,"887,6","888,1","887,6",,"15,7","7,6","16,3","14,3","7,8","6,9",63,56,59,171,"2,1","1,2"
2022/08/29,0800 UTC,0,"887,6","887,6","887,4",,"14,2",7,"15,7",14,"7,6","6,9",64,58,62,266,"1,8","0,4"
2022/08/29,0900 UTC,0,"888,1","888,1","887,6",,"14,8","7,5","15,1","13,9","7,5","6,9",64,60,62,124,"1,1","0,3"
2022/08/29,1000 UTC,0,"888,9","888,9","888,1","82,9",16,"6,9",16,"13,8","7,5","6,8",64,55,55,273,1,"0,6"
2022/08/29,1100 UTC,0,"889,6","889,7","888,9","740,5","21,9","6,6","21,9",16,"9,2","6,4",60,37,37,98,"3,9","1,9"
2022/08/29,1200 UTC,0,"890,2","890,2","889,6","1630,9","23,3","5,7","23,4","21,8","6,3","5,3",37,31,32,92,"7,1","4,3"
2022/08/29,1300 UTC,0,"890,9","890,9","890,2","2366,4","25,6","5,9","25,6","23,4",6,"5,2",32,28,28,98,"6,8","3,1"
2022/08/29,1400 UTC,0,"890,7",891,"890,6","2894,9","27,9","5,1","27,9","25,1","5,9","4,8",28,23,23,108,"8,2","3,6"
2022/08/29,1500 UTC,0,"889,9","890,7","889,9","3162,7","28,4","4,9","28,4","26,6","5,1",4,25,22,22,118,"10,5","4,5"
2022/08/29,1600 UTC,0,889,"889,9",889,3175,"28,5","4,3","29,1","27,2","5,2","4,1",23,21,21,121,"10,5","3,5"
2022/08/29,1700 UTC,0,"888,3","889,1","888,3","2943,7","29,2","3,9","29,6",28,5,"3,1",22,19,20,110,9,"4,4"
2022/08/29,1800 UTC,0,"887,5","888,3","887,5","2520,1","28,7","3,3",30,"28,4","4,2","2,4",21,18,20,121,"9,5","4,8"
2022/08/29,1900 UTC,0,"887,3","887,5","887,2","1906,1","28,8","3,6","29,9","28,4","3,7","2,4",20,18,20,115,"8,9",4
2022/08/29,2000 UTC,0,"887,5","887,5","887,2","1115,8","28,2","3,6",29,"28,1","4,3","3,3",21,20,21,102,"9,9","3,7"
2022/08/29,2100 UTC,0,"887,9","887,9","887,5","303,4","26,3","4,1","28,2","26,3","4,1","3,2",24,20,24,113,"7,5","3,1"
2022/08/29,2200 UTC,0,"888,5","888,5","887,9",,25,"4,4","26,3",25,"4,4",4,27,24,27,110,6,"2,3"
2022/08/29,2300 UTC,0,"889,2","889,2","888,5",,"23,9","4,9","25,1","23,9","4,9","4,4",29,26,29,111,"5,1","2,4"
2022/08/30,0000 UTC,0,"889,8","889,8","889,2",,"20,9","6,4","24,3","20,6","6,4","4,9",39,29,39,127,"5,3","1,4"
2022/08/30,0100 UTC,0,"890,3","890,3","889,8",,"21,6","6,1","22,1","20,3","6,6",6,40,36,37,117,3,"1,6"
2022/08/30,0200 UTC,0,"890,4","890,4","890,3",,"19,8","6,4","21,8","19,8","6,4","5,9",42,36,42,124,"3,3","1,6"
2022/08/30,0300 UTC,0,"890,1","890,4","890,1",,"17,9","6,4","20,8","17,8","6,8","5,7",47,38,47,103,"2,7","1,2"
2022/08/30,0400 UTC,0,"889,4","890,1","889,4",,"17,5","6,3","18,3","17,2","6,8","6,2",50,46,48,96,"2,1",1
2022/08/30,0500 UTC,0,"888,8","889,4","888,8",,"19,5","6,7","19,5","16,7","7,2","6,2",51,43,43,115,"3,9","2,1"
2022/08/30,0600 UTC,0,"888,5","888,8","888,4",,"19,4","6,3","19,6","18,7","6,8","6,3",46,42,43,107,4,2
2022/08/30,0700 UTC,0,"888,3","888,5","888,3",,"19,5","6,1","20,1","19,4","6,4",6,43,40,41,101,"4,6","2,2"
2022/08/30,0800 UTC,0,"888,3","888,4","888,1",,"18,3","8,2","19,7","18,3","8,2","6,1",52,41,52,97,"6,4","3,4"
2022/08/30,0900 UTC,0,"889,2","889,2","888,3",,"17,4","6,8","18,3","17,3","8,2","6,7",52,48,50,99,"6,5","3,5"
2022/08/30,1000 UTC,0,"889,9","889,9","889,1","75,5","18,1","6,8","18,1","17,3","6,8","6,6",50,47,47,86,"7,3","3,8"
2022/08/30,1100 UTC,0,"890,5","890,6","889,9","749,7","19,6","7,8","19,9","18,1","7,9","6,8",47,46,46,75,"8,8","4,4"
2022/08/30,1200 UTC,0,"891,4","891,4","890,5","1618,2",21,"7,9","21,5","19,6","8,2","7,8",47,42,43,94,"9,8","4,1"
2022/08/30,1300 UTC,0,"891,7","891,8","891,3","2350,5","22,7","7,7","23,4","20,7","8,4","7,5",44,37,38,73,"9,8","4,8"
2022/08/30,1400 UTC,0,"891,2","891,7","891,2","2881,5","24,6",8,"24,6","22,3","8,1","7,2",39,34,35,61,"10,8","4,2"
2022/08/30,1500 UTC,0,"890,7","891,3","890,7","3142,1","25,1","6,9",26,"24,1","7,9","6,8",35,30,31,79,"8,5","4,4"
2022/08/30,1600 UTC,0,"889,9","890,7","889,9","3093,3","25,9","6,8","27,2",25,"7,7","6,7",32,28,30,84,"9,4","3,9"
2022/08/30,1700 UTC,0,889,"889,9",889,"2869,8","27,3","7,2","27,4","25,5","7,6","6,7",30,27,28,48,"8,9",3
2022/08/30,1800 UTC,0,"888,4",889,"888,4","2300,1","26,7","7,2","27,5","25,8","7,2","6,5",30,27,29,48,"8,5","3,3"
2022/08/30,1900 UTC,0,"888,2","888,4","888,1",1550,"26,2","6,6","27,7","25,7","7,2","5,7",29,26,29,70,"7,6","3,8"
2022/08/30,2000 UTC,0,"888,3","888,3","888,1","944,4","25,3",7,27,"25,3",7,6,31,28,31,125,"6,9","3,3"
2022/08/30,2100 UTC,0,"888,7","888,7","888,3","225,3","24,3","7,1","25,4","24,3","7,1","6,7",33,31,33,110,"7,3","2,8"
2022/08/30,2200 UTC,0,"889,3","889,3","888,7",,"23,4","8,1","24,3","23,3","8,1","7,1",38,33,38,111,"6,1",3
2022/08/30,2300 UTC,0,890,890,"889,2",,"22,4","8,8","23,4","22,3","8,8","8,1",42,38,42,97,"7,2","3,8"
2022/08/31,0000 UTC,0,"890,4","890,5",890,,"21,4","9,3","22,4","21,4","9,3","8,8",46,42,46,93,"7,5","4,2"
2022/08/31,0100 UTC,0,"890,8","890,8","890,4",,"20,3","9,8","21,4","20,3","9,8","9,3",51,46,51,92,"7,5","3,8"
2022/08/31,0200 UTC,0,891,891,"890,7",,"19,5","10,2","20,4","19,5","10,2","9,9",55,51,55,95,"7,8","3,3"
2022/08/31,0300 UTC,0,"890,7",891,"890,7",,19,"10,3","19,6","18,9","10,4","10,2",57,55,57,89,"7,7","3,7"
2022/08/31,0400 UTC,0,"890,1","890,8","890,1",,"18,2","10,4",19,"18,2","10,5","10,3",60,57,60,99,"7,4",4
2022/08/31,0500 UTC,0,"889,6","890,1","889,6",,"17,3","10,5","18,2","17,3","10,5","10,3",64,60,64,95,"7,5","3,9"
2022/08/31,0600 UTC,0,"889,5","889,7","889,5",,16,"10,4","17,3",16,"10,5","10,3",69,64,69,104,"8,9","4,4"
2022/08/31,0700 UTC,0,"889,5","889,6","889,5",,"15,2","10,4","16,1","15,2","10,4","10,3",73,69,73,103,"9,3","3,6"
2022/08/31,0800 UTC,0,"889,7","889,7","889,4",,"14,6","10,3","15,2","14,5","10,4","10,2",76,73,76,103,8,"4,2"
2022/08/31,0900 UTC,0,"890,4","890,4","889,7",,"13,8","10,2","14,6","13,8","10,3","10,1",79,76,79,106,"9,1","3,2"
2022/08/31,1000 UTC,0,"891,3","891,3","890,4","84,3",14,"10,2","14,1","13,6","10,2","10,1",80,78,78,97,"6,5",4
2022/08/31,1100 UTC,0,"891,7","891,8","891,3","732,6","15,3",10,"15,4",14,"10,3",10,78,70,71,99,"9,1","4,7"
2022/08/31,1200 UTC,0,"892,3","892,3","891,7","1594,3","17,1","10,1","17,3",15,"10,5","9,8",72,63,63,93,"9,4","4,2"
2022/08/31,1300 UTC,0,"892,5","892,6","892,2","2322,6","19,5","10,2","19,8","16,9","10,5","9,8",64,55,55,88,"7,6","4,1"
2022/08/31,1400 UTC,0,"892,3","892,6","892,3","2849,3","20,8","9,3","21,3","18,9","10,3","9,3",56,47,48,99,"8,3","4,3"
2022/08/31,1500 UTC,0,"891,5","892,3","891,5","3117,9","22,1","9,3",23,"20,7","10,1",9,48,43,44,91,"8,9","3,9"
2022/08/31,1600 UTC,0,"890,8","891,5","890,8","3117,8","23,7","8,7","24,6","21,8","9,7","8,7",45,38,38,97,8,"3,9"
2022/08/31,1700 UTC,0,"889,6","890,8","889,6","2879,8","24,7","8,8",25,"23,5","9,3","8,5",40,36,37,99,"7,7","3,8"
2022/08/31,1800 UTC,0,"888,6","889,6","888,6","2450,2","24,6","8,5","25,4","23,9","9,1","8,3",38,35,36,65,"8,3","3,3"
2022/08/31,1900 UTC,0,"888,4","888,6","888,3","1843,6","24,6","8,6","25,4","24,3","8,8","8,1",37,34,36,94,"7,7","3,7"
2022/08/31,2000 UTC,0,"888,3","888,4","888,3","1066,2","24,1","8,6","25,2","23,9","8,8","8,2",38,35,37,92,"7,4","3,2"
2022/08/31,2100 UTC,0,"888,6","888,6","888,3",285,"22,3","8,9","24,1","22,3","8,9","8,5",43,37,43,101,7,"3,6"
2022/08/31,2200 UTC,0,889,889,"888,6",,"21,3","9,2","22,3","21,2","9,2","8,9",46,43,46,96,"6,4","3,4"
2022/08/31,2300 UTC,0,"889,4","889,4",889,,"20,4","9,1","21,4","20,3","9,2","9,1",48,46,48,95,"7,2","4,2"
2022/09/01,0000 UTC,0,"889,9","889,9","889,4",,"19,3","9,2","20,4","19,3","9,3",9,52,48,52,98,"7,5","3,4"
2022/09/01,0100 UTC,0,"890,1","890,1","889,9",,"18,3","9,2","19,3","18,2","9,3","9,1",55,52,55,92,"8,5","3,7"
2022/09/01,0200 UTC,0,"890,2","890,2",890,,"17,7","8,9","18,4","17,7","9,2","8,9",56,55,56,96,"7,6","3,8"
2022/09/01,0300 UTC,0,"889,9","890,2","889,9",,"17,5","8,5","17,8","17,4","8,9","8,5",57,56,56,93,"6,9","3,7"
2022/09/01,0400 UTC,0,"889,1","889,9","889,1",,17,8,"17,5","16,9","8,5",8,56,55,56,92,"6,9","3,2"
2022/09/01,0500 UTC,0,"888,7","889,1","888,7",,"16,4","7,8",17,"16,3",8,"7,7",57,56,57,102,"6,9","3,7"
2022/09/01,0600 UTC,0,"888,5","888,7","888,5",,"15,2",7,"16,4","15,2","7,8",7,58,57,58,97,"7,6","4,1"
2022/09/01,0700 UTC,0,"888,4","888,5","888,4",,"14,3",6,"15,2","14,3",7,6,58,57,58,103,"7,1","3,5"
2022/09/01,0800 UTC,0,"888,7","888,7","888,3",,"13,3","5,7","14,3","13,3","6,1","5,6",60,58,60,103,"6,3","3,4"
2022/09/01,0900 UTC,0,"889,4","889,4","888,7",,"12,7","5,6","13,4","12,7","5,7","5,6",62,60,62,105,"5,8","3,2"
2022/09/01,1000 UTC,0,"890,1","890,1","889,4","87,4","12,9","5,7","12,9","12,4","5,7","5,5",63,62,62,95,"7,1","3,8"
2022/09/01,1100 UTC,0,"890,6","890,6","890,1","770,4","14,5","6,2","14,7","12,9","6,3","5,7",62,57,58,91,"7,7",4
2022/09/01,1200 UTC,0,"890,8","890,9","890,6","1663,8","16,4",7,"16,4","14,3",7,6,58,53,54,86,"8,8","4,5"
2022/09/01,1300 UTC,0,891,891,"890,8","2411,8","18,5","7,3","18,8","16,5","7,5","6,7",54,47,48,98,"8,3","4,8"
2022/09/01,1400 UTC,0,"890,5",891,"890,5","2964,7","20,2","6,8","20,9",18,"7,4","6,4",49,40,42,78,"9,8","4,7"
2022/09/01,1500 UTC,0,"889,9","890,5","889,9","3244,3","22,3","6,6","22,3","20,2","7,1","5,8",42,36,36,105,"8,6","4,6"
2022/09/01,1600 UTC,0,"889,1","889,9",889,"3249,5","23,2","6,1",24,"21,8","6,6","5,6",36,32,33,88,"9,1","4,8"
2022/09/01,1700 UTC,0,"888,2","889,1","888,2","3009,5","24,8","5,5","24,9","23,2","6,4","4,7",33,28,29,82,"9,5","3,6"
2022/09/01,1800 UTC,0,"887,6","888,2","887,6","2591,3","24,9","3,9","25,7","24,1","5,7","3,7",30,25,26,89,"8,4","4,4"
2022/09/01,1900 UTC,0,"887,3","887,6","887,3","1986,4","24,7","2,8","25,8","24,7","4,6","2,7",26,23,24,122,"8,4",4
2022/09/01,2000 UTC,0,"887,4","887,4","887,3","1201,7","24,6","2,3","25,4","24,4","3,1",2,24,23,23,104,"7,8",3
2022/09/01,2100 UTC,0,"887,7","887,7","887,4","334,5","22,5","2,2","24,6","22,5","2,4","1,7",26,23,26,105,7,"2,6"
2022/09/01,2200 UTC,0,888,888,"887,7",,"21,2","2,5","22,6","21,1","2,7",2,29,26,29,99,"6,1","2,8"
2022/09/01,2300 UTC,0,"888,4","888,4",888,,"19,7","2,8","21,2","19,7","2,8","2,4",33,29,33,99,6,"2,6"
2022/09/02,0000 UTC,0,"888,9","888,9","888,4",,"19,3","3,6","19,8",19,"3,8","2,8",36,33,35,87,7,"3,7"
2022/09/02,0100 UTC,0,"888,9",889,"888,9",,"18,3","4,4","19,4","18,1","4,4","3,6",40,35,40,90,"7,5","4,1"
2022/09/02,0200 UTC,0,"888,8",889,"888,8",,"17,6","4,6","18,3","17,5","4,6","4,3",42,40,42,91,"7,7","3,9"
2022/09/02,0300 UTC,0,"888,6","888,8","888,6",,"16,8","4,8","17,6","16,8","4,8","4,5",45,42,45,90,"7,2","2,8"
2022/09/02,0400 UTC,0,888,"888,6",888,,"16,9","5,2","17,2","16,5","5,2","4,7",47,44,46,90,"6,1",3
2022/09/02,0500 UTC,0,"887,7",888,"887,6",,"16,7","4,5","17,2","16,4","5,2","4,5",47,44,44,75,"5,9","3,2"
2022/09/02,0600 UTC,0,"887,5","887,7","887,5",,"15,7","5,2","16,7","15,6","5,2","4,5",50,44,50,69,"6,5","2,6"
2022/09/02,0700 UTC,0,"887,5","887,6","887,4",,15,"5,4","15,8",15,"5,5","5,2",53,50,53,71,"6,2","3,1"
2022/09/02,0800 UTC,0,"887,8","887,8","887,5",,14,"5,5",15,14,"5,6","5,4",57,53,56,64,"5,9","1,4"
2022/09/02,0900 UTC,0,"888,7","888,7","887,8",,"14,7","5,9","14,8","13,6",6,"5,5",59,56,56,68,"4,5","2,4"
2022/09/02,1000 UTC,0,"889,5","889,5","888,7",103,"15,4","6,3","15,4","14,2","6,4","5,8",57,55,55,76,"4,5","2,2"
2022/09/02,1100 UTC,0,"890,4","890,4","889,5","849,1","16,9","6,7",17,"15,4",7,"6,3",55,51,51,72,"6,7","3,6"
2022/09/02,1200 UTC,0,"891,2","891,2","890,4",1749,"18,8","6,8","19,1","16,8","7,3","6,6",52,45,46,56,"6,5","2,6"
2022/09/02,1300 UTC,0,"891,6","891,6","891,2","2488,8","21,6","6,6","21,6","18,4","7,3","6,4",46,38,38,54,"5,6","2,8"
2022/09/02,1400 UTC,0,"891,4","891,7","891,3","3014,7","22,2","5,6","23,1","20,8","6,8","5,6",40,33,34,49,"5,8","2,6"
2022/09/02,1500 UTC,0,"890,7","891,4","890,7","3272,7","24,1","5,3","24,3","22,1","6,5","5,1",35,29,30,81,"6,3",2
2022/09/02,1600 UTC,0,"890,1","890,8","890,1","3262,7","24,3",4,25,"23,2","5,7","3,8",31,26,27,109,"6,6","2,5"
2022/09/02,1700 UTC,0,"889,1","890,1",889,"3032,2","25,8","4,1","26,1","24,2","5,4","3,9",29,25,25,38,"6,3",3
2022/09/02,1800 UTC,0,"888,4","889,1","888,4","2596,4","26,6","4,7","26,7",25,"4,7","2,8",25,22,25,55,"6,2","3,1"
2022/09/02,1900 UTC,0,"888,2","888,4","888,1","1960,4",26,"3,9","27,5","25,9","5,1","3,9",26,24,24,174,"6,2","2,7"
2022/09/02,2000 UTC,0,"888,3","888,3","888,2","1182,4",26,"5,1","26,8","25,9","5,1","3,7",26,23,26,135,"5,8","2,6"
2022/09/02,2100 UTC,0,"888,5","888,5","888,3","326,5","24,3","4,7","25,9","24,3","5,4","4,7",28,26,28,118,"5,5","2,4"
2022/09/02,2200 UTC,0,"888,9","888,9","888,5",,"22,8","5,2","24,3","22,8","5,4","4,5",32,28,32,114,"4,1","2,1"
2022/09/02,2300 UTC,0,"889,6","889,6","888,9",,"21,7","5,7","22,8","21,7","5,8","5,1",35,32,35,109,"4,6","2,4"
2022/09/03,0000 UTC,0,"890,1","890,1","889,6",,"20,6",6,"21,8","20,6",6,"5,6",38,35,38,106,"4,4","2,2"
2022/09/03,0100 UTC,0,"890,3","890,4","890,1",,20,"5,9","20,7","19,9","6,1","5,9",40,39,40,109,"4,4","1,9"
2022/09/03,0200 UTC,0,"890,6","890,6","890,3",,"18,9","5,9","20,1","18,9","6,1","5,8",43,40,43,109,"4,1","1,5"
2022/09/03,0300 UTC,0,"890,5","890,7","890,5",,"15,6","6,5",19,"15,3","6,5","5,6",55,43,55,76,"2,6","1,2"
2022/09/03,0400 UTC,0,"890,1","890,5","890,1",,"15,5","6,5","16,4","14,7","6,8",6,57,53,55,142,"2,7","1,9"
2022/09/03,0500 UTC,0,"889,6","890,1","889,6",,"17,8","6,3","17,9","14,7",7,"6,2",58,47,47,101,"3,9","1,7"
2022/09/03,0600 UTC,0,"889,4","889,6","889,3",,"13,9","6,4","17,9","13,9","6,6","5,9",61,47,61,120,3,"1,1"
2022/09/03,0700 UTC,0,"889,1","889,4","889,1",,"14,5","6,7","15,3","12,8","7,4","6,5",67,58,59,90,"2,6","1,4"
2022/09/03,0800 UTC,0,"889,2","889,2","889,1",,"12,5","6,8","14,5","12,4","7,3","6,4",69,59,68,87,"2,8",1
2022/09/03,0900 UTC,0,"889,4","889,4","889,1",,16,"6,4","16,8","12,3","7,6","6,4",69,51,53,73,"3,7","1,4"
2022/09/03,1000 UTC,0,"889,7","889,7","889,4","109,7","17,6","7,2","17,6","12,7","7,5","5,9",66,51,51,65,"2,7","1,5"
2022/09/03,1100 UTC,0,"890,3","890,3","889,7","850,2","20,6","6,1","20,6","17,6","7,1",6,50,39,39,52,"5,5","3,1"
2022/09/03,1200 UTC,0,"890,7","890,7","890,3",1761,"23,2","5,7","23,6","20,6","6,3","5,6",39,32,32,58,"5,6","2,8"
2022/09/03,1300 UTC,0,891,891,"890,7","2515,8","24,8","5,5","25,6","22,8","6,5",5,33,27,29,53,"5,8","2,7"
2022/09/03,1400 UTC,0,"890,6",891,"890,6","3054,8","26,1","3,5","26,5","24,8","5,2","0,4",29,19,23,14,"5,4","1,9"
2022/09/03,1500 UTC,0,"889,9","890,6","889,8",3309,"27,1","-1,9","27,9","26,2","3,5","-2,3",23,14,15,144,"6,9","3,4"
2022/09/03,1600 UTC,0,889,"889,9",889,3261,"28,8","-1,7",29,27,"0,3","-2,4",17,14,14,64,"6,9","2,9"
2022/09/03,1700 UTC,0,888,889,888,"3075,9","28,9","-2,5","29,5","28,1","-0,9","-2,7",15,13,13,124,"8,9","2,7"
2022/09/03,1800 UTC,0,"887,3",888,"887,3","2646,1","28,9","-1,9","30,2","28,5","-1,1","-2,4",14,13,13,115,"7,9","3,2"
2022/09/03,1900 UTC,0,"887,3","887,4","887,2","1934,7","28,4",-2,"29,7","28,3","-0,6","-2,5",14,13,14,137,"7,8","3,7"
2022/09/03,2000 UTC,0,"887,4","887,4","887,2","1080,7","27,7","-1,5","28,7","27,7","-1,5","-2,7",15,13,15,110,"7,5","2,9"
2022/09/03,2100 UTC,0,"887,8","887,8","887,4","266,1","25,9",-1,"27,7","25,9",-1,"-2,2",17,14,17,110,"5,9","1,7"
2022/09/03,2200 UTC,0,"888,2","888,2","887,8",,"24,5","-1,9","25,9","24,1","-0,9","-1,9",19,17,17,98,"3,7",2
2022/09/03,2300 UTC,0,"888,7","888,7","888,2",,"22,5",-2,"24,5","20,4","-0,9","-2,2",24,17,19,103,"3,7","1,6"
2022/09/04,0000 UTC,0,"889,3","889,3","888,7",,"23,1","-2,4","23,6","22,5",-2,-3,19,17,18,100,4,"2,1"
2022/09/04,0100 UTC,0,"889,7","889,7","889,3",,"22,1","-1,1","23,6","21,4","-1,1","-2,5",21,18,21,113,"3,9","1,8"
2022/09/04,0200 UTC,0,"889,6","889,7","889,6",,"22,2","-0,2","22,3","21,1","-0,1","-1,2",23,21,23,70,"4,4","2,2"
2022/09/04,0300 UTC,0,"889,5","889,7","889,5",,"21,1","-0,1","22,2",21,"0,2","-0,2",25,23,24,88,"4,4",2
2022/09/04,0400 UTC,0,"889,1","889,5","889,1",,"16,6","1,6","21,2","15,7","1,8","-0,1",38,24,36,138,"3,1","0,3"
2022/09/04,0500 UTC,0,"888,4","889,1","888,4",,"15,1",2,"16,6",15,"2,4","1,4",42,36,41,96,"1,6","1,2"
2022/09/04,0600 UTC,0,"888,1","888,4","888,1",,"18,2","0,7",19,"14,8","2,2","0,7",42,30,31,94,"2,8","1,5"
2022/09/04,0700 UTC,0,888,"888,2","887,9",,15,"1,8","18,2","14,5","2,3","0,5",43,31,41,44,"2,2","0,8"
2022/09/04,0800 UTC,0,"888,1","888,1","887,9",,"14,8","2,5","15,6","14,4","2,6","1,8",45,41,43,77,"2,4","1,1"
2022/09/04,0900 UTC,0,"888,5","888,5","888,1",,"14,7","2,1","15,5","14,4","2,8","1,9",45,41,43,40,"2,2","1,1"
2022/09/04,1000 UTC,0,"889,2","889,2","888,5",109,"19,6","1,5","19,6","14,5",3,"0,9",47,29,30,59,"2,4","1,4"
2022/09/04,1100 UTC,0,"889,6","889,6","889,2","787,7","22,7","1,9","22,8","19,6",4,"0,7",33,25,25,17,"3,7","1,8"
2022/09/04,1200 UTC,0,890,890,"889,5","1680,9","24,7",3,"24,8","22,7","3,2","1,7",26,24,25,61,6,"3,6"
2022/09/04,1300 UTC,0,"890,5","890,5",890,"2432,4","27,1","0,9","27,3","24,7","3,2","0,6",25,18,18,55,"7,4","3,7"
2022/09/04,1400 UTC,0,"890,4","890,6","890,2",2974,"28,4","1,5","28,5","27,1","1,8","0,5",19,17,18,77,"8,2","4,1"
2022/09/04,1500 UTC,0,"889,9","890,3","889,8","3237,2","29,5","2,7","29,6","27,9","2,7","1,2",18,17,18,90,"8,2","2,9"
2022/09/04,1600 UTC,0,889,"889,9",889,"3211,4","29,8","2,2","30,5","28,7","2,8","1,5",18,16,17,69,"8,3","3,3"
2022/09/04,1700 UTC,0,"888,2",889,"888,2","2882,3","30,1","1,7","30,8","29,2","2,2","1,2",17,16,16,131,"8,8","3,5"
2022/09/04,1800 UTC,0,"887,4","888,2","887,4","2493,9","30,4","1,7","31,1","29,3","2,2","0,7",17,15,16,100,"8,6","3,7"
2022/09/04,1900 UTC,0,"887,3","887,4","887,2","1708,9","29,8","1,7","30,6","29,5","2,3","1,3",17,16,16,114,"8,8","3,7"
2022/09/04,2000 UTC,0,"887,5","887,6","887,3",980,"29,1","1,5","29,8",29,"1,6","0,5",17,16,17,114,"6,9","3,3"
2022/09/04,2100 UTC,0,"887,8","887,8","887,5","277,5","27,4","1,8","29,1","27,4",2,1,19,16,19,135,"6,6","2,2"
2022/09/04,2200 UTC,0,"888,4","888,4","887,8",,"25,7","3,1","27,4","25,7","3,1","1,8",23,19,23,114,"4,3","1,7"
2022/09/04,2300 UTC,0,"889,2","889,2","888,4",,"24,8","2,9",26,"24,8","3,1","2,3",24,22,24,113,"4,2","1,8"
2022/09/05,0000 UTC,0,"889,7","889,7","889,2",,"23,6","3,1","24,8","23,4","3,3",3,27,24,26,107,"4,4","1,9"
2022/09/05,0100 UTC,0,890,"890,1","889,7",,"22,7","3,4","23,7","22,6","3,7","3,1",29,26,28,115,"3,6","1,9"
2022/09/05,0200 UTC,0,"890,3","890,3",890,,"22,2","3,2","22,7","21,9","3,7","3,2",30,28,29,107,"3,7","1,9"
2022/09/05,0300 UTC,0,"890,2","890,4","890,2",,"21,7","2,6","22,6","21,7","3,3","2,5",29,27,28,105,"4,1","1,8"
2022/09/05,0400 UTC,0,"889,6","890,2","889,6",,"20,9","2,9",22,"20,9","2,9","2,6",30,28,30,116,4,"1,5"
2022/09/05,0500 UTC,0,"888,9","889,6","888,9",,"16,3","4,2","21,2",16,"4,2","2,6",45,30,45,290,"3,9","0,9"
2022/09/05,0600 UTC,0,"889,1","889,1","888,5",,"18,8","4,6","19,5","15,6","4,7","4,1",47,37,39,114,"5,8","2,4"
2022/09/05,0700 UTC,0,889,"889,1","888,9",,"19,5","2,3","19,5","18,2","4,8","2,3",41,32,32,85,"4,6","2,1"
2022/09/05,0800 UTC,0,"889,1","889,2",889,,"16,5",3,"20,1","16,2","3,4","1,6",42,30,41,28,"3,1","1,5"
2022/09/05,0900 UTC,0,"889,8","889,8","889,1",,"19,3","1,9","19,8","16,5","2,9","1,8",41,31,31,58,"5,1","2,7"
2022/09/05,1000 UTC,0,"890,5","890,5","889,8","115,9","20,3","3,1","20,3","19,2","3,1","1,8",33,31,32,57,"7,4","2,9"
2022/09/05,1100 UTC,0,891,"891,1","890,5","827,7","22,7","2,8","22,7","20,3","3,6","2,8",32,27,27,34,"6,1","2,9"
2022/09/05,1200 UTC,0,"891,6","891,6",891,"1717,9","24,9","3,4","25,3","22,6",4,"2,7",27,24,25,31,"6,7","3,2"
2022/09/05,1300 UTC,0,"891,8","891,9","891,6","2456,8","26,4","3,3","27,5","24,9","4,3","2,9",25,22,23,86,"7,8","3,3"
2022/09/05,1400 UTC,0,"891,5","891,8","891,4","3000,6","27,6","3,8","28,6","26,4","4,4","2,6",23,20,22,63,"7,3","3,9"
2022/09/05,1500 UTC,0,891,"891,5",891,"3242,5","27,7","2,6","28,7","27,2","4,4","2,4",22,19,20,110,"8,3","4,3"
2022/09/05,1600 UTC,0,"890,3",891,"890,3","3258,1","29,8","2,4","29,9","27,7","3,2",2,20,17,17,62,"8,3","3,9"
2022/09/05,1700 UTC,0,"889,5","890,4","889,5","3017,2","29,2","2,6","30,2","28,3","3,3","1,7",19,17,18,77,"8,6","3,3"
2022/09/05,1800 UTC,0,"888,6","889,5","888,6","2566,8","29,5","2,2","30,4","28,6","3,8","2,1",19,17,17,111,"10,8","3,7"
2022/09/05,1900 UTC,0,"888,5","888,6","888,4","1916,9","29,3","1,5","30,3",29,"2,3","0,2",17,15,17,93,"8,9","4,3"
2022/09/05,2000 UTC,0,"889,1","889,1","888,5","1110,6","27,9","1,6","29,3","27,9",2,1,18,17,18,85,"8,4","4,1"
2022/09/05,2100 UTC,0,"889,5","889,5","889,1","293,2","26,6","1,1","27,9","26,6","1,7","0,7",19,17,19,95,9,"4,8"
2022/09/05,2200 UTC,0,"890,1","890,1","889,5",,"25,5","2,8","26,6","25,1","2,8","1,2",23,19,23,103,"7,9","2,8"
2022/09/05,2300 UTC,0,"890,9","890,9","890,1",,"24,5","4,4","25,6","24,4","4,5","2,7",27,23,27,107,"6,1","3,1"
2022/09/06,0000 UTC,0,"891,6","891,6","890,9",,"23,1","5,8","24,4","23,1","5,8","4,3",33,27,33,94,"6,3","3,2"
2022/09/06,0100 UTC,0,"892,1","892,1","891,6",,"22,5","7,4","23,2","22,3","7,4","5,8",38,33,38,92,"7,1","4,1"
2022/09/06,0200 UTC,0,"892,3","892,3",892,,"21,7",8,"22,5","21,7","8,1","7,4",41,38,41,94,"7,1","3,8"
2022/09/06,0300 UTC,0,"892,1","892,4","892,1",,"21,5","8,3",22,"21,2","8,3",8,43,41,43,93,"7,2","3,5"
2022/09/06,0400 UTC,0,"891,3","892,1","891,3",,"20,7","8,8","21,6","20,7","8,8","8,2",46,43,46,98,"7,9","3,7"
2022/09/06,0500 UTC,0,"890,7","891,3","890,7",,"19,9","9,4","20,8","19,9","9,4","8,8",51,46,51,83,"7,3","3,8"
2022/09/06,0600 UTC,0,"890,7","890,7","890,5",,"18,6","9,9","19,9","18,6",10,"9,4",57,51,57,92,"8,4","3,8"
2022/09/06,0700 UTC,0,"890,5","890,7","890,5",,"17,8","11,1","18,8","17,7","11,1","9,9",65,57,65,93,8,"4,9"
2022/09/06,0800 UTC,0,"890,8","890,8","890,4",,"17,3","11,1","17,8","17,1","11,1",11,67,65,67,73,"7,5","3,2"
2022/09/06,0900 UTC,0,"891,5","891,5","890,8",,17,"11,3","17,3",17,"11,3",11,69,67,69,67,"6,2","3,1"
2022/09/06,1000 UTC,0,"892,4","892,4","891,5","108,9","17,5","11,5","17,5","16,8","11,5","11,2",70,68,68,72,"8,5","4,2"
2022/09/06,1100 UTC,0,893,893,"892,4","774,7",19,"11,4","19,1","17,5","11,6","11,2",68,61,61,78,"8,4","4,7"
2022/09/06,1200 UTC,0,"893,4","893,4","892,9","1660,6","20,8","11,3",21,"18,7","11,6",11,62,55,55,80,"11,3","5,4"
2022/09/06,1300 UTC,0,"893,7","893,7","893,4","2406,5","23,1","11,2","23,1","20,7","11,5","10,8",55,47,47,74,"8,5",4
2022/09/06,1400 UTC,0,"893,3","893,7","893,3","2932,4","23,8",11,"24,5","22,1","11,7","10,9",49,44,45,62,"8,2","3,7"
2022/09/06,1500 UTC,0,"892,6","893,3","892,6","3186,7","25,3","11,6","25,3","23,4","11,6","10,8",46,41,42,78,"8,6","4,5"
2022/09/06,1600 UTC,0,"891,8","892,7","891,8","3209,8","25,9","9,9","26,7","24,4","11,3","9,9",42,36,37,67,"11,3","3,7"
2022/09/06,1700 UTC,0,"890,7","891,8","890,6","3026,2","26,5","9,6","27,5","25,7","10,5",9,38,33,35,100,"9,5","4,4"
2022/09/06,1800 UTC,0,"889,6","890,7","889,5","2284,3","27,4","9,3","27,7","25,5",10,"8,7",37,32,32,75,"9,5","3,6"
2022/09/06,1900 UTC,0,"889,4","889,6","889,3","1727,5",26,"8,4","27,5","25,9","9,4","8,4",35,32,33,98,"8,7","3,8"
2022/09/06,2000 UTC,0,"889,5","889,5","889,3","1100,4","25,7","8,9","26,8","25,7","9,3","8,5",35,32,35,107,"7,5","3,5"
2022/09/06,2100 UTC,0,"889,8","889,8","889,5","295,1","24,5","9,3","25,8","24,5","9,4",9,38,35,38,90,"7,8","3,6"
2022/09/06,2200 UTC,0,"890,3","890,3","889,8",,"23,5","9,8","24,5","23,5","9,8","9,3",42,38,42,90,"6,7","3,5"
2022/09/06,2300 UTC,0,"890,9","890,9","890,3",,"22,8",10,"23,5","22,7","10,1","9,8",44,42,44,90,"6,5","3,1"
2022/09/07,0000 UTC,0,"891,2","891,2","890,9",,22,"10,4","22,8",22,"10,4",10,48,44,48,96,"6,7","3,6"
2022/09/07,0100 UTC,0,"891,6","891,6","891,2",,"20,9","10,6",22,"20,9","10,7","10,4",52,48,52,101,"6,5","2,3"
2022/09/07,0200 UTC,0,"891,6","891,7","891,5",,"20,8","10,7","21,1","20,7","10,8","10,6",52,51,52,95,"8,7","4,7"
2022/09/07,0300 UTC,0,"891,3","891,7","891,3",,"19,8","10,8","20,8","19,8","10,9","10,6",56,52,56,97,"8,2",4
2022/09/07,0400 UTC,0,"890,5","891,3","890,5",,"19,3","10,7","19,8","19,3","10,9","10,7",58,56,57,74,"7,5","2,9"
2022/09/07,0500 UTC,0,"890,2","890,5","890,1",,19,"10,5","19,5",19,"10,8","10,5",59,57,58,62,6,"2,7"
2022/09/07,0600 UTC,0,"889,8","890,2","889,7",,"18,4","10,3",19,"18,3","10,5","10,2",59,58,59,67,"5,7","2,5"
2022/09/07,0700 UTC,0,"889,2","889,8","889,2",,"17,9","10,1","18,4","17,9","10,3","10,1",60,59,60,73,"6,4","3,7"
2022/09/07,0800 UTC,0,889,"889,2","888,9",,"17,4","9,9","18,1","17,3","10,1","9,8",62,60,62,72,"8,2","3,8"
2022/09/07,0900 UTC,0,"889,4","889,4",889,,"17,2","10,2","17,4","17,2","10,3","9,9",64,62,64,73,"8,8","5,1"
2022/09/07,1000 UTC,0,"890,2","890,2","889,2",63,"16,9","10,8","17,2","16,9","10,8","10,2",67,64,67,85,"9,9","4,4"
2022/09/07,1100 UTC,0,"890,8","890,9","890,2","499,1",18,"11,3","18,1","16,9","11,6","10,8",68,65,65,75,"8,4","3,9"
2022/09/07,1200 UTC,0,"891,3","891,4","890,7",1245,19,"11,5","19,1","17,6","11,7","11,1",66,61,62,72,8,"5,2"
2022/09/07,1300 UTC,0,"891,6","891,8","891,3","1237,2","20,7","11,6","20,7","18,9","11,8","11,3",62,56,56,81,8,"3,4"
2022/09/07,1400 UTC,0,"891,4","891,7","891,4","2601,5","21,9","11,2","22,7","20,3","11,7","11,1",57,49,51,78,8,"3,3"
2022/09/07,1500 UTC,0,"890,7","891,5","890,7","2407,7","23,7","11,2","23,8","21,6","11,8","10,9",52,45,45,46,"7,8","3,4"
2022/09/07,1600 UTC,0,"889,7","890,7","889,7","2349,3","24,2","10,3","24,3","23,1","11,4","9,7",46,41,41,73,"7,1","3,7"
2022/09/07,1700 UTC,0,"888,4","889,7","888,4","2699,2","25,1","9,8",26,"23,6","10,7","8,9",43,36,38,111,"7,5","3,3"
2022/09/07,1800 UTC,0,"887,6","888,4","887,6","2182,1","25,7","7,4","26,9","24,5","9,9","7,2",39,30,31,57,"6,3","2,4"
2022/09/07,1900 UTC,0,887,"887,6",887,"1826,2","26,2","7,5","26,6","24,9","8,1","6,5",32,30,31,54,"5,5","2,5"
2022/09/07,2000 UTC,0,887,887,"886,9","1152,9","25,3","7,5","26,9","25,2",8,"7,1",32,29,32,95,"5,9","3,4"
2022/09/07,2100 UTC,0,"887,6","887,6","886,9",318,"23,4","8,7","25,3","23,4","8,8","7,5",39,32,39,58,"6,1","2,2"
2022/09/07,2200 UTC,0,"888,2","888,2","887,6",,22,"8,3","23,4",22,"8,8","8,3",42,39,42,48,"6,3","2,5"
2022/09/07,2300 UTC,0,"888,7","888,7","888,2",,"21,4","9,2",22,"21,3","9,2","8,3",46,42,46,57,"5,5","2,3"
2022/09/08,0000 UTC,0,"889,3","889,3","888,7",,"20,7","10,3","21,4","20,5","10,3","9,1",52,46,52,68,4,"1,8"
2022/09/08,0100 UTC,0,"889,4","889,4","889,3",,"20,2","10,4","20,7","20,1","10,7","10,4",54,52,53,74,"3,7","2,1"
2022/09/08,0200 UTC,0,"889,4","889,5","889,4",,"19,6","9,5","20,4","19,6","10,4","9,5",53,51,52,91,"5,4","2,6"
2022/09/08,0300 UTC,0,"889,2","889,5","889,2",,"19,6","8,7",20,"19,5","9,6","8,7",52,49,50,87,"6,6","3,6"
2022/09/08,0400 UTC,0,"888,4","889,2","888,4",,"18,6","8,8","19,7","18,6","8,9","8,7",53,49,53,82,"6,2","2,1"
2022/09/08,0500 UTC,0,"887,9","888,4","887,9",,"18,1","8,7","18,7",18,"8,8","8,5",54,52,54,91,"3,6","1,7"
2022/09/08,0600 UTC,0,"887,6","887,9","887,6",,"17,9","8,8","18,2","15,4","9,1","8,2",64,54,55,82,"3,8",2
2022/09/08,0700 UTC,0,"887,4","887,7","887,4",,"17,6","8,6",18,"17,5","8,8","8,5",56,55,56,71,"3,8","1,7"
2022/09/08,0800 UTC,0,"887,8","887,8","887,4",,"17,3","8,6",18,"17,2","8,7","8,4",57,54,57,96,"4,3",2
2022/09/08,0900 UTC,0,"888,4","888,4","887,8",,"16,5","8,5","17,7","16,5","8,6","8,2",59,55,59,84,"5,5","1,7"
2022/09/08,1000 UTC,0,"888,9","888,9","888,4","130,6","17,7","8,4","17,7","16,4","8,6","8,4",59,54,55,73,"5,2","2,9"
2022/09/08,1100 UTC,0,"889,7","889,7","888,9","839,9","19,4","8,9","19,5","17,7","9,1","8,4",55,50,50,68,"5,4","2,6"
2022/09/08,1200 UTC,0,"890,5","890,5","889,7",1720,"21,8","9,1","21,8","19,1","9,1","8,5",51,44,44,48,"5,9",3
2022/09/08,1300 UTC,0,"890,7","890,8","890,5",2462,"23,6","8,5","23,7","21,2","9,1","8,5",45,38,38,61,"5,9","2,2"
2022/09/08,1400 UTC,0,"890,5","890,8","890,5","2987,8","25,4","8,1",26,"22,9","9,2","8,1",40,33,33,48,"6,2","1,8"
2022/09/08,1500 UTC,0,"889,7","890,5","889,7","3240,6","26,5",6,"26,9","24,8",9,6,36,27,27,95,"5,8",2
2022/09/08,1600 UTC,0,"888,7","889,7","888,7","3243,5","27,9","6,6",28,"26,4","7,4","5,6",29,26,26,56,"6,6","1,6"
2022/09/08,1700 UTC,0,"887,6","888,7","887,6",3030,"27,8","5,5","29,4","27,5","7,3",5,27,22,24,64,"7,2",3
2022/09/08,1800 UTC,0,"886,8","887,6","886,8","2400,2","28,4","6,3","29,5","27,4","6,3","4,8",25,22,25,104,"7,4","3,5"
2022/09/08,1900 UTC,0,"886,3","886,8","886,3","1589,9",28,"6,2","29,6","27,4","6,5","5,5",26,23,25,97,"6,5","3,3"
2022/09/08,2000 UTC,0,"886,4","886,4","886,3","881,4","27,5","5,3","28,7","27,4","6,2","4,8",26,23,24,106,"6,7","2,4"
2022/09/08,2100 UTC,0,"886,9","886,9","886,4","184,5","26,2",5,"27,5","26,1","5,2","4,7",26,24,26,112,"6,6","2,8"
2022/09/08,2200 UTC,0,"887,5","887,5","886,9",,"24,9","5,1","26,3","24,8","5,4","4,9",28,26,28,101,6,"2,1"
2022/09/08,2300 UTC,0,"887,9","887,9","887,5",,"23,8","5,5","24,9","23,8","5,5",5,31,28,31,89,"4,4","2,1"
2022/09/09,0000 UTC,0,"888,5","888,5","887,9",,"23,2","5,7","24,1","23,2","5,7","5,4",32,30,32,93,"4,4","2,4"
2022/09/09,0100 UTC,0,"888,8","888,8","888,5",,"22,4","5,9","23,3","22,3","5,9","5,6",34,32,34,85,"4,8","2,6"
2022/09/09,0200 UTC,0,"888,8","888,8","888,7",,"21,6","7,3","22,7","21,6","7,3",6,40,34,40,86,"4,8",2
2022/09/09,0300 UTC,0,"888,7","888,9","888,7",,"18,9","7,2","21,6","18,9","7,8","7,1",46,40,46,109,"3,4","1,3"
2022/09/09,0400 UTC,0,888,"888,7",888,,"20,2","7,5","20,4","18,8","7,9","7,2",47,44,44,114,3,"1,8"
2022/09/09,0500 UTC,0,"887,4",888,"887,4",,"16,3","7,9","20,2","16,3",8,7,58,44,58,96,"2,9","0,8"
2022/09/09,0600 UTC,0,"887,3","887,5","887,3",,18,"8,3","19,6","15,9","8,9","7,3",59,48,53,117,"3,5","1,6"
2022/09/09,0700 UTC,0,"887,6","887,7","887,3",,"17,1","7,9",19,"17,1","8,5","7,9",55,50,55,120,"2,9","1,4"
2022/09/09,0800 UTC,0,"887,9",888,"887,6",,"16,5","8,9","17,9","14,7","8,9","7,5",65,53,61,84,"2,2","1,1"
2022/09/09,0900 UTC,0,"888,7","888,7","887,9",,"14,2","8,4","16,5","13,9","8,9","7,9",70,59,68,105,2,"0,8"
2022/09/09,1000 UTC,0,"889,7","889,7","888,7","138,3","16,7","9,6","16,7","14,1","9,7","8,1",68,62,63,89,"2,1","0,4"
2022/09/09,1100 UTC,0,"890,7","890,7","889,7","833,7","21,9","8,5",22,"16,8","10,7","8,4",63,42,42,66,"3,6","1,9"
2022/09/09,1200 UTC,0,"891,3","891,3","890,7","1717,7","23,2","8,5","23,4","21,5",9,"8,3",43,39,39,45,"4,5","2,5"
2022/09/09,1300 UTC,0,"891,6","891,7","891,3","2466,4","25,3","8,4","25,6",23,"8,9","8,3",40,33,34,72,"5,9","2,2"
2022/09/09,1400 UTC,0,"891,2","891,6","891,2","3002,2","27,2","7,4","27,3",25,"8,5","6,7",35,28,29,81,"6,8","3,4"
2022/09/09,1500 UTC,0,"890,5","891,2","890,5","3275,2","27,7","6,3","28,7","26,3","7,6","5,5",30,24,26,107,"7,3",4
2022/09/09,1600 UTC,0,"889,8","890,5","889,7","3211,6","28,6","3,4","28,9","27,3","6,4","2,1",26,18,20,150,"9,2","4,3"
2022/09/09,1700 UTC,0,"888,8","889,8","888,8","3016,4","28,9","3,2","29,7",28,"3,6","1,8",20,17,19,106,"9,6",5
2022/09/09,1800 UTC,0,"887,8","888,8","887,8","2603,7","28,9","2,6","29,5",28,"3,7","2,5",20,18,19,123,"9,6","4,4"
2022/09/09,1900 UTC,0,"887,6","887,9","887,6","1958,1","28,4",3,"29,4",28,"3,1",2,20,18,20,113,"8,3","3,8"
2022/09/09,2000 UTC,0,"887,8","887,8","887,5","1133,4","27,5","2,9","28,5","27,5","3,1","2,3",21,19,21,116,"7,1","3,1"
2022/09/09,2100 UTC,0,"888,2","888,2","887,8","310,7","26,1","3,1","27,6",26,"3,3","2,8",23,20,23,121,"6,8","2,4"
2022/09/09,2200 UTC,0,"888,7","888,7","888,2",,"24,2","4,6","26,1","23,5","4,6","3,1",28,23,28,129,"4,4","1,8"
2022/09/09,2300 UTC,0,"889,5","889,5","888,7",,"22,6","4,4","24,3","22,5","4,8","4,4",31,28,31,138,"3,8","1,6"
2022/09/10,0000 UTC,0,"890,3","890,3","889,5",,"22,4","4,9",23,"21,7",5,"4,4",33,30,32,98,"4,2","2,1"
2022/09/10,0100 UTC,0,"890,7","890,7","890,4",,"22,1","4,8","22,8",22,"5,1","4,7",33,31,32,101,"4,4","2,3"
2022/09/10,0200 UTC,0,"890,6","890,7","890,6",,"22,3","4,2","22,6","22,1","4,8","3,9",32,30,31,81,"5,4",3
2022/09/10,0300 UTC,0,"890,5","890,6","890,5",,"21,2",5,"22,3","21,1","5,1","4,1",35,31,35,70,"5,4","1,6"
2022/09/10,0400 UTC,0,"889,8","890,5","889,8",,"17,4","5,5","21,4","17,1","5,8","4,9",46,34,46,85,"3,5","1,1"
2022/09/10,0500 UTC,0,"889,1","889,8","889,1",,"17,6",5,"17,6","16,3","5,5","4,8",47,43,43,87,2,"1,1"
2022/09/10,0600 UTC,0,"888,9","889,1","888,9",,"15,1","5,1","18,1","15,1","5,2","4,6",51,42,51,186,"2,1","0,4"
2022/09/10,0700 UTC,0,"888,8","888,9","888,8",,"14,9","5,5","16,3","14,9","5,8","5,1",53,49,53,262,"1,5","0,9"
2022/09/10,0800 UTC,0,"888,8","888,9","888,8",,"14,9","5,5","16,4","14,7","6,2",5,54,49,54,114,2,"0,9"
2022/09/10,0900 UTC,0,"889,2","889,3","888,8",,"14,7","5,9","15,2","14,5","5,9","5,5",56,53,55,127,"2,3","1,6"
2022/09/10,1000 UTC,0,890,890,"889,3","154,9",19,"5,1",19,14,"7,1","5,1",58,40,40,129,"2,6","1,6"
2022/09/10,1100 UTC,0,"890,8","890,8",890,"890,9",22,"6,1",22,19,"6,1","4,8",41,34,36,124,"3,8","2,3"
2022/09/10,1200 UTC,0,"891,2","891,2","890,8","1788,6","24,1","5,8","24,1","21,9","6,1","4,9",36,31,31,68,"5,8","3,3"
2022/09/10,1300 UTC,0,"891,5","891,5","891,2","2533,4","26,4",3,"26,5","23,9","5,6","2,9",31,22,22,72,"6,5","3,4"
2022/09/10,1400 UTC,0,891,"891,5",891,"3056,4","27,6","2,9","28,2","26,2","3,8","2,2",23,19,20,82,"6,6","2,7"
2022/09/10,1500 UTC,0,"890,3",891,"890,3","3314,8","28,7","2,2","29,4","27,6","3,5","2,2",20,18,18,100,"8,9","2,9"
2022/09/10,1600 UTC,0,"889,4","890,3","889,4","3316,5","29,1","1,5",30,"28,4","2,7","0,8",19,16,17,118,"8,5","3,4"
2022/09/10,1700 UTC,0,"888,3","889,4","888,3","3070,2","29,5","-0,2","30,5","28,8",2,"-0,2",17,15,15,124,"7,9","3,4"
2022/09/10,1800 UTC,0,"887,3","888,3","887,3","2630,4","29,9","1,1",31,"29,2","1,7","-0,2",16,14,16,139,"7,6","2,8"
2022/09/10,1900 UTC,0,887,"887,3","886,9","1958,3","29,7","0,6","30,7","29,7","1,6","0,5",16,15,15,99,"6,8","2,8"
2022/09/10,2000 UTC,0,"887,2","887,3","886,9","1136,2","29,1","0,7","30,1","29,1","1,5","0,4",17,15,16,133,"6,4","2,9"
2022/09/10,2100 UTC,0,"887,5","887,5","887,2","311,3","27,5","2,1","29,2","27,5","2,1","0,5",19,16,19,126,6,2
2022/09/10,2200 UTC,0,"887,8","887,8","887,4",,"23,7",3,"27,5","23,7",3,"2,1",26,19,26,135,"4,4","1,2"
2022/09/10,2300 UTC,0,"888,3","888,3","887,8",,"23,3","1,7","26,3","22,9","3,2","1,5",27,20,24,162,"3,8","1,1"
2022/09/11,0000 UTC,0,"888,9","888,9","888,3",,"24,6","2,8",25,"22,7","2,9","1,4",26,24,24,71,"4,5","2,2"
2022/09/11,0100 UTC,0,"889,4","889,4","888,9",,"24,1","2,9","24,6","23,6","3,1","2,8",26,24,25,77,"4,3","1,7"
2022/09/11,0200 UTC,0,"889,7","889,7","889,4",,"23,2","2,8","24,2","22,2","3,2","2,6",28,25,26,79,"3,9","2,1"
2022/09/11,0300 UTC,0,"889,4","889,7","889,4",,"22,3","2,9","23,7","22,3","3,1","2,7",28,26,28,51,4,"1,5"
2022/09/11,0400 UTC,0,"888,8","889,4","888,8",,"20,2","3,8","23,7","20,2","3,8","2,5",34,25,34,136,"5,8","1,8"
2022/09/11,0500 UTC,0,"888,3","888,8","888,3",,"18,7","3,9","22,3","18,7","4,1","2,9",38,28,38,173,"4,9","1,1"
2022/09/11,0600 UTC,0,"887,8","888,3","887,8",,"17,6","4,7","18,7","16,8","4,9","3,9",44,38,42,36,"2,8","1,3"
2022/09/11,0700 UTC,0,"887,7","887,8","887,7",,"17,7","4,2","19,3","17,6","4,7","3,8",42,36,41,29,"2,6","1,2"
2022/09/11,0800 UTC,0,888,888,"887,7",,"16,9","5,7","18,3",16,"5,8","4,1",50,41,48,147,"3,1","1,6"
2022/09/11,0900 UTC,0,"888,1","888,1",888,,"15,2","5,4","18,3","15,2","5,6","4,5",52,41,52,35,"3,8","1,2"
2022/09/11,1000 UTC,0,"888,9","888,9","888,1","137,5",20,"5,6","21,7","15,2","6,3","3,1",52,30,39,35,"3,4","0,8"
2022/09/11,1100 UTC,0,"889,5","889,5","888,9","838,8","25,6","2,3","25,7",19,7,"2,3",44,22,22,69,"4,9","2,5"
2022/09/11,1200 UTC,0,"889,8","889,8","889,5","1719,8","27,4","1,5","27,6","25,6","2,8","1,4",22,19,19,77,"6,3","3,8"
2022/09/11,1300 UTC,0,"890,1","890,1","889,8","2476,5","28,8","1,7","29,3","27,4","2,4","0,6",19,16,18,65,"6,5","3,4"
2022/09/11,1400 UTC,0,"889,5","890,1","889,5","3002,1","30,3","0,9","30,3","28,7","1,9","0,7",18,15,15,82,"7,2","3,7"
2022/09/11,1500 UTC,0,"888,4","889,5","888,4","3258,9","30,1","1,3","30,9","29,5","1,6","0,6",16,15,16,76,"8,3","3,8"
2022/09/11,1600 UTC,0,"887,5","888,4","887,5","3232,4","30,7","1,2","31,4","29,8",2,1,16,15,15,45,"7,3","3,2"
2022/09/11,1700 UTC,0,"886,5","887,5","886,5","2993,6","31,1","0,9","31,6","30,2","1,6","0,4",16,14,14,110,"7,6",4
2022/09/11,1800 UTC,0,"885,5","886,5","885,5",2501,"32,2","0,9","32,2","30,8","1,6","0,3",15,14,14,126,"7,5",2
2022/09/11,1900 UTC,0,885,"885,6",885,"1886,6","31,1","0,4","32,2","30,7","1,3","-0,2",15,13,14,83,7,"2,5"
2022/09/11,2000 UTC,0,"885,2","885,3",885,1080,"30,5","0,3","31,4","30,4","1,4",0,15,14,14,116,7,"2,8"
2022/09/11,2100 UTC,0,"885,6","885,6","885,2","269,8","28,4","1,6","30,5","28,4","1,6","0,3",18,14,18,123,6,"1,6"
2022/09/11,2200 UTC,0,"886,1","886,2","885,6",,"27,2","2,5","28,4",27,"2,9","1,4",21,18,20,74,"3,6","1,5"
2022/09/11,2300 UTC,0,"886,6","886,6","886,1",,"26,2","1,4","27,2","26,1","2,5","1,4",20,19,20,65,"3,3","1,7"
2022/09/12,0000 UTC,0,"887,3","887,3","886,6",,"25,3","1,2","26,4","23,9","1,8",1,23,19,21,82,"4,1","1,8"
2022/09/12,0100 UTC,0,"887,6","887,6","887,3",,"24,8","1,4","26,3","24,8","1,4","0,5",22,19,22,88,"3,9","1,7"
2022/09/12,0200 UTC,0,"887,8","887,8","887,6",,"21,2","2,8","25,4","21,1","3,2","1,4",30,21,30,83,"3,6","0,7"
2022/09/12,0300 UTC,0,"887,6","887,9","887,6",,"22,5","2,5","23,5","20,4","3,8","2,5",33,25,27,88,"2,1","1,3"
2022/09/12,0400 UTC,0,"887,1","887,6","887,1",,"22,5","2,4","23,9","21,2","3,7","1,9",30,24,27,92,"3,4","1,6"
2022/09/12,0500 UTC,0,"886,6","887,1","886,6",,"18,6","3,6","24,2","18,6","3,6","1,5",37,23,37,288,"3,4","1,3"
2022/09/12,0600 UTC,0,"886,2","886,6","886,2",,"18,2","3,4","18,5","17,8","4,1","3,3",39,37,37,314,"1,7","0,8"
2022/09/12,0700 UTC,0,886,"886,2","885,9",,"18,6","2,8","18,8","18,1","3,4","2,8",37,34,35,343,"1,6","1,2"
2022/09/12,0800 UTC,0,"886,1","886,1",886,,"19,2","2,3","19,2","17,8","3,1","2,2",36,32,32,358,2,"0,7"
2022/09/12,0900 UTC,0,"886,9","886,9","886,1",,"22,4","2,4","22,7","17,6","4,8","2,2",41,26,27,66,"5,6","2,3"
2022/09/12,1000 UTC,0,"887,5","887,5","886,9","129,5",22,"3,2","22,6","21,6","3,2","2,4",29,27,29,68,"6,1","2,9"
2022/09/12,1100 UTC,0,"888,2","888,3","887,5","635,9",24,"2,8","24,1","21,9","3,6","2,8",29,25,25,47,"6,3","3,1"
2022/09/12,1200 UTC,0,"888,6","888,6","888,3","1717,9","27,1","3,5","27,1","23,8","3,6","2,7",26,22,22,52,"9,5","4,5"
2022/09/12,1300 UTC,0,"888,7","888,8","888,6","2465,8","29,9","3,2",30,"27,1","3,8","2,6",22,18,18,36,"8,5",4
2022/09/12,1400 UTC,0,"888,4","888,7","888,4","2991,4","30,3","1,1","30,9",29,"3,1","0,9",18,15,15,36,"8,3","3,9"
2022/09/12,1500 UTC,0,"887,5","888,4","887,5","3238,9","31,3","0,5","32,2","30,2","1,4","-0,2",15,14,14,63,"8,9",4
2022/09/12,1600 UTC,0,"886,6","887,5","886,5","3264,8","31,5","0,1","32,1","30,5","1,1","-0,1",15,13,13,33,"8,3","3,4"
2022/09/12,1700 UTC,0,"885,5","886,6","885,5","3023,5","31,6","0,2","32,2","30,6","0,6","-0,6",14,13,13,316,"10,2","1,7"
2022/09/12,1800 UTC,0,"884,6","885,5","884,6","2557,7","30,9","0,2","32,1","30,8","0,6","-0,3",14,13,14,59,"7,3","2,7"
2022/09/12,1900 UTC,0,"884,1","884,6","884,1","1831,7",31,"0,4","31,6","30,8","0,7",0,14,14,14,80,"7,4","3,5"
2022/09/12,2000 UTC,0,"884,3","884,3","884,1","1036,9","30,2","1,1",31,30,"1,1","0,2",16,14,16,76,"6,9","2,7"
2022/09/12,2100 UTC,0,"884,7","884,7","884,3","236,8","28,4","1,4","30,2","28,4","1,4","0,5",17,15,17,60,"5,8","2,9"
2022/09/12,2200 UTC,0,"884,9","884,9","884,7",,"27,1","1,9","28,4","27,1","1,9","1,5",20,17,20,59,"5,8","2,2"
2022/09/12,2300 UTC,0,"885,4","885,4","884,9",,"25,9","2,3","27,1","25,9","2,3","1,9",22,20,21,53,"4,9","1,9"
2022/09/13,0000 UTC,0,"885,9","885,9","885,4",,25,"2,4","26,1","24,7","2,5","2,3",23,21,23,58,"4,3","1,6"
2022/09/13,0100 UTC,0,886,886,"885,8",,"24,8","3,1","25,3","24,5","3,1","2,4",25,23,25,85,"4,6","2,7"
2022/09/13,0200 UTC,0,"886,2","886,3",886,,"24,8","3,6",25,"24,2","3,6","3,1",26,24,25,72,"5,5",3
2022/09/13,0300 UTC,0,886,"886,3",886,,"24,1","3,7","24,8","24,1","3,7","3,5",27,25,27,75,"6,5","3,1"
2022/09/13,0400 UTC,0,"885,4","886,1","885,4",,"23,7","3,5","24,1","23,3","3,8","3,4",28,27,27,61,"6,2","2,5"
2022/09/13,0500 UTC,0,885,"885,4",885,,"22,4","2,7","23,8","22,2","3,5","2,6",28,26,27,36,"6,2","1,5"
2022/09/13,0600 UTC,0,"884,9",885,"884,8",,"20,6","2,6","22,4","20,6","2,7","2,3",30,27,30,21,"3,7","1,5"
2022/09/13,0700 UTC,0,"884,8","884,9","884,7",,"21,3","2,2","22,1","20,1","2,8","2,2",31,27,28,27,"3,9","1,6"
2022/09/13,0800 UTC,0,885,885,"884,8",,19,"2,9","21,4","17,7","3,2","2,1",38,28,34,10,"4,1","2,1"
2022/09/13,0900 UTC,0,"885,4","885,4","884,9",,"21,3","1,5","21,6",19,"2,8","1,5",34,27,27,30,"4,4","1,9"
2022/09/13,1000 UTC,0,"886,3","886,3","885,4","141,5","22,5","1,3","22,5","21,1","1,5","1,2",27,25,25,44,"3,8","1,5"
2022/09/13,1100 UTC,0,"887,2","887,2","886,3","827,5","24,6","0,8","24,7","22,5","1,5","0,8",25,21,21,28,"5,1","2,4"
2022/09/13,1200 UTC,0,"887,8","887,8","887,2","1696,3","26,9","1,3","26,9","24,5","1,4","0,4",21,19,19,54,"6,5","2,6"
2022/09/13,1300 UTC,0,"887,9",888,"887,8","2452,2","28,1","0,8","28,8","26,4","1,7","0,6",19,16,17,28,"5,8",3
2022/09/13,1400 UTC,0,"887,4","887,9","887,4","2985,7","30,3","1,2","30,5","28,2","1,6","0,4",17,15,16,46,"5,8","2,4"
2022/09/13,1500 UTC,0,"886,6","887,4","886,6","3233,7","31,5","0,6","31,9",30,"1,6","0,2",16,13,14,29,8,"2,2"
2022/09/13,1600 UTC,0,"885,8","886,6","885,8","3058,4","32,1","0,4","32,7","30,7","1,6","-0,2",14,13,13,253,"6,2","2,6"
2022/09/13,1700 UTC,0,"884,6","885,8","884,6","2885,4","32,2","0,6",33,"31,3","0,9","-0,2",14,13,13,106,"6,1","2,6"
2022/09/13,1800 UTC,0,"883,8","884,6","883,8","2388,9","32,1",0,"33,5","31,3","0,9","-0,3",14,12,13,68,"6,5","2,3"
2022/09/13,1900 UTC,0,"883,5","883,8","883,5","1856,4","32,7","0,7","33,2","31,9","0,9","-0,1",13,12,13,282,5,"2,6"
2022/09/13,2000 UTC,0,"883,8","883,9","883,6","799,2","30,7","0,7","32,7","30,7","2,8","-0,1",17,13,15,41,5,"0,9"
2022/09/13,2100 UTC,0,"884,3","884,3","883,8","121,4","29,3","3,4","30,8","29,3","4,2","-0,2",20,14,19,95,"3,8","1,2"
2022/09/13,2200 UTC,0,"884,8","884,8","884,3",,"28,4","2,1","29,7","28,4","2,2","1,2",19,16,18,47,"4,7","1,9"
2022/09/13,2300 UTC,0,"885,5","885,5","884,8",,"26,8","2,2","28,4","26,7","2,3",2,21,18,20,92,"4,1","2,3"
2022/09/14,0000 UTC,0,886,886,"885,5",,"26,3",2,27,"26,2","2,4",2,21,20,21,55,"4,3","1,8"
2022/09/14,0100 UTC,0,"886,3","886,3",886,,"25,5",2,"26,2","25,3","2,2",2,22,21,22,45,"4,1","2,1"
2022/09/14,0200 UTC,0,"886,7","886,7","886,3",,"24,9","1,8","25,8","24,7",2,"1,7",22,21,22,66,"4,4","1,5"
2022/09/14,0300 UTC,0,"886,5","886,8","886,5",,"24,6","1,1","25,2",23,"2,2","1,1",25,21,21,41,"4,8","2,1"
2022/09/14,0400 UTC,0,"886,2","886,6","886,2",,"21,5","1,8","24,7",21,"2,1",1,28,21,27,14,"4,8",2
2022/09/14,0500 UTC,0,"886,2","886,3","886,2",,"19,2","2,5","21,8",19,"2,6","1,2",34,26,33,324,"2,9","1,4"
2022/09/14,0600 UTC,0,"886,2","886,2","886,1",,"20,1","2,3","20,1","18,6","2,4",2,34,31,31,19,"2,2","1,3"
2022/09/14,0700 UTC,0,"886,2","886,3","886,1",,"18,6","2,8","21,4","17,6","3,1","1,9",38,28,35,329,"3,6",1
2022/09/14,0800 UTC,0,"886,3","886,3","886,2",,"18,6","2,4","19,6","18,5","2,8","2,1",35,32,34,6,3,"1,4"
2022/09/14,0900 UTC,0,"886,8","886,8","886,3",,20,"2,3","20,1","18,5","2,8","2,3",35,31,31,13,"2,8","1,8"
2022/09/14,1000 UTC,0,"887,6","887,6","886,8","155,2","22,3","3,2","22,3","19,7","5,1","2,2",38,29,29,18,3,"1,8"
2022/09/14,1100 UTC,0,888,888,"887,6","838,8","26,3","2,8","26,3","22,3","4,5","2,2",30,22,22,1,"3,9","2,3"
2022/09/14,1200 UTC,0,"888,3","888,3",888,"1648,5","28,1","2,5","28,2","26,2",3,"1,9",22,19,19,354,6,"3,4"
2022/09/14,1300 UTC,0,"888,4","888,6","888,3",2388,31,"1,8",31,28,"4,1","1,6",21,15,15,353,6,"3,1"
2022/09/14,1400 UTC,0,"888,1","888,5","888,1","1897,6","30,4","1,2","31,2","29,5",2,"0,3",17,14,15,357,"7,8",3
2022/09/14,1500 UTC,0,"887,5","888,1","887,5","3332,2","32,1","0,4","32,3","30,3","1,6","0,1",16,13,13,280,"8,1","2,9"
2022/09/14,1600 UTC,0,"886,8","887,5","886,8","2104,8","31,6","0,9","33,3","30,2","1,9",0,16,13,14,307,"7,4","3,4"
2022/09/14,1700 UTC,0,"885,8","886,8","885,8","2604,5","32,5","1,2","32,7",31,"1,7","0,4",15,13,14,22,"7,4","1,9"
2022/09/14,1800 UTC,0,"885,2","885,8","885,2","1976,1","31,1","1,9","32,8","31,1","1,9","0,5",16,13,16,292,"7,8","2,3"
2022/09/14,1900 UTC,0,885,"885,2","884,9",1058,"30,9","1,9","31,5","30,7","2,5","1,3",16,15,16,326,"5,3","1,9"
2022/09/14,2000 UTC,0,"885,3","885,3","884,9","543,2","30,1","2,5","30,9","30,1","2,7","1,6",17,16,17,292,"4,4","2,3"
2022/09/14,2100 UTC,0,"885,4","885,4","885,3","180,1","27,7",3,"30,1","27,7","3,3","2,3",21,17,21,294,"4,7","1,6"
2022/09/14,2200 UTC,0,"885,9","885,9","885,4",,"25,8","3,7","27,7","25,2","3,8","3,2",25,20,24,295,"2,8","1,4"
2022/09/14,2300 UTC,0,"886,5","886,5","885,9",,"24,6",4,"25,8","24,6","4,1","3,5",26,24,26,265,"2,9",1
2022/09/15,0000 UTC,0,"887,1","887,1","886,5",,"22,7","4,6","24,6","22,7",5,4,31,26,31,274,"2,4","0,9"
2022/09/15,0100 UTC,0,"887,4","887,4","887,1",,"21,8","5,2","23,4","21,6","5,4","4,6",35,30,34,356,"2,7","2,1"
2022/09/15,0200 UTC,0,"887,5","887,6","887,4",,"21,8","4,8","22,5","21,1","5,3","4,6",35,31,33,10,"3,5","1,8"
2022/09/15,0300 UTC,0,"887,3","887,6","887,3",,"21,8","5,5","22,8","21,3","5,5","4,6",35,32,34,358,"3,3","2,3"
2022/09/15,0400 UTC,0,"886,5","887,3","886,5",,"22,7","6,5","22,9","21,6","6,5","5,3",36,33,35,356,"3,5","2,6"
2022/09/15,0500 UTC,0,"886,2","886,5","886,2",,"20,3",7,"22,7","20,1","7,1","6,4",43,35,42,346,"3,5","1,4"
2022/09/15,0600 UTC,0,886,"886,2",886,,"19,5","7,4","21,3","19,5","7,6",7,46,40,46,294,"2,8","1,3"
2022/09/15,0700 UTC,0,"886,3","886,3",886,,21,"8,9",21,"18,7",9,"7,4",50,46,46,241,"3,9","2,2"
2022/09/15,0800 UTC,0,"886,9","886,9","886,2",,"21,3",10,"21,8","20,7",10,"8,6",49,45,49,209,"5,6","2,8"
2022/09/15,0900 UTC,0,"887,5","887,5","886,9",,"19,9","11,3","21,3","19,9","11,4","10,1",57,49,57,211,"5,6","2,6"
2022/09/15,1000 UTC,0,"888,5","888,5","887,5","126,4","19,3","13,5","19,9","19,3","13,5","11,2",69,57,69,231,"7,3","3,5"
2022/09/15,1100 UTC,0,"889,2","889,2","888,5","734,6","19,5",14,"19,8","19,3",14,"13,5",71,69,70,203,"8,7","4,1"
2022/09/15,1200 UTC,0,"889,6","889,6","889,2",1563,"21,4","14,5","21,4","19,5","14,5","13,7",70,63,65,185,"8,7","3,7"
2022/09/15,1300 UTC,0,"889,8","889,8","889,6","2329,4","23,3",14,"23,6","21,1","14,6","13,7",65,55,56,180,"7,3","3,3"
2022/09/15,1400 UTC,0,"889,5","889,8","889,4","2873,9","26,6","13,8","26,6","23,1","14,3",13,57,45,45,184,7,"2,3"
2022/09/15,1500 UTC,0,"888,7","889,5","888,7",3127,"28,1","12,7","28,7","25,8","13,7","12,2",46,38,39,231,6,"3,1"
2022/09/15,1600 UTC,0,"887,8","888,7","887,8","3102,3","29,2","11,8","29,3",28,"13,1","11,3",40,33,34,224,"5,8","2,2"
2022/09/15,1700 UTC,0,"886,8","887,8","886,8","2503,1","29,2","10,5",30,"28,5",12,"10,4",34,31,31,195,"6,3","2,8"
2022/09/15,1800 UTC,0,"885,9","886,8","885,9","1535,5","30,3","10,2","31,1",29,11,"9,1",32,26,29,259,"5,6",2
2022/09/15,1900 UTC,0,"885,8","885,9","885,7","1201,5","29,7","10,4","30,8","29,5","10,7",9,30,27,30,182,"4,4","2,3"
2022/09/15,2000 UTC,0,"886,1","886,1","885,8",656,"29,2","9,8",30,"29,2","10,4","9,8",31,29,30,130,"5,2","2,4"
2022/09/15,2100 UTC,0,"886,4","886,4","886,1",178,"28,2","10,6","29,2","28,2","10,7","10,1",33,30,33,149,"5,1","2,3"
2022/09/15,2200 UTC,0,"886,7","886,7","886,4",,27,"10,7","28,2",27,"10,7","10,6",36,33,36,153,"4,9","1,8"
2022/09/15,2300 UTC,0,"887,2","887,3","886,7",,"25,4","11,1",27,"25,4","11,3","10,7",41,36,41,157,"3,9","1,4"
2022/09/16,0000 UTC,0,"887,5","887,5","887,2",,"24,4","11,3","25,5","24,4","11,5","11,1",44,41,44,155,"3,2","1,3"
2022/09/16,0100 UTC,0,"887,9","887,9","887,5",,"23,2","11,8","24,4","22,4","11,8","11,2",50,44,49,246,"2,4","1,4"
2022/09/16,0200 UTC,0,"887,8","887,9","887,8",,"23,4","11,5",24,"23,1","11,9","11,4",49,46,47,221,3,"1,5"
2022/09/16,0300 UTC,0,"887,6",888,"887,6",,"22,7","12,2","24,5","22,6","12,2","11,3",51,44,51,167,"6,3","2,1"
2022/09/16,0400 UTC,0,"887,3","887,6","887,3",,"21,6","12,9","22,7","21,5","12,9","12,1",58,51,58,180,"5,8","2,7"
2022/09/16,0500 UTC,0,"887,1","887,3","887,1",,"20,5","13,2","21,6","20,3","13,2","12,9",63,58,63,186,"5,8","2,4"
2022/09/16,0600 UTC,0,"886,7","887,1","886,6",,"19,5","13,1","20,5","19,5","13,3","13,1",67,63,67,191,"6,7","1,7"
2022/09/16,0700 UTC,0,"886,6","886,7","886,4",,"19,1","13,2","19,8","19,1","13,4","13,1",69,66,69,172,6,"2,7"
2022/09/16,0800 UTC,0,"887,1","887,1","886,6",,"18,5","13,8","19,2","18,4","13,8","13,3",74,69,74,179,6,"2,8"
2022/09/16,0900 UTC,0,"887,7","887,7",887,,"17,9","13,8","18,4","17,8","13,9","13,6",77,74,77,180,"5,1","1,9"
2022/09/16,1000 UTC,0,"888,5","888,5","887,7","131,3","18,5","14,1","18,5","17,8","14,1","13,7",78,76,76,169,"4,7","1,7"
2022/09/16,1100 UTC,0,"889,1","889,2","888,5",757,"20,7",14,"20,9","18,5","14,3","13,9",76,65,66,152,5,"2,1"
2022/09/16,1200 UTC,0,"889,3","889,3","889,1","1583,9","23,1","13,9","23,3","20,6","14,3","13,8",66,56,56,126,"5,7","3,4"
2022/09/16,1300 UTC,0,"889,2","889,4","889,2","2319,7","25,8","12,6","25,9","23,1","14,2","12,4",56,44,44,129,"5,8","3,5"
2022/09/16,1400 UTC,0,"888,9","889,3","888,9","2846,9","26,6","12,7","27,3","25,1","13,1","12,1",46,40,42,130,"6,6","2,9"
2022/09/16,1500 UTC,0,"888,1","888,9","888,1","3045,9","29,5","12,6","29,5","26,5","13,5","11,8",43,35,35,101,"5,5","2,2"
2022/09/16,1600 UTC,0,"887,1","888,1","887,1","3142,5",30,"10,5","30,6","28,5","12,6","10,5",36,30,30,82,"6,5","2,5"
2022/09/16,1700 UTC,0,"885,9","887,1","885,9",2656,"31,2","9,7","31,5","29,8","10,7","9,4",30,26,26,41,"6,5","1,9"
2022/09/16,1800 UTC,0,"885,1","885,9","885,1","1413,3","31,6","9,5","31,7","29,8","9,8","9,3",29,25,26,64,"7,4","1,6"
2022/09/16,1900 UTC,0,"884,9","885,2","884,9","819,6","30,5","9,6","31,6",30,"9,9","9,1",28,26,27,252,"5,4","1,2"
2022/09/16,2000 UTC,0,885,"885,1","884,9","515,1",30,"9,3",31,30,10,"9,2",29,26,28,20,"2,4","0,7"
2022/09/16,2100 UTC,0,"885,4","885,4",885,"48,6",28,"10,4",30,"27,9","10,4",9,34,27,33,219,"5,3","2,9"
2022/09/16,2200 UTC,0,"885,8","885,8","885,4",,"26,7","10,8","28,1","26,6","11,2","10,2",38,33,37,222,"5,1","0,9"
2022/09/16,2300 UTC,0,"886,1","886,1","885,8",,"26,2","11,5","26,7","25,6","11,5","10,8",41,37,40,135,2,"0,6"
2022/09/17,0000 UTC,0,"886,7","886,8","886,1",,"23,9","14,1","26,2","23,5","14,9","11,1",58,39,54,172,6,"2,9"
2022/09/17,0100 UTC,0,887,887,"886,7",,24,"13,8","25,1","23,7","14,2","13,1",55,47,53,185,"7,3","2,2"
2022/09/17,0200 UTC,0,"887,2","887,2",887,,"23,9","13,5","24,3","23,9","13,8","13,3",53,50,52,178,"5,9","2,2"
2022/09/17,0300 UTC,0,"886,9","887,3","886,9",,"23,1","13,7","23,9",23,"13,8","13,5",56,52,56,180,"5,8","2,4"
2022/09/17,0400 UTC,0,"886,6","886,9","886,6",,"22,5","13,6","23,4","22,3","13,9","13,6",58,55,57,193,"5,8","2,2"
2022/09/17,0500 UTC,0,886,"886,6",886,,"21,9","13,5","22,5","21,9","13,6","13,4",59,57,59,179,"5,8","1,7"
2022/09/17,0600 UTC,0,"885,6",886,"885,6",,"21,2","13,7","22,2","21,1","13,7","13,5",62,58,62,169,"4,4","1,8"
2022/09/17,0700 UTC,0,"885,5","885,6","885,4",,"20,1","13,9","21,2","20,1",14,"13,6",68,62,68,166,4,1
2022/09/17,0800 UTC,0,"885,7","885,7","885,4",,"19,9","14,3","20,4","19,9","14,4","13,8",70,68,70,157,"3,8",2
2022/09/17,0900 UTC,0,"886,1","886,1","885,7",,"19,5","14,6","20,1","19,5","14,7","14,4",73,70,73,140,"4,9","2,7"
2022/09/17,1000 UTC,0,"886,7","886,7",886,"143,2","20,1","14,8","20,1","19,4","14,8","14,6",74,72,72,139,"4,5","2,6"
2022/09/17,1100 UTC,0,"887,3","887,3","886,7","757,6",21,"14,6","21,4","20,1",15,"14,6",72,66,67,122,"7,2",4
2022/09/17,1200 UTC,0,"887,7","887,7","887,3","1575,5","23,1","14,5","23,5",21,15,"14,1",67,57,59,127,7,"3,6"
2022/09/17,1300 UTC,0,"887,9",888,"887,7","2323,4","25,5","14,5","25,5",23,"14,6","13,9",59,51,51,123,"8,7","3,4"
2022/09/17,1400 UTC,0,"887,6",888,"887,6","2867,3","27,2","13,3","27,4","24,9","14,4","13,1",50,42,43,132,"7,4","3,6"
2022/09/17,1500 UTC,0,"886,8","887,6","886,8","3113,1","28,1","12,2",29,"26,7","13,9","11,8",44,36,37,104,"7,1","2,8"
2022/09/17,1600 UTC,0,"885,7","886,8","885,7","3168,7","29,9","10,9","29,9","27,9","12,6","10,1",38,31,31,128,"6,2","1,9"
2022/09/17,1700 UTC,0,"884,6","885,7","884,6","2966,9","30,3","9,6","30,9","29,3","10,9","9,4",31,27,28,135,"5,4","1,9"
2022/09/17,1800 UTC,0,"883,9","884,6","883,9","1632,4","29,8","9,9","31,2","29,8","10,5","9,5",29,27,29,180,"5,2","2,1"
2022/09/17,1900 UTC,0,"883,9","883,9","883,7","441,9","27,1","13,9","29,8","27,1","13,9",10,44,29,44,31,"7,5","1,9"
2022/09/17,2000 UTC,0,"884,8","884,8","883,7",107,"22,5","14,8","27,1","22,5","14,8","12,4",62,41,62,290,"8,2","3,6"
2022/09/17,2100 UTC,"1,2","884,7","885,3","884,7","5,4","19,6","16,1","22,5","19,6","16,1","14,5",80,62,80,158,9,"3,2"
2022/09/17,2200 UTC,"0,2","885,5","885,5","884,7",,20,"15,6","20,3","19,6","16,1","15,3",80,73,76,177,"7,4","3,2"
2022/09/17,2300 UTC,0,886,886,"885,4",,"20,7","15,9","20,9",20,"16,2","15,7",77,73,74,147,"7,5","2,6"
2022/09/18,0000 UTC,0,"886,3","886,4",886,,"20,9","15,2","21,1","20,7",16,15,74,69,70,113,"6,8","3,2"
2022/09/18,0100 UTC,"4,8","887,3","887,4","886,3",,"19,4","16,3",21,"19,3","16,4",15,83,69,82,69,"6,7",3
2022/09/18,0200 UTC,0,887,"887,3","886,8",,"19,2","16,1","19,5","19,2","16,3","15,6",84,79,82,55,"6,8","3,2"
2022/09/18,0300 UTC,0,"886,9","887,4","886,9",,"18,9",16,"19,2","18,6","16,4","15,9",86,82,83,124,"6,1","1,7"
2022/09/18,0400 UTC,0,"886,4","886,9","886,4",,"19,4","14,9","19,4","18,9","16,3","14,8",85,75,76,101,"4,8","2,2"
2022/09/18,0500 UTC,0,"885,6","886,4","885,6",,"19,7","14,5","19,8","19,3","15,1","14,4",76,71,72,103,"4,4","2,4"
2022/09/18,0600 UTC,0,"885,5","885,7","885,4",,18,"15,5","19,8",18,"15,6","14,4",86,71,85,178,"4,2","0,7"
2022/09/18,0700 UTC,0,"885,5","885,5","885,4",,"19,2","15,1","19,2","17,6","16,1","15,1",88,77,77,63,"2,6","1,1"
2022/09/18,0800 UTC,0,"886,1","886,1","885,4",,"19,2","14,8","20,6","19,2","14,9","13,6",77,65,76,96,8,"4,4"
2022/09/18,0900 UTC,0,"886,7","886,7","886,1",,18,"16,2","19,2",18,"16,2","14,8",89,76,89,114,8,"3,5"
2022/09/18,1000 UTC,"0,2","887,7","887,7","886,7","74,9","18,2","16,3","18,2","17,9","16,3","16,1",90,89,89,104,"7,1","2,9"
2022/09/18,1100 UTC,0,"888,1","888,2","887,7","404,4",19,"16,6",19,"18,1","16,7","16,2",89,86,86,94,"7,5","3,5"
2022/09/18,1200 UTC,0,"888,4","888,5","888,1","1145,6","20,3","16,5","20,3","18,8","16,9","16,1",86,79,79,87,"6,9","3,3"
2022/09/18,1300 UTC,0,"888,3","888,5","888,3","2174,4","22,3","16,9","22,5",20,"17,2","16,1",81,70,71,86,6,"3,2"
2022/09/18,1400 UTC,0,"887,6","888,3","887,6","3062,2",24,"16,3","24,1","22,3","17,2","15,8",72,62,62,71,"6,1","2,2"
2022/09/18,1500 UTC,0,"886,8","887,6","886,8","3218,5","26,3","15,3",27,24,"16,7","14,9",63,49,51,43,"5,8","2,4"
2022/09/18,1600 UTC,0,"885,9","886,8","885,9","3227,8","27,5","13,5","28,1","26,1","15,5","13,5",51,42,42,27,"6,4","2,6"
2022/09/18,1700 UTC,0,"884,7","885,9","884,7","3012,5","28,2","13,5","28,9","27,1","14,4","13,2",44,39,40,59,"6,4","2,2"
2022/09/18,1800 UTC,0,"883,8","884,7","883,8","2203,8",28,"12,9","30,2",28,"14,2","12,8",41,36,40,110,"5,3","2,5"
2022/09/18,1900 UTC,0,"883,5","883,8","883,3","661,5",28,"12,5","28,5",28,"13,5","12,1",40,37,38,88,"4,9","2,1"
2022/09/18,2000 UTC,0,"884,3","884,4","883,4","192,3","23,7","13,9","28,1","23,7","14,3","10,9",54,35,54,223,"8,6","3,8"
2022/09/18,2100 UTC,0,"884,8","884,8",884,"74,8","21,7","15,9","23,7","21,5","16,1",14,70,55,69,10,"8,6","3,9"
2022/09/18,2200 UTC,0,"884,8","884,8","884,3",,"22,9","13,9",23,"21,7",16,"12,9",70,54,57,20,"7,2",2
2022/09/18,2300 UTC,0,"886,2","886,2","884,8",,"21,9","14,4","22,9","21,2","15,2","13,8",68,57,62,312,5,"1,7"
2022/09/19,0000 UTC,"1,4","887,6","887,6","886,2",,"19,3","15,5",22,"19,3","15,6","13,9",79,61,79,293,"7,1","2,6"
2022/09/19,0100 UTC,"8,4","887,8",888,"887,6",,"17,8","16,2","18,9","17,6","16,2","15,6",91,82,90,299,"6,5","3,4"
2022/09/19,0200 UTC,"0,4","887,2","887,8","887,2",,"17,9","14,5","17,9","17,3","16,2","14,4",90,80,81,322,7,"2,8"
2022/09/19,0300 UTC,0,"886,6","887,2","886,6",,18,"15,4","18,4","17,9","15,5","14,5",85,79,85,333,"5,5","1,5"
2022/09/19,0400 UTC,0,"886,1","886,6","886,1",,"17,8","16,2","18,4","17,7","16,2","15,4",90,85,90,353,"2,4","0,6"
2022/09/19,0500 UTC,0,"885,6","886,1","885,6",,"18,3","16,2","18,3","17,8","16,6","16,1",91,87,87,7,2,"1,2"
2022/09/19,0600 UTC,0,"885,5","885,8","885,5",,"18,8","17,1","18,8","18,3","17,1","16,1",91,87,90,46,"1,9","0,7"
2022/09/19,0700 UTC,"0,2","885,8","885,8","885,5",,"18,6","16,9",19,"18,3","17,1","16,1",90,86,89,249,"1,7","0,8"
2022/09/19,0800 UTC,0,"886,1","886,1","885,7",,19,"16,9","19,1","18,5","17,4","16,7",91,87,88,139,"2,5","1,2"
2022/09/19,0900 UTC,0,"886,8","886,8","886,1",,"20,1","15,4","20,1","18,6","17,3","15,4",91,74,74,103,"3,1","1,8"
2022/09/19,1000 UTC,0,"887,6","887,6","886,8","55,6","18,9","16,8","20,3","18,6","16,8","14,6",87,70,87,261,"3,5","0,9"
2022/09/19,1100 UTC,0,"888,2","888,2","887,6","158,2","20,9","15,2",21,"18,9","17,4",15,88,69,70,77,"3,3","1,6"
2022/09/19,1200 UTC,0,"888,7","888,7","888,2","218,8",21,"15,2","21,1","20,9","15,7","14,5",72,66,70,68,"3,4","1,1"
2022/09/19,1300 UTC,0,"888,7","888,9","888,7","338,2","21,2",15,"21,2","20,7","15,2","14,5",70,66,67,85,"3,2","1,5"
2022/09/19,1400 UTC,0,"888,3","888,7","888,3","886,8","22,2","15,3","22,2","21,2",16,"14,7",69,63,65,5,"4,3","2,3"
2022/09/19,1500 UTC,0,"887,6","888,3","887,6",1807,"24,3","15,5","24,4","22,2","15,9","14,7",65,57,58,346,"4,4","1,4"
2022/09/19,1600 UTC,0,"886,7","887,6","886,7","910,1","24,7","15,2","24,8","24,1","16,1",15,60,55,56,244,"3,1","0,7"
2022/09/19,1700 UTC,0,"885,9","886,7","885,9","1286,3","25,7","15,3","26,2","24,7",16,"14,9",57,51,53,184,"2,4",1
2022/09/19,1800 UTC,0,885,"885,9",885,1201,"26,7","14,8","26,7","25,5","15,8","14,1",54,47,48,275,"2,4","0,9"
2022/09/19,1900 UTC,0,"884,5",885,"884,5","1522,8","27,1","13,9","27,5","26,3","15,5","13,5",50,42,44,256,"3,1","0,9"
2022/09/19,2000 UTC,0,"884,7","884,8","884,5","426,6","26,1",14,"27,1","26,1","14,6",13,49,43,47,290,"3,5","0,9"
2022/09/19,2100 UTC,0,"885,2","885,2","884,7","187,6","24,7","14,8","26,1","24,7","15,3","13,6",55,46,54,352,"4,1","2,7"
2022/09/19,2200 UTC,0,"885,6","885,6","885,2",,23,"14,4","24,7",23,15,"14,4",60,54,58,327,"5,9","2,4"
2022/09/19,2300 UTC,0,"886,1","886,1","885,6",,"21,9","15,1","23,1","21,9","15,1","14,4",66,58,65,330,"5,8","2,2"
2022/09/20,0000 UTC,0,"886,5","886,5","886,1",,"21,9","15,5","21,9","21,5","15,8","15,2",70,65,67,331,"4,1","1,5"
2022/09/20,0100 UTC,0,"886,7","886,7","886,5",,"21,7","15,5",22,"21,7","15,7","15,4",69,66,68,328,"2,7","1,5"
2022/09/20,0200 UTC,0,"886,8","886,9","886,6",,"20,8","14,9","21,8","20,8","15,6","14,8",69,65,69,301,4,"1,6"
2022/09/20,0300 UTC,0,"886,6",887,"886,6",,"19,6","15,2","20,8","19,6","15,3","14,7",76,69,76,316,"3,4","1,5"
2022/09/20,0400 UTC,0,"885,8","886,6","885,8",,19,"15,5","19,6",19,"15,6","15,2",80,76,80,347,"2,8","1,4"
2022/09/20,0500 UTC,0,"885,4","885,8","885,4",,"19,3","15,9","19,4","18,4",16,"15,1",82,78,81,210,"3,1","0,9"
2022/09/20,0600 UTC,0,"885,2","885,4","885,2",,"20,7","15,1","20,7","19,2",16,"15,1",82,70,70,292,"2,9","1,5"
2022/09/20,0700 UTC,0,"884,5","885,2","884,5",,"19,9","15,4","20,7","19,9","15,5","15,1",75,70,75,6,"3,4","1,9"
2022/09/20,0800 UTC,0,"884,9","884,9","884,5",,19,15,"19,9","18,8","15,4","14,9",79,75,77,343,"2,8","1,9"
2022/09/20,0900 UTC,0,"885,7","885,7","884,9",,"18,7","15,4","19,3","18,4","15,4","14,5",81,75,81,56,"2,6","0,3"
2022/09/20,1000 UTC,0,"886,5","886,5","885,7","74,4",20,"15,9","20,1","18,6","16,1","15,1",82,73,77,322,"1,6","0,5"
2022/09/20,1100 UTC,0,887,887,"886,5","390,5","22,7","15,3","22,7",20,"16,5","14,9",78,62,63,39,"1,7","0,6"
2022/09/20,1200 UTC,0,"887,3","887,3",887,"1061,8","24,5","15,4","24,5","22,7","15,8","14,9",64,56,57,309,"2,3",1
2022/09/20,1300 UTC,0,"887,3","887,4","887,3","1324,9","26,6","14,3","26,6","24,5","15,5","13,9",57,46,47,254,"2,4","1,1"
2022/09/20,1400 UTC,0,887,"887,4",887,2336,"27,1","13,8","28,4","26,4","14,5","12,3",47,39,44,142,"4,1","2,2"
2022/09/20,1500 UTC,0,"886,1",887,886,"967,3","26,9","14,2","27,5","26,7","14,6","13,7",47,44,46,124,"4,3","1,7"
2022/09/20,1600 UTC,0,"885,3","886,1","885,3","1564,7","26,3","14,8","27,8","25,6","15,4",14,52,44,49,360,"7,7","3,4"
2022/09/20,1700 UTC,0,"884,6","885,3","884,5","427,2","25,3",15,"26,3","25,1","15,7","14,4",53,49,53,306,6,"2,3"
2022/09/20,1800 UTC,0,"883,8","884,7","883,8","1036,6","26,1","15,5","26,1","23,3",16,"14,8",62,52,52,357,6,"1,6"
2022/09/20,1900 UTC,0,"883,4","883,8","883,4","1480,1","27,6","14,6","27,6","26,1","15,7","14,3",52,45,45,225,"3,4","1,2"
2022/09/20,2000 UTC,0,"883,9","883,9","883,3","723,3","26,6","15,1","28,2","26,6","15,3","14,2",50,43,50,260,"4,6","2,1"
2022/09/20,2100 UTC,0,"884,1","884,1","883,8","173,6","24,7","15,6","26,6","24,7",16,15,58,49,57,294,"3,8",1
2022/09/20,2200 UTC,0,"885,1","885,1","884,1",,"24,1","16,3","24,7",23,"17,1","15,4",69,57,62,200,"3,7","1,8"
2022/09/20,2300 UTC,0,"885,5","885,5","885,1",,"22,9","15,6","24,2","22,9","16,4","15,2",64,60,64,225,"3,7","0,8"
2022/09/21,0000 UTC,0,"886,7","886,7","885,5",,"23,2","16,7","23,5","22,1","16,8","15,6",72,62,67,46,4,"1,7"
2022/09/21,0100 UTC,0,"886,9","886,9","886,7",,"21,7","16,4","23,2","21,7","16,8","16,1",72,66,72,46,"5,9","1,2"
2022/09/21,0200 UTC,0,"886,8",887,"886,8",,"20,4","16,4","21,8","20,4","16,7","16,4",78,72,78,14,"2,7","0,6"
2022/09/21,0300 UTC,0,"886,3","886,8","886,3",,"21,1","16,8","21,3","20,3",17,"16,4",80,75,77,34,"2,5","0,8"
2022/09/21,0400 UTC,0,"885,3","886,3","885,3",,"20,6","16,7","21,1","20,4","17,2","16,7",80,77,79,5,"1,9","0,9"
2022/09/21,0500 UTC,0,"884,8","885,3","884,8",,"19,8","16,8","20,6","19,8","17,2","16,6",84,79,83,293,"1,2","0,5"
2022/09/21,0600 UTC,0,"884,1","884,8","884,1",,20,17,"20,3","19,8","17,2","16,7",84,81,83,98,"1,5","0,5"
2022/09/21,0700 UTC,0,"883,8","884,1","883,8",,"19,1","16,6",20,"18,6",17,"16,3",88,83,86,108,"1,5","0,9"
2022/09/21,0800 UTC,0,"884,1","884,1","883,8",,"17,7",16,"19,4","17,7",17,"15,8",90,84,90,186,"1,7","0,6"
2022/09/21,0900 UTC,0,"884,9","884,9","884,1",,18,"16,5",18,"17,4","16,6",16,92,90,91,357,"1,9","1,4"
2022/09/21,1000 UTC,0,"885,7","885,7","884,9","187,2","19,9","17,4","19,9","17,8","17,4","16,2",91,86,86,320,"1,9","0,7"
2022/09/21,1100 UTC,0,"886,4","886,4","885,7","900,2","23,5","15,3","23,6","19,9","17,4","15,3",86,60,60,350,"3,6","2,1"
2022/09/21,1200 UTC,0,"886,9","886,9","886,4","1768,2","26,1","14,9","26,2","23,4","15,7","14,3",61,50,50,10,"3,8","2,4"
2022/09/21,1300 UTC,0,"886,9",887,"886,8","2506,2","27,5",15,"27,9","25,6","15,4",14,51,45,46,22,"4,8","1,6"
2022/09/21,1400 UTC,0,"886,2","886,9","886,2","3010,9","27,8","13,8",29,"27,5","15,5","13,8",47,41,42,140,"4,4","1,9"
2022/09/21,1500 UTC,"6,2","886,1","886,2","885,8","544,8","19,9","16,4","28,1","19,7","16,4","13,8",82,42,81,346,"15,7","4,7"
2022/09/21,1600 UTC,"2,4","884,6","886,1","884,6","1040,8","24,2","17,7","24,4","19,6","19,3","15,8",83,67,67,349,9,"2,5"
2022/09/21,1700 UTC,0,"883,5","884,6","883,5","2974,4","27,5","14,8","27,5","24,2","18,6","14,5",71,46,46,339,"4,7","2,2"
2022/09/21,1800 UTC,0,883,"883,5",883,"2108,6","26,2","17,4","28,5","25,4","17,4","15,3",59,46,59,66,"7,7","4,1"
2022/09/21,1900 UTC,0,"882,5",883,"882,3","1804,5","27,4","16,1","27,9","26,2","16,8","15,3",58,48,50,1,7,"2,3"
2022/09/21,2000 UTC,0,"882,5","882,6","882,4","1144,3","26,9","16,2","27,6","26,8","16,9","15,1",53,48,52,350,"8,8","3,7"
2022/09/21,2100 UTC,0,"883,1","883,2","882,5","316,9","25,2","16,4","26,9","25,2","16,5","15,8",58,51,58,352,"7,4","2,4"
2022/09/21,2200 UTC,0,"883,7","883,7","883,1","0,4",24,"16,6","25,2",24,"16,8","16,2",64,58,63,10,"4,3","1,9"
2022/09/21,2300 UTC,0,"884,4","884,4","883,7",,"22,6","16,9",24,"22,6","16,9","16,7",70,63,70,339,"5,7","2,9"
2022/09/22,0000 UTC,0,"884,8","884,8","884,4",,"21,5","16,5","22,6","21,5",17,"16,5",73,70,73,338,"5,7","2,8"
2022/09/22,0100 UTC,0,885,885,"884,7",,"21,7","16,4","21,7","21,1","16,6","16,4",75,72,72,338,5,"2,8"
2022/09/22,0200 UTC,0,"885,4","885,4",885,,"21,3","16,5","21,8","21,3","16,6","16,3",74,71,74,326,"5,3","2,5"
2022/09/22,0300 UTC,0,"884,9","885,4","884,9",,"21,3","16,7","21,6","21,1","16,7","16,5",75,73,75,337,"5,5","2,5"
2022/09/22,0400 UTC,0,"884,6","884,9","884,6",,"21,3","16,6","21,5","21,3","16,7","16,5",75,74,74,338,"5,1","2,5"
2022/09/22,0500 UTC,0,"884,3","884,6","884,3",,"21,2","16,5","21,5","21,2","16,6","16,5",75,74,75,330,"4,8","2,5"
2022/09/22,0600 UTC,0,"884,3","884,4","884,1",,"21,2","16,4","21,3","21,1","16,6","16,4",75,74,74,342,"5,6","2,4"
2022/09/22,0700 UTC,0,"883,9","884,3","883,8",,"21,1","16,2","21,3","21,1","16,4","16,2",74,73,74,322,"6,6","2,8"
2022/09/22,0800 UTC,0,"884,3","884,3","883,8",,"20,5",16,"21,1","20,4","16,2","15,9",75,74,75,328,"5,9","2,8"
2022/09/22,0900 UTC,0,"884,9","884,9","884,2",,21,"15,9","21,1","20,4",16,"15,9",75,72,72,330,"5,5","2,2"
2022/09/22,1000 UTC,0,"885,5","885,5","884,9","65,5","21,4","15,4","21,5",21,"15,9","15,3",72,68,69,322,"6,2","2,8"
2022/09/22,1100 UTC,0,"886,4","886,4","885,5","322,5","22,5","15,5","22,5","21,4","15,5","15,2",69,64,65,328,"5,9","2,8"
2022/09/22,1200 UTC,0,"886,8","886,8","886,4","1326,7","24,7","15,3",25,"22,5","16,1","15,3",65,56,56,328,"9,2",5
2022/09/22,1300 UTC,0,"886,6","886,9","886,6","2282,7","26,8","15,8","27,4","24,7",16,"14,9",57,48,51,325,"9,7","4,3"
2022/09/22,1400 UTC,0,887,"887,3","886,6","888,1","26,2","15,6","27,3","25,8","16,1","14,9",55,49,52,294,"9,7","2,5"
2022/09/22,1500 UTC,0,"886,4",887,"886,3","828,1","23,9","17,8","26,2",23,"17,8","15,1",71,52,68,124,"5,7","3,2"
2022/09/22,1600 UTC,"2,2",885,"886,4",885,"1064,8","21,9",17,"24,7","21,9","18,1","16,2",74,63,74,104,"8,6","3,1"
2022/09/22,1700 UTC,"2,2","885,3","885,6",885,"69,3","19,4","17,7","21,8","19,3","18,2","17,1",90,74,90,150,"8,1","3,6"
2022/09/22,1800 UTC,"0,2","885,7","885,7","885,2","67,5",18,"16,7","19,6","17,9","18,1","16,5",92,90,92,148,"10,3","4,1"
2022/09/22,1900 UTC,"3,8","886,2","886,4","885,5","47,7","17,4","16,1","18,1","17,4","16,8","16,1",92,91,92,158,"9,6","2,8"
2022/09/22,2000 UTC,4,"885,7","886,4","885,7","22,1","17,7","16,7","17,7","17,3","16,7","16,1",94,92,94,108,"6,3","3,2"
2022/09/22,2100 UTC,"1,4","886,3","886,3","885,7","15,5","17,9","16,8",18,"17,7","16,9","16,7",94,94,94,91,"6,4","3,4"
2022/09/22,2200 UTC,"1,2","886,7","886,7","886,2",,18,"16,8",18,"17,8",17,"16,8",94,93,93,88,"8,7","2,5"
2022/09/22,2300 UTC,0,"887,1","887,1","886,7",,"17,8","16,4","18,2","17,8","16,9","16,4",93,91,92,293,"6,4","0,6"
2022/09/23,0000 UTC,0,"887,6","887,6","887,1",,"17,8","16,8",18,"17,7","16,8","16,4",93,92,93,286,"1,8","1,3"
2022/09/23,0100 UTC,0,"887,7","887,8","887,6",,18,"16,9","18,2","17,8","17,1","16,8",94,93,93,322,"2,4","1,3"
2022/09/23,0200 UTC,0,888,"888,2","887,7",,"17,9","16,2","18,3","17,9","16,9","16,1",93,89,90,298,"4,2",2
2022/09/23,0300 UTC,0,887,888,887,,"17,9","16,4","17,9","17,7","16,4",16,91,90,91,303,"3,7","1,2"
2022/09/23,0400 UTC,0,"886,2",887,"886,2",,"17,3",16,"17,9","17,3","16,5",16,92,91,92,275,"2,8","0,6"
2022/09/23,0500 UTC,0,"885,8","886,2","885,8",,"17,8","16,5","17,8",17,"16,6","15,9",93,92,92,234,"2,8","1,5"
2022/09/23,0600 UTC,0,885,"885,8",885,,18,"16,1","18,4","17,8","16,6","15,9",92,86,89,318,"3,4","1,9"
2022/09/23,0700 UTC,0,"885,3","885,3",885,,"17,7","16,1",18,"17,6","16,1","15,9",90,89,90,336,"4,1","1,6"
2022/09/23,0800 UTC,0,"885,5","885,5","885,3",,"17,9","16,2","17,9","17,5","16,2",16,91,90,90,322,"2,9","1,5"
2022/09/23,0900 UTC,0,"886,3","886,3","885,5",,"17,6",16,"17,9","17,6","16,3","15,9",91,90,90,262,"3,2","1,6"
2022/09/23,1000 UTC,0,887,887,"886,3","35,4","17,9","16,4",18,"17,6","16,5",16,91,89,91,225,"3,2","0,6"
2022/09/23,1100 UTC,0,888,888,887,"240,6","19,4","16,2","19,4","17,9",17,"16,2",92,82,82,30,"1,6","0,5"
2022/09/23,1200 UTC,0,"888,4","888,4",888,"560,5","20,4","16,5","20,4","19,4","16,7",16,83,77,78,213,3,"1,5"
2022/09/23,1300 UTC,0,"888,7","888,7","888,4","1375,8","21,8","16,9",22,"20,4","17,5","16,3",79,74,74,187,"4,2","1,9"
2022/09/23,1400 UTC,0,"888,7","888,7","888,5","1682,3",23,"17,3","23,2","21,8","17,5","16,8",76,69,71,115,"3,9","1,3"
2022/09/23,1500 UTC,0,"888,2","888,7","888,2","1091,7","23,6","17,4","23,6","22,5","17,7","16,8",73,68,68,209,"3,6","1,7"
2022/09/23,1600 UTC,0,"887,4","888,2","887,4","2217,5","24,8","16,4","25,8","23,3",18,"16,4",69,59,60,342,"4,8","1,8"
2022/09/23,1700 UTC,0,"886,6","887,4","886,6","1283,5","24,4",17,"25,1","23,8","17,9","16,5",68,60,63,351,"5,1","2,5"
2022/09/23,1800 UTC,0,"885,9","886,6","885,9","1054,3","23,1","16,5","24,9","23,1","17,5","16,2",66,59,66,311,"6,9","3,5"
2022/09/23,1900 UTC,0,886,886,"885,7","417,9","22,9","16,1","23,3","22,8","17,1",16,69,65,66,283,"6,9","1,9"
2022/09/23,2000 UTC,0,"886,2","886,2","885,7","324,7","23,1","16,9","23,5","22,8","16,9","15,8",68,63,68,227,"3,6","1,2"
2022/09/23,2100 UTC,0,"886,6","886,6","886,2","102,9","21,8","16,8","23,1","21,8","17,3","15,8",73,66,73,27,"6,3","0,9"
2022/09/23,2200 UTC,0,"886,8","886,9","886,6",,"20,3","16,9","21,9","20,3","17,3","16,5",81,72,81,135,2,"0,2"
2022/09/23,2300 UTC,0,"887,3","887,3","886,8",,"20,8",17,"21,1",20,"17,6","16,7",84,78,79,167,"2,9","1,4"
2022/09/24,0000 UTC,0,"887,7","887,8","887,3",,"20,6","17,8",21,"20,5","17,8",17,84,79,84,182,"5,2","2,8"
2022/09/24,0100 UTC,0,"888,2","888,3","887,7",,"19,6","17,7","20,6","19,6","18,2","17,7",89,84,89,186,6,"3,1"
2022/09/24,0200 UTC,0,"888,4","888,5","888,2",,"19,4","17,8","19,6","19,4","17,9","17,7",91,89,90,171,6,"1,8"
2022/09/24,0300 UTC,0,"887,9","888,4","887,9",,"19,4","17,7","19,4","19,3","17,9","17,7",91,90,90,177,"4,5","1,3"
2022/09/24,0400 UTC,0,"887,4","887,9","887,4",,"19,1","17,5","19,4","19,1","17,8","17,5",90,90,90,179,"4,6",2
2022/09/24,0500 UTC,0,"886,8","887,4","886,8",,"18,4",17,"19,1","18,4","17,5",17,91,90,91,160,"4,1","1,8"
2022/09/24,0600 UTC,0,"886,2","886,8","886,2",,"18,1","16,8","18,4","18,1",17,"16,7",92,91,92,162,"3,2","1,5"
2022/09/24,0700 UTC,0,"886,1","886,2","886,1",,"18,2","16,8","18,2","18,1","16,8","16,7",92,91,91,162,"3,2","1,2"
2022/09/24,0800 UTC,0,"886,4","886,4","886,1",,"18,4","16,1","18,4","18,2","16,8","16,1",91,86,87,160,"3,5","1,5"
2022/09/24,0900 UTC,0,887,887,"886,4",,"18,4","15,5","18,5","18,4","16,1","15,5",87,83,83,182,"3,8","1,8"
2022/09/24,1000 UTC,0,"887,7","887,7","886,9","81,5","18,6","15,6","18,6","18,3","15,6","15,4",84,82,83,151,"4,1","2,1"
2022/09/24,1100 UTC,0,"888,3","888,3","887,7","412,3",19,"15,9","19,1","18,6","16,2","15,5",84,82,82,159,"5,2",2
2022/09/24,1200 UTC,0,889,889,"888,3","936,3","20,2","16,2","20,3",19,"16,5","15,8",83,77,77,130,"4,6","1,9"
2022/09/24,1300 UTC,0,"889,5","889,5",889,2110,"22,7","16,3","22,7","20,2","16,8","15,7",78,66,67,135,"5,7","2,8"
2022/09/24,1400 UTC,0,"889,2","889,6","889,2","3006,4","24,1","16,7","24,3","22,5","17,5","16,1",68,63,63,124,6,"2,7"
2022/09/24,1500 UTC,0,"888,7","889,3","888,7","3416,4","25,5",16,"25,8","23,7","17,2",16,65,56,56,137,"5,7","2,5"
2022/09/24,1600 UTC,0,"887,6","888,7","887,6","3320,2","26,3","16,2","27,3","24,8","16,6","15,3",58,50,54,68,"7,1","2,4"
2022/09/24,1700 UTC,0,"886,3","887,6","886,3","2628,9","27,5","15,6","28,9",26,"16,7",15,55,46,48,74,"5,2","2,1"
2022/09/24,1800 UTC,0,"885,4","886,3","885,4","2692,2",28,15,"28,7","27,1","16,2","14,6",50,44,45,150,"5,9","1,9"
2022/09/24,1900 UTC,0,"884,9","885,4","884,9","911,7","26,7","14,5",28,"26,6","15,6","14,5",49,45,47,134,"5,5","2,2"
2022/09/24,2000 UTC,0,"884,9",885,"884,8","486,7","26,8","14,7",27,"26,4","15,4","14,6",50,47,47,157,"4,5","2,4"
2022/09/24,2100 UTC,0,885,885,"884,8",131,"25,2","14,8","26,8","25,2","15,1","14,4",53,47,53,164,"4,8","1,7"
2022/09/24,2200 UTC,0,"885,8","885,8",885,,"22,4","15,4","25,2","22,4","16,1","14,8",66,52,65,162,"3,6","0,6"
2022/09/24,2300 UTC,0,"886,2","886,3","885,8",,"22,1","16,6","22,6",22,"17,6","15,5",75,65,71,141,"1,4","0,9"
2022/09/25,0000 UTC,0,"886,8","886,8","886,2",,"21,7","16,5","22,9","21,7","17,1","16,4",74,68,72,163,"2,6",1
2022/09/25,0100 UTC,0,"887,3","887,3","886,8",,23,"15,9","23,2","21,9","16,9","15,9",73,64,65,127,"4,5","2,4"
2022/09/25,0200 UTC,0,"887,2","887,3","887,1",,"21,7","15,6","23,1","21,7",16,"15,4",69,64,68,156,"5,1","1,5"
2022/09/25,0300 UTC,0,"887,1","887,2","886,9",,"20,5","15,2","21,9","20,5","15,7","15,1",71,68,71,140,"3,6","1,4"
2022/09/25,0400 UTC,0,"886,5","887,1","886,5",,"21,5","15,3","21,7","20,5","15,4",15,72,67,68,144,"2,9","1,6"
2022/09/25,0500 UTC,0,"886,7","886,9","886,5",,"21,9","14,7","22,4","21,5","15,4","14,6",68,61,64,100,"5,8","2,9"
2022/09/25,0600 UTC,0,"886,6","886,8","886,5",,"21,3","15,5",22,"21,3","15,5","14,7",70,64,70,45,"5,1",2
2022/09/25,0700 UTC,0,"886,8","886,8","886,5",,"19,8","16,5","21,3","19,8","16,6","15,5",82,70,81,55,8,"3,2"
2022/09/25,0800 UTC,0,"887,1","887,1","886,8",,"19,3","16,5","19,8","19,3","16,5","16,4",84,81,84,30,8,"2,9"
2022/09/25,0900 UTC,0,"887,6","887,6","887,1",,"19,1","16,3","19,5",19,"16,6","16,3",84,82,84,24,"7,9","3,6"
2022/09/25,1000 UTC,0,"888,3","888,3","887,6","115,2",19,"16,2","19,1","18,9","16,3","16,2",85,84,84,33,"7,1",3
2022/09/25,1100 UTC,0,889,889,"888,3","723,6","20,4","16,1","20,7",19,"16,6","16,1",84,76,76,42,"5,9","2,3"
2022/09/25,1200 UTC,0,"889,5","889,5",889,"1303,5","21,8","16,5","21,8","20,4","16,6","15,8",76,72,72,59,"7,7","3,7"
2022/09/25,1300 UTC,0,"889,5","889,8","889,5","2147,6","22,9",16,"23,8","21,7","16,6","15,7",72,63,65,73,8,"4,2"
2022/09/25,1400 UTC,0,"889,6","889,6","889,5","1827,3","22,8","16,2","23,7","22,7","16,6",16,67,64,66,60,"9,5","4,2"
2022/09/25,1500 UTC,0,"889,4","889,7","889,3","1294,5","23,2","16,6","23,8","22,8","16,8","16,1",67,64,67,49,"8,4","3,3"
2022/09/25,1600 UTC,0,"888,7","889,4","888,7","1353,2","22,9","16,4","23,8","22,9","16,8","16,3",67,64,67,52,"8,4","3,3"
2022/09/25,1700 UTC,0,"887,7","888,7","887,7","902,3",23,"16,8",23,"22,5","16,9","16,3",69,67,68,37,"6,6",3
2022/09/25,1800 UTC,0,"886,8","887,7","886,8","1093,7","23,4","16,5","24,1","22,8","17,2","16,4",68,64,65,49,6,"2,6"
2022/09/25,1900 UTC,0,"886,2","886,8","886,2","838,8","23,5","16,9","23,8","23,3","16,9","16,4",66,64,66,28,"5,5",2
2022/09/25,2000 UTC,0,"886,2","886,3","886,1","311,5","22,4","16,9","23,6","22,4","16,9","16,5",71,66,71,12,5,"3,1"
2022/09/25,2100 UTC,0,"886,7","886,7","886,2",70,22,"16,9","22,5",22,17,"16,8",73,71,73,5,"5,4","2,9"
2022/09/25,2200 UTC,0,"887,1","887,1","886,7",,"21,4",17,22,"21,4","17,1","16,9",76,73,76,351,"4,8","2,4"
2022/09/25,2300 UTC,0,"887,2","887,2","887,1",,"20,3","16,9","21,4","20,3","17,1","16,8",81,76,81,318,"4,1","1,3"
2022/09/26,0000 UTC,0,"887,5","887,5","887,2",,"19,9","17,3","20,3","19,4","17,3","16,6",86,81,85,34,"2,1","0,9"
2022/09/26,0100 UTC,0,"887,7","887,7","887,5",,"19,2","17,1","20,2","18,8","17,3","16,4",88,82,88,74,"2,1","0,8"
2022/09/26,0200 UTC,0,"887,9",888,"887,7",,"20,2",17,"20,4","19,2","17,3","16,9",88,81,82,35,"3,8","1,5"
2022/09/26,0300 UTC,0,"887,9","888,1","887,8",,"20,4","16,9","20,4","19,7",17,"16,6",83,80,80,24,"3,2","1,5"
2022/09/26,0400 UTC,0,"887,8",888,"887,8",,"20,4","16,5","20,7","20,3","16,8","16,5",80,78,78,32,"6,5","2,6"
2022/09/26,0500 UTC,0,"887,4","887,8","887,4",,"19,9","16,3","20,5","19,8","16,6","16,2",80,78,80,17,"6,5","1,7"
2022/09/26,0600 UTC,0,"887,3","887,4","887,2",,"18,5","15,9",20,"18,5","16,5","15,8",85,80,85,337,"4,6","0,6"
2022/09/26,0700 UTC,0,"887,4","887,4","887,3",,"18,3","15,7","19,5","17,8","16,1","15,1",86,79,84,63,"2,3","0,9"
2022/09/26,0800 UTC,0,"887,9","887,9","887,4",,"18,8","15,9","19,1","18,3","15,9","15,5",84,81,83,77,"3,1","1,6"
2022/09/26,0900 UTC,0,"888,3","888,4","887,8",,"18,9","15,8",19,"18,6","16,4","15,8",85,82,83,77,"5,8",3
2022/09/26,1000 UTC,0,889,889,"888,3",272,"19,6","15,9","19,6","18,7","16,1","15,8",84,79,80,71,"6,2","3,1"
2022/09/26,1100 UTC,0,"889,7","889,7",889,1096,"20,3","15,7","20,3","19,6",16,"15,5",80,74,75,57,"7,6","3,8"
2022/09/26,1200 UTC,0,"889,8","889,8","889,7",1955,"22,7","15,6","22,8","20,2","16,1","15,3",75,64,64,60,"8,5",4
2022/09/26,1300 UTC,0,"889,6","889,8","889,6","2734,7","23,9","15,6","24,4","22,1","16,1","15,2",66,58,60,37,"8,8","4,2"
2022/09/26,1400 UTC,0,"889,3","889,7","889,3","3251,1","25,7","15,3",26,24,"15,8","14,8",60,52,52,48,"10,1","4,2"
2022/09/26,1500 UTC,0,"888,6","889,3","888,6","3581,8","27,2",14,"27,3","25,2","15,4",14,53,44,44,44,"8,6","3,8"
2022/09/26,1600 UTC,0,"887,6","888,6","887,6","3454,9",28,"14,7",28,26,"15,2","13,7",49,44,44,25,10,"3,5"
2022/09/26,1700 UTC,0,"886,7","887,6","886,7","2569,4","27,3","14,3","28,3","26,3","14,9","13,5",47,42,45,23,"8,2","2,9"
2022/09/26,1800 UTC,0,"886,3","886,7","886,3","2001,8","27,1",13,"29,2","26,8","14,4","12,8",45,38,42,26,"8,2","2,3"
2022/09/26,1900 UTC,0,"885,6","886,3","885,6","1440,2","27,3","11,8","29,2","26,8","13,9","11,8",43,35,38,350,"5,7","2,6"
2022/09/26,2000 UTC,0,"885,5","885,6","885,5","426,1","26,6","12,6","27,8","26,6","12,6","11,6",42,37,42,40,6,"2,6"
2022/09/26,2100 UTC,0,"886,1","886,1","885,5","201,2","25,6","12,6","26,6","25,6",13,"12,3",45,41,45,40,"5,8",3
2022/09/26,2200 UTC,0,"886,4","886,4","886,1",,"24,5","12,6","25,6","24,4","12,8","12,5",48,44,47,23,"6,3","2,1"
2022/09/26,2300 UTC,0,"887,1","887,1","886,4",,"23,3","12,4","24,5","23,3","12,6","11,9",50,46,50,23,"4,9","1,6"
2022/09/27,0000 UTC,0,888,888,"887,1",,20,"12,9","23,5",20,13,"12,3",64,50,64,351,"4,2",1
2022/09/27,0100 UTC,0,"888,4","888,5","888,1",,"20,8","13,6","20,8","19,4","13,8","12,9",67,63,63,7,"1,7","1,2"
2022/09/27,0200 UTC,0,"888,7","888,7","888,4",,"20,8","13,3","21,2","20,6","13,8","12,9",64,60,63,11,2,1
2022/09/27,0300 UTC,0,"888,6","888,7","888,5",,19,"12,9","20,9",19,14,"12,9",69,62,68,330,"1,9","0,8"
2022/09/27,0400 UTC,0,888,"888,6",888,,"20,4","13,1","20,5",19,"13,9",13,71,63,63,30,2,"0,9"
2022/09/27,0500 UTC,0,"887,6","888,1","887,6",,"19,1","12,9","20,4","18,9","13,2","12,7",69,62,67,280,"1,8","0,5"
2022/09/27,0600 UTC,0,"887,3","887,6","887,3",,20,13,20,"18,8","13,9","12,9",72,64,64,36,"2,3","1,1"
2022/09/27,0700 UTC,0,"887,4","887,4","887,3",,"20,5","12,4",21,20,"13,1","12,4",64,59,60,46,"2,3","1,1"
2022/09/27,0800 UTC,0,"887,7","887,7","887,4",,"20,4","12,4","20,6","20,1","12,5","12,4",61,59,60,36,"2,3",1
2022/09/27,0900 UTC,0,"888,2","888,2","887,6",,"18,8","12,4","20,7","17,8","12,7","12,2",71,59,66,22,"3,3","1,6"
2022/09/27,1000 UTC,0,"889,2","889,2","888,2","280,4","21,5","12,4","21,5","18,9","12,8","12,2",66,56,56,45,"3,4","1,3"
2022/09/27,1100 UTC,0,"890,1","890,1","889,2","1031,8","22,4","13,6","23,1","21,5","13,6","12,1",58,50,57,92,"2,8","0,8"
2022/09/27,1200 UTC,0,"890,4","890,5","890,1","1977,5","24,6","12,7","24,6","22,4",14,"11,9",57,46,47,21,"4,8","2,6"
2022/09/27,1300 UTC,0,"890,1","890,5","890,1",2747,26,12,"26,8","24,3","13,4","11,4",48,41,42,18,6,"3,1"
2022/09/27,1400 UTC,0,"889,6","890,1","889,5","3030,7","28,4","7,9","28,8","26,1","11,7",7,42,26,28,335,"7,6","2,8"
2022/09/27,1500 UTC,0,"888,9","889,6","888,9","3213,5","28,3","8,4",29,"26,8",9,7,30,27,29,74,"7,6","2,2"
2022/09/27,1600 UTC,0,"888,1","888,9","888,1","3124,6","29,3","8,9",30,"27,6","9,6","7,5",30,26,28,13,"6,8","2,7"
2022/09/27,1700 UTC,0,"887,2","888,1","887,2","2612,4","29,1","8,9","30,1","28,3","9,8","8,2",30,27,28,246,"6,8","1,5"
2022/09/27,1800 UTC,0,"886,4","887,2","886,4","1410,7","28,6","8,7","29,2","28,4","9,1","8,1",29,27,29,337,"4,4","2,3"
2022/09/27,1900 UTC,0,"886,1","886,4","886,1","1020,3","28,9","8,3","29,1","28,5","9,1","8,2",29,27,27,274,"3,7","1,2"
2022/09/27,2000 UTC,0,"886,4","886,4","886,1","264,9","27,7","9,5","28,9","27,7","9,5","7,7",32,27,32,164,3,"1,1"
2022/09/27,2100 UTC,0,"886,6","886,6","886,4","39,3","27,1",9,"27,6",27,"10,8","8,8",37,31,32,123,"2,4","1,2"
2022/09/27,2200 UTC,0,"886,8","886,8","886,6",,"26,4",11,"27,1","25,6","12,2","8,7",43,32,38,168,"3,5","1,7"
2022/09/27,2300 UTC,0,"887,5","887,5","886,8",,"23,9","15,4","26,3","23,9","15,4","10,5",59,38,59,182,"7,8","2,6"
2022/09/28,0000 UTC,0,"887,8","887,8","887,5",,"21,2","17,3","23,9","21,2","17,3","15,9",79,59,79,182,"8,4","3,6"
2022/09/28,0100 UTC,0,"887,7","888,1","887,7",,"20,1",17,"21,2","20,1","17,4",17,82,79,82,164,"6,5","2,5"
2022/09/28,0200 UTC,0,"887,6","887,7","887,5",,"19,4","16,8","20,1","19,4",17,"16,8",86,82,85,184,6,"1,8"
2022/09/28,0300 UTC,0,"887,1","887,6","887,1",,"18,7","15,6","19,4","18,7","16,8","15,6",86,82,83,125,"3,5","1,1"
2022/09/28,0400 UTC,0,"886,7","887,1","886,7",,19,"16,1","19,4","17,8","16,5","15,3",88,81,83,142,"2,7","1,4"
2022/09/28,0500 UTC,0,"885,8","886,7","885,7",,"19,4","15,8","19,5","18,9","16,2","15,8",83,80,80,109,4,"1,6"
2022/09/28,0600 UTC,0,886,886,"885,8",,"18,8","15,9","19,5","17,8",16,15,86,79,83,129,"3,1","1,4"
2022/09/28,0700 UTC,0,"886,3","886,3","885,9",,"16,8","14,8","18,9","16,8","15,9","14,7",88,82,88,230,3,"0,8"
2022/09/28,0800 UTC,0,"886,7","886,7","886,3",,"16,8","14,9","17,4","16,8","15,7","14,9",90,88,88,142,"1,6","0,6"
2022/09/28,0900 UTC,0,"887,3","887,4","886,7",,"16,3","14,8","16,8","16,1","15,4","14,5",92,88,91,191,"1,8",1
2022/09/28,1000 UTC,0,"887,4","887,4","887,2","175,8","19,9","15,9","20,2","16,3","16,6","14,8",91,77,78,84,"3,6","1,3"
2022/09/28,1100 UTC,0,"888,1","888,1","887,4","1067,1","21,7","16,2","21,9","19,9","16,8","15,9",79,71,71,110,5,"2,8"
2022/09/28,1200 UTC,0,"888,6","888,6","888,1","1982,8","23,7","15,7","24,1","21,7","16,8","15,6",72,59,61,80,"6,3","3,6"
2022/09/28,1300 UTC,0,"888,5","888,8","888,5","2630,1","25,1","14,9","25,6","23,6","16,1","14,9",61,53,53,86,"6,7",2
2022/09/28,1400 UTC,0,"887,9","888,6","887,9","3262,3","28,6","10,3","28,7","25,1","15,6","10,3",54,32,32,4,"5,6","2,3"
2022/09/28,1500 UTC,0,"887,1","887,9","887,1","3597,4","30,6",8,"30,6","28,3","10,2","7,1",32,25,25,322,10,"3,1"
2022/09/28,1600 UTC,0,"886,3","887,1","886,3","3071,4","29,9","8,6","30,6","28,9","8,7","6,7",27,24,26,360,"7,9","2,7"
2022/09/28,1700 UTC,0,"885,3","886,3","885,3",1984,30,"7,6","30,8","29,1","8,8","7,4",28,24,25,29,"6,4","2,3"
2022/09/28,1800 UTC,0,"884,6","885,3","884,6",2014,"30,1","7,7","31,3","29,5","8,4","6,9",26,22,25,339,6,"2,7"
2022/09/28,1900 UTC,0,"884,2","884,6","884,1","1767,3","29,7","7,6","31,5","29,7","8,4","7,3",26,23,25,43,"5,5","1,6"
2022/09/28,2000 UTC,0,"884,4","884,4","884,1","382,9","29,2","8,1","29,8","29,2","8,5","7,5",27,25,27,60,4,"1,6"
2022/09/28,2100 UTC,0,"884,8","884,8","884,4","234,7","28,1","9,6","29,2","28,1","9,6","8,1",31,27,31,12,"3,9",2
2022/09/28,2200 UTC,0,"885,4","885,4","884,8","0,5","25,3","12,6",28,"25,3","12,6","9,3",45,31,45,18,"3,1","0,6"
2022/09/28,2300 UTC,0,"886,2","886,2","885,4",,"23,7","11,2","26,5","23,7","13,1","10,8",48,38,45,5,"3,1","1,1"
2022/09/29,0000 UTC,0,"886,7","886,7","886,2",,"22,9","10,2","24,8","22,9","11,8","10,1",46,40,45,354,"2,7","1,1"
2022/09/29,0100 UTC,0,"886,9","886,9","886,7",,"22,5",11,"23,2","22,4","12,3","10,2",50,45,48,322,"2,1","1,2"
2022/09/29,0200 UTC,0,"887,2","887,3","886,9",,"24,7","12,7","24,7","21,9","12,7","10,6",51,43,47,202,"4,3","1,7"
2022/09/29,0300 UTC,0,"887,1","887,3","887,1",,"24,2","14,2","24,9",24,"14,2",13,54,47,54,192,"5,8",2
2022/09/29,0400 UTC,0,"886,9","887,1","886,9",,"22,6","15,4","24,2","22,5","15,4","14,1",64,54,64,177,"5,8","2,4"
2022/09/29,0500 UTC,0,"886,6","886,9","886,6",,"21,5",16,"22,6","21,5",16,"15,5",71,64,71,180,6,"2,8"
2022/09/29,0600 UTC,0,"886,5","886,7","886,5",,"20,5",16,"21,5","20,5","16,1","15,9",75,71,75,175,"6,8","2,4"
2022/09/29,0700 UTC,0,"886,6","886,6","886,4",,"19,6",16,"20,5","19,6","16,1","15,9",80,75,80,178,"6,1",3
2022/09/29,0800 UTC,0,"887,2","887,3","886,6",,"18,8","16,1","19,7","18,8","16,1","15,9",84,79,84,186,"6,3","2,9"
2022/09/29,0900 UTC,0,"887,5","887,5","887,2",,"18,4","16,3","18,8","18,4","16,3",16,87,84,87,173,"6,3","2,3"
2022/09/29,1000 UTC,0,888,888,"887,5","222,8","18,9","16,5",19,"18,4","16,6","16,3",88,86,86,162,"5,2","2,5"
2022/09/29,1100 UTC,0,"888,2","888,2",888,"1029,4","20,8","16,4","21,2","18,9","16,8","16,2",86,75,76,134,"5,7",3
2022/09/29,1200 UTC,0,"888,6","888,6","888,2","1918,8","22,6","16,5","22,6","20,8","16,7","15,9",76,68,68,130,8,"3,5"
2022/09/29,1300 UTC,0,"888,4","888,6","888,4","2523,6","24,5","16,3","24,7","22,2","16,8",16,69,60,60,117,"6,6","3,2"
2022/09/29,1400 UTC,0,888,"888,4",888,"3238,9","25,9","16,2","26,2","24,1","16,9","15,9",61,53,55,149,"6,1","2,3"
2022/09/29,1500 UTC,0,"887,2",888,"887,2","3504,8","28,1","12,6","28,7","25,9","16,5","12,4",55,38,38,36,6,"2,4"
2022/09/29,1600 UTC,0,"886,2","887,2","886,2","3336,6","28,9","11,6","29,8","27,6","13,3","11,1",39,33,34,76,6,"2,4"
2022/09/29,1700 UTC,0,"885,5","886,2","885,5",1213,"28,9","12,2",30,"28,2","12,2","10,3",36,31,36,339,"5,3","2,3"
2022/09/29,1800 UTC,0,"884,6","885,5","884,6","1445,7","29,4","10,3","29,6","28,6","11,5","10,1",36,31,31,327,"4,7","1,9"
2022/09/29,1900 UTC,0,"884,5","884,6","884,4","1290,9","29,4","10,2","29,9","29,3","10,7","9,6",31,29,30,316,"3,7","1,1"
2022/09/29,2000 UTC,0,"884,4","884,6","884,4",787,"29,1","9,7","29,7","29,1","10,3","9,4",31,29,30,358,"2,9",2
2022/09/29,2100 UTC,0,"884,9","884,9","884,4",215,"26,6","12,2","29,1","26,6",13,"9,5",43,29,41,61,"2,7","0,5"
2022/09/29,2200 UTC,0,"885,2","885,2","884,9",,"24,6","12,9","26,7","24,6","14,1","11,5",49,41,48,74,"1,1","0,7"
2022/09/29,2300 UTC,0,"885,7","885,7","885,2",,"24,6","14,1","24,9",24,"15,2",12,56,45,52,99,"1,3","0,6"
2022/09/30,0000 UTC,0,"886,6","886,6","885,7",,"24,1","14,4","25,5","24,1","14,6","12,6",55,46,55,194,"5,8","2,3"
2022/09/30,0100 UTC,0,887,887,"886,6",,"23,2","14,2","24,3","23,2","14,6","14,1",57,54,57,182,5,"1,3"
2022/09/30,0200 UTC,0,"887,1","887,1",887,,22,"14,8","23,2","21,8","14,8","14,2",64,57,64,167,3,1
2022/09/30,0300 UTC,0,"887,1","887,2","887,1",,"23,1","14,4","23,6",22,"15,1","14,3",64,57,58,150,"5,2","2,6"
2022/09/30,0400 UTC,0,887,"887,2",887,,"22,5","14,8","23,2","22,4","14,8","14,4",62,58,62,159,"6,5","2,9"
2022/09/30,0500 UTC,0,"886,9",887,"886,8",,"21,5",15,"22,5","21,5",15,"14,8",66,62,66,155,"5,8","2,5"
2022/09/30,0600 UTC,0,"886,9","886,9","886,7",,"20,7","15,4","21,6","20,7","15,5","14,9",72,66,72,164,"5,5","1,6"
2022/09/30,0700 UTC,0,"886,9",887,"886,9",,"20,1","15,8","20,8","20,1","15,8","15,5",76,72,76,163,"5,7","2,6"
2022/09/30,0800 UTC,0,"887,4","887,4","886,9",,"19,6","15,8","20,1","19,6",16,"15,8",79,76,79,154,"5,9","2,9"
2022/09/30,0900 UTC,0,"887,8","887,8","887,4",,"19,5","15,9","19,6","19,3",16,"15,6",80,79,80,148,"5,9","3,2"
2022/09/30,1000 UTC,0,"888,5","888,6","887,8","281,8","20,1",16,"20,1","19,4",16,"15,9",80,77,77,137,7,"3,7"
2022/09/30,1100 UTC,0,"889,1","889,2","888,5","1067,6","21,8","16,2","21,8","20,1","16,4","15,9",77,71,71,121,8,"3,6"
2022/09/30,1200 UTC,0,"889,4","889,4","889,1","1966,2","23,3","15,8","23,4","21,6","16,3","15,6",71,63,63,110,"9,3","4,3"
2022/09/30,1300 UTC,0,"889,2","889,4","889,2","2725,3","24,8","15,3","25,1",23,"16,5","14,9",64,55,56,96,"9,4","4,7"
2022/09/30,1400 UTC,0,889,"889,3",889,"3257,4","27,8","14,9","27,9","24,5","15,7","14,5",56,45,45,78,"8,9","3,7"
2022/09/30,1500 UTC,0,"888,3",889,"888,3","3556,3",28,"13,1","28,9","26,8","15,2","13,1",47,39,40,65,"8,1",4
2022/09/30,1600 UTC,0,"887,4","888,4","887,4","3332,9","29,2","12,5","29,6","27,8","13,7","12,2",40,36,36,73,"8,1","3,6"
2022/09/30,1700 UTC,0,"886,6","887,5","886,6",3171,"30,5","11,8","30,6","28,5","13,1","11,4",37,31,32,47,"8,9","2,8"
2022/09/30,1800 UTC,0,886,"886,6",886,"2561,4","30,4",11,31,"28,9","12,3","10,4",35,29,30,50,6,"2,7"
2022/09/30,1900 UTC,0,"885,8",886,"885,7","2079,5","30,6","9,7","31,5",30,"11,4","9,6",30,27,27,64,"8,5","2,9"
2022/09/30,2000 UTC,0,"885,9","885,9","885,7","860,1",30,"9,7","30,8","29,5","10,1","8,9",30,26,28,43,"5,7","1,9"
2022/09/30,2100 UTC,0,"886,2","886,2","885,9","282,9","28,5",9,30,"28,4","10,1",9,30,28,30,44,"5,6","1,8"
2022/09/30,2200 UTC,0,"886,9","886,9","886,2",,27,"9,4","28,5",27,"9,5","9,1",33,30,33,46,"3,9","1,3"
2022/09/30,2300 UTC,0,"887,4","887,5","886,9",,26,"11,5","27,2","24,7","11,5","9,3",42,33,40,109,3,"1,8"
2022/10/01,0000 UTC,0,"887,7","887,7","887,4",,"25,4","12,4","26,1","25,3","12,4",11,44,39,44,102,6,"2,9"
2022/10/01,0100 UTC,0,"888,2","888,2","887,7",,"24,2","12,7","25,4","24,2",13,"12,4",49,44,49,107,"6,6","2,9"
2022/10/01,0200 UTC,0,"888,4","888,5","888,2",,"23,8","13,9","24,3","23,8",14,"12,6",54,48,54,121,"5,8","2,8"
2022/10/01,0300 UTC,0,"888,1","888,4","888,1",,"23,5","14,1",24,"23,4","14,1","13,8",56,54,56,117,"7,7","3,8"
2022/10/01,0400 UTC,0,"887,9","888,1","887,9",,"22,4",15,"23,5","22,4",15,"14,1",63,56,63,116,"7,6","3,2"
2022/10/01,0500 UTC,0,"887,8",888,"887,8",,"21,9",15,"22,5","21,9",15,"14,9",65,63,65,95,"7,3","3,5"
2022/10/01,0600 UTC,0,"887,9",888,"887,8",,"21,3","15,2",22,"21,2","15,3","14,9",69,64,68,138,"7,1","2,8"
2022/10/01,0700 UTC,0,"888,3","888,3","887,8",,"18,6","15,3","21,3","18,6","15,4","15,1",81,68,81,166,"7,8","3,8"
2022/10/01,0800 UTC,0,"888,7","888,7","888,3",,"17,9","15,1","18,6","17,8","15,3",15,84,81,84,153,"7,3","2,5"
2022/10/01,0900 UTC,0,"889,1","889,1","888,7",,"18,2",15,"18,3","17,8","15,2","14,9",84,81,82,143,"7,5","3,3"
2022/10/01,1000 UTC,0,890,890,"889,1","133,8","18,8","15,3","18,9","18,2","15,4",15,82,79,80,152,"7,1","3,9"
2022/10/01,1100 UTC,0,"890,3","890,3",890,"775,1","20,1","15,7","20,3","18,7",16,"15,1",80,76,76,125,"8,3","3,7"
2022/10/01,1200 UTC,0,"890,6","890,6","890,2","1909,3","22,4","16,2","22,4","19,9","16,2","15,6",77,68,68,116,"9,9","4,2"
2022/10/01,1300 UTC,0,"890,6","890,9","890,6","2541,9","23,8","15,7","23,8","21,4","16,3","14,9",70,60,60,91,"9,6",5
2022/10/01,1400 UTC,0,"890,2","890,6","890,2","3181,3","24,7","16,2","24,7","22,8","16,2","14,9",63,56,59,94,"9,5",4
2022/10/01,1500 UTC,0,"889,4","890,2","889,4","3302,9","25,9","15,3","26,8","24,2",16,"15,1",59,51,52,81,"7,8","3,8"
2022/10/01,1600 UTC,0,"888,4","889,4","888,4","3326,3","27,4","15,1",28,"25,9","15,7","14,6",53,46,47,73,"7,4","3,2"
2022/10/01,1700 UTC,0,"887,4","888,4","887,4",3201,"29,2","13,9","29,3","27,4","15,3","13,9",47,39,39,58,"7,6","2,5"
2022/10/01,1800 UTC,0,"886,8","887,4","886,8","2519,5","28,6","12,9","29,9","28,3","14,3","12,7",42,37,38,97,6,"3,1"
2022/10/01,1900 UTC,0,"886,4","886,8","886,4","1648,4","29,3","12,4","30,3","28,6","13,6","11,9",39,34,35,151,"5,7","1,1"
2022/10/01,2000 UTC,0,"886,4","886,4","886,2","581,5","28,3","12,8","29,8","28,3","13,1","12,2",39,34,38,121,"3,3","1,3"
2022/10/01,2100 UTC,0,"886,6","886,7","886,3","171,5","27,2","13,6","28,4","27,2","13,6","12,7",43,38,43,138,"3,7","1,4"
2022/10/01,2200 UTC,0,"887,3","887,3","886,5",,"25,2","14,7","27,2","24,9","14,9","13,6",53,43,52,215,3,"1,3"
2022/10/01,2300 UTC,0,"888,1","888,1","887,3",,"25,1","14,4","25,7",24,"15,5","14,3",58,50,52,145,"4,5","2,2"
2022/10/02,0000 UTC,0,"888,5","888,6","888,1",,24,"15,3","25,1","23,9","15,3","14,4",58,52,58,98,"6,1","2,7"
2022/10/02,0100 UTC,0,889,889,"888,5",,"23,5",16,24,"23,4",16,"15,3",63,58,63,113,"6,1",2
2022/10/02,0200 UTC,0,"888,8",889,"888,8",,"23,1","15,8","23,6","23,1",16,"15,8",64,62,64,101,"4,1","1,8"
2022/10/02,0300 UTC,0,"888,5","888,8","888,5",,"21,4","15,5","23,2","21,4","15,9","15,4",69,63,69,120,"3,5","0,8"
2022/10/02,0400 UTC,0,"888,2","888,5","888,2",,"22,4","16,2","22,5",21,"16,2","15,5",72,67,68,137,"2,7","1,9"
2022/10/02,0500 UTC,0,"887,5","888,2","887,5",,"21,1","16,4","22,5","20,9","16,5",16,76,68,74,149,"2,7",1
2022/10/02,0600 UTC,0,"886,9","887,5","886,9",,"21,5","15,8","21,7","20,8","16,6","15,7",76,69,70,102,"2,1","1,2"
2022/10/02,0700 UTC,0,"886,8","886,9","886,8",,"19,4","15,8",22,"19,2","15,8","15,1",80,66,80,197,"2,2","0,2"
2022/10/02,0800 UTC,0,"887,2","887,2","886,8",,"21,2","15,6","21,3","18,6","16,6","15,4",82,70,70,100,3,"1,7"
2022/10/02,0900 UTC,0,"887,9","887,9","887,2",1,"20,5","16,1","21,5","18,7","16,2",15,81,69,76,106,3,"1,6"
2022/10/02,1000 UTC,0,"888,9","888,9","887,9","416,7","22,6",16,"22,7","20,5","16,3","15,5",76,64,66,250,7,"2,4"
2022/10/02,1100 UTC,0,"889,8","889,8","888,9","808,1","22,4","16,2","22,6","21,5","16,6","15,7",73,66,68,196,"6,2","2,2"
2022/10/02,1200 UTC,0,"890,3","890,3","889,8","1012,8","22,9","16,1","23,5",22,17,16,70,64,65,187,5,"2,6"
2022/10/02,1300 UTC,0,"890,5","890,5","890,3",1298,"24,4","16,8","24,4","22,4","17,3","16,1",69,63,63,247,"5,8","2,3"
2022/10/02,1400 UTC,0,"890,6","890,7","890,5","1400,1","22,3","15,8","24,3","22,1",17,"15,7",68,62,67,280,8,"3,2"
2022/10/02,1500 UTC,0,"889,7","890,6","889,7","1191,4","22,8","16,1","23,3","21,8","16,5","15,6",69,64,66,267,8,"2,5"
2022/10/02,1600 UTC,0,"888,8","889,7","888,8","942,8","24,2","15,1","24,2","22,6",16,"14,9",66,57,57,281,"5,3",1
2022/10/02,1700 UTC,0,"887,7","888,8","887,7","1005,5","25,2","13,7","25,5","24,1","15,3","13,4",57,49,49,309,"3,5","2,1"
2022/10/02,1800 UTC,0,"886,8","887,7","886,8","650,2","25,3","14,3","25,5","24,9","14,3","13,4",51,48,50,300,"3,5","1,3"
2022/10/02,1900 UTC,0,"886,5","886,8","886,4","811,3",26,"12,2","26,2","25,2","14,4","11,5",51,41,42,275,"4,3",2
2022/10/02,2000 UTC,0,"886,9","886,9","886,5","410,1","24,9","10,1",26,"24,9","12,2",10,44,39,39,271,"4,3","2,2"
2022/10/02,2100 UTC,0,"887,5","887,5","886,9","111,9","24,1","11,9","24,9","24,1","11,9","9,8",47,39,47,212,"4,3",1
2022/10/02,2200 UTC,0,"887,9",888,"887,5",,"22,8","11,9",24,"22,6","12,2","11,2",51,46,50,208,"2,9","1,6"
2022/10/02,2300 UTC,0,"888,2","888,2","887,9",,"21,3","12,9","23,2","21,3","13,3",12,59,50,59,201,"3,3","1,1"
2022/10/03,0000 UTC,0,"888,6","888,6","888,2",,"21,5","12,5","22,2","21,2","12,9","12,3",59,55,57,183,"2,7","1,1"
2022/10/03,0100 UTC,0,"888,8","888,8","888,6",,"20,9","11,9","21,5",20,"13,2","11,9",63,55,56,227,"2,7",1
2022/10/03,0200 UTC,0,"888,4","888,8","888,4",,"19,7","12,7","21,1","19,6","13,2","11,8",65,56,64,328,"2,3","0,7"
2022/10/03,0300 UTC,0,"888,2","888,4","888,2",,"19,6","13,4","20,2","19,5",14,"12,7",69,63,67,2,"1,2","0,8"
2022/10/03,0400 UTC,0,"887,6","888,2","887,6",,"19,7","14,2","20,5","19,2","14,4","13,4",71,65,70,205,"1,4","0,3"
2022/10/03,0500 UTC,0,"887,4","887,6","887,2",,"20,9","14,3","21,4","19,6","14,4","13,3",72,60,66,134,"4,8","2,1"
2022/10/03,0600 UTC,0,"887,2","887,4","887,2",,"20,1","14,6",21,20,"14,6","14,3",71,66,71,152,"8,5","0,8"
2022/10/03,0700 UTC,0,"887,4","887,5","887,2",,"19,5","15,1","20,3","19,5","15,1","14,4",75,70,75,177,"5,8","2,6"
2022/10/03,0800 UTC,0,"887,4","887,5","887,2",,"19,2","15,1","19,5","19,2","15,3","15,1",77,75,77,175,"5,8","0,8"
2022/10/03,0900 UTC,0,"887,8","887,8","887,4",,"19,5",15,"19,5","18,8","15,2",15,79,76,76,115,"2,1","1,3"
2022/10/03,1000 UTC,0,"888,2","888,2","887,8","246,7","20,9",15,"20,9","19,3","15,4","14,9",76,68,69,148,"2,3","0,9"
2022/10/03,1100 UTC,0,"888,7","888,7","888,1","689,2",22,"14,4","22,1",21,"15,2","14,1",69,61,62,141,"3,6","1,6"
2022/10/03,1200 UTC,0,"889,5","889,5","888,7","667,4","22,5","14,6","22,6","21,8","14,8","14,1",63,60,61,114,"4,4","2,6"
2022/10/03,1300 UTC,0,"889,5","889,7","889,4","1481,3","23,6","14,7","23,8","22,5","15,1","14,3",61,56,57,76,"5,7","3,1"
2022/10/03,1400 UTC,0,889,"889,5","888,9","2453,4","24,9","14,3","25,5","23,6",15,"13,8",57,49,52,59,"5,6","2,4"
2022/10/03,1500 UTC,0,"888,3",889,"888,3","2158,4","25,7","13,1","27,4","24,7",15,13,53,43,46,6,"5,8","2,9"
2022/10/03,1600 UTC,0,"887,1","888,3","887,1","1538,6","26,7","14,1","27,1","25,2","14,3","12,8",49,44,46,28,"5,8","2,8"
2022/10/03,1700 UTC,0,886,"887,1",886,"1866,5","26,7","13,2","28,2","26,1","14,8","12,8",47,42,43,33,"7,7","2,3"
2022/10/03,1800 UTC,0,"885,5",886,"885,5","1360,9","26,7","13,9",27,"26,1","13,9","12,4",45,41,45,357,"5,7","1,9"
2022/10/03,1900 UTC,0,"884,8","885,5","884,8","1770,5","27,9","12,4",28,"26,5","14,1","11,9",46,38,38,358,"6,2","3,3"
2022/10/03,2000 UTC,0,"884,7","884,8","884,7","921,4",27,"12,8","27,9","26,9","13,1",12,42,37,42,327,"6,2","2,4"
2022/10/03,2100 UTC,0,"885,1","885,2","884,7",243,"25,8",14,27,"25,8",14,"12,5",48,41,48,342,"4,8","2,6"
2022/10/03,2200 UTC,0,"885,8","885,8","885,1",0,24,"14,8","25,8","23,9","14,8","14,1",57,48,56,358,"6,2","2,7"
2022/10/03,2300 UTC,0,"886,2","886,2","885,8",,"23,7","15,2",24,"23,6","15,2","14,8",59,56,59,343,"4,1","1,6"
2022/10/04,0000 UTC,0,"886,6","886,6","886,2",,"22,9","15,4","23,7","22,5","15,4",15,64,59,63,40,"3,3","0,7"
2022/10/04,0100 UTC,0,"886,5","886,6","886,4",,"21,6","15,9","23,2","21,6","16,1","15,3",70,62,70,132,"2,3","0,6"
2022/10/04,0200 UTC,0,"886,4","886,6","886,4",,"20,7","15,6","21,7","20,6","16,1","15,6",73,69,73,299,"1,8","1,4"
2022/10/04,0300 UTC,0,"885,9","886,4","885,9",,20,"15,5","20,9","19,7","15,8","15,3",76,72,75,2,"1,8","1,2"
2022/10/04,0400 UTC,0,"885,5","885,9","885,5",,20,"15,2","20,4","19,4","15,6","15,1",77,73,74,45,"1,8","0,6"
2022/10/04,0500 UTC,0,885,"885,5",885,,"20,6","15,1","20,7","18,9","15,6","14,8",78,70,71,7,"2,5","1,7"
2022/10/04,0600 UTC,0,"884,5",885,"884,5",,"20,1","14,5","20,9","20,1",15,"14,5",71,68,70,299,"2,3","0,8"
2022/10/04,0700 UTC,0,"884,5","884,5","884,4",,21,14,21,"20,1","15,1","13,9",73,64,64,331,"1,9","1,1"
2022/10/04,0800 UTC,0,"885,1","885,1","884,5",,"21,1","15,1","21,1","20,6","15,7","13,7",72,64,69,64,"1,6","0,5"
2022/10/04,0900 UTC,0,"885,7","885,7","885,1",,"21,5","15,3","21,5","20,5","15,7","14,9",74,68,68,92,"1,5",1
2022/10/04,1000 UTC,0,"886,7","886,7","885,7","27,8","21,5","16,6","21,7","20,7","16,8",15,78,66,74,58,"1,6","0,8"
2022/10/04,1100 UTC,0,"887,4","887,4","886,7","315,5",23,15,"23,1","21,2","16,9","14,9",76,61,61,350,"2,7","1,8"
2022/10/04,1200 UTC,0,"887,9",888,"887,4","972,9","25,1","13,6","25,3",23,"15,3",13,62,47,49,17,"3,3","1,6"
2022/10/04,1300 UTC,0,"888,2","888,2",888,"967,7","25,3","13,2","25,8","24,9","13,7","12,5",49,44,47,15,"3,6","1,8"
2022/10/04,1400 UTC,0,"888,3","888,4","888,2","1930,2","26,2","13,9","26,5","24,7","14,3","12,4",52,44,47,319,"5,9","2,5"
2022/10/04,1500 UTC,0,"887,9","888,3","887,8","1495,4","24,5","15,2","26,2","24,5","15,4","13,6",56,46,56,290,"8,1","3,5"
2022/10/04,1600 UTC,0,"886,5","887,9","886,5",1025,"24,4","15,4","24,5","22,3","16,4","15,1",68,56,57,291,"8,4","2,4"
2022/10/04,1700 UTC,0,"885,2","886,5","885,2","1106,1","25,1",14,"25,4","24,4","15,8","13,7",58,49,50,312,"4,8","1,8"
2022/10/04,1800 UTC,0,"884,3","885,2","884,3","1179,8","26,5","12,2","26,7",25,"14,3","11,6",51,41,41,314,"3,7","1,8"
2022/10/04,1900 UTC,0,"883,8","884,3","883,8","1987,9","28,4","12,3","28,7","26,4","13,2","11,7",42,36,37,46,"4,5","2,1"
2022/10/04,2000 UTC,0,"883,7","883,8","883,5","1142,3","28,4","10,5","29,1","28,2","12,7","10,1",38,32,33,326,"5,9","2,6"
2022/10/04,2100 UTC,0,"884,5","884,5","883,6","306,6","26,7","10,9","28,5","26,7","11,3","9,9",37,32,37,338,"6,5","2,4"
2022/10/04,2200 UTC,0,"885,3","885,3","884,5",2,"24,6","11,8","26,7","23,5","12,1","10,8",49,37,45,14,"4,3","1,7"
2022/10/04,2300 UTC,0,"885,7","885,7","885,2",,"23,1","13,1","24,7",22,"13,2","11,7",56,45,53,340,3,"1,4"
2022/10/05,0000 UTC,0,"886,1","886,1","885,7",,"21,3","13,5","23,3","21,3","13,6","12,9",61,53,61,327,"2,1","1,5"
2022/10/05,0100 UTC,0,"886,4","886,4","886,1",,"21,7","14,1",22,"21,2","14,3","13,6",63,60,62,345,"2,2","1,3"
2022/10/05,0200 UTC,0,"886,5","886,5","886,3",,"22,1","14,2","22,5","21,2","14,7","13,9",65,59,61,157,"2,2",1
2022/10/05,0300 UTC,0,"886,1","886,6","886,1",,"21,8","14,6","22,1","21,3","15,4",14,68,61,64,116,"2,1","0,7"
2022/10/05,0400 UTC,0,"885,7","886,1","885,7",,"21,8","14,5","22,6","21,5",15,"13,9",66,59,63,128,"3,6","1,8"
2022/10/05,0500 UTC,0,"885,6","885,7","885,6",,"21,5","14,5",22,"21,5","15,3","14,5",66,63,64,109,"4,4","2,6"
2022/10/05,0600 UTC,0,"885,4","885,7","885,3",,"20,3","15,1","21,6","20,3","15,1","14,4",72,64,72,129,"5,7","3,1"
2022/10/05,0700 UTC,0,"885,5","885,6","885,3",,"19,8",16,"20,4","19,5",16,"15,1",79,72,79,125,"7,1","3,4"
2022/10/05,0800 UTC,0,886,886,"885,5",,"18,7","16,4","19,8","18,7","16,4",16,86,79,86,111,"6,7","3,1"
2022/10/05,0900 UTC,0,"886,9","886,9",886,"1,6","18,5","16,4","18,7","18,5","16,6","16,3",88,86,88,110,"6,8","3,5"
2022/10/05,1000 UTC,0,"887,7","887,7","886,9","136,1","18,7","16,1","18,8","18,5","16,4","16,1",88,85,85,98,"6,8","2,8"
2022/10/05,1100 UTC,0,"888,5","888,5","887,7","544,7","19,6","15,9","19,7","18,7","16,3","15,8",85,79,79,104,"6,5","3,2"
2022/10/05,1200 UTC,0,"888,7","888,8","888,5","614,8","20,8","16,2","20,8","19,5","16,4","15,9",80,75,75,96,"6,5","3,3"
2022/10/05,1300 UTC,0,889,889,"888,7","2064,3","24,3","16,5","24,5","20,8","16,7","15,9",75,61,62,57,"6,5","2,4"
2022/10/05,1400 UTC,0,"888,5",889,"888,4",2635,"25,9","15,8",26,"24,1","16,7","15,4",62,54,54,27,"6,3","3,4"
2022/10/05,1500 UTC,0,"887,4","888,5","887,4","2549,9","27,4","14,8","27,6","25,4","15,9","14,3",54,45,46,18,"7,6","2,9"
2022/10/05,1600 UTC,0,"886,1","887,4","886,1","3533,8","28,2","13,7","28,9","27,4","15,6","13,7",48,41,41,34,"7,5","3,2"
2022/10/05,1700 UTC,0,"885,2","886,1",885,"1258,3","27,3","13,9","29,3","27,1","14,4","13,6",45,39,44,48,"7,5","1,5"
2022/10/05,1800 UTC,0,"884,9","885,4","884,9","319,6","22,5","16,3","27,2","21,9","16,3","13,2",68,44,68,280,"10,9","2,6"
2022/10/05,1900 UTC,0,"883,6","884,9","883,5",582,"24,1","14,5","24,1","22,2","16,6","14,5",70,55,55,329,"5,8","1,8"
2022/10/05,2000 UTC,0,"884,5","884,5","883,5","800,3","25,2","13,8","25,8","23,9","14,5","13,3",55,47,49,252,"5,2","1,2"
2022/10/05,2100 UTC,0,"884,7","884,7","884,5","201,6","24,4","12,8","25,1","24,4","13,6","12,1",50,46,49,163,"3,2","1,5"
2022/10/05,2200 UTC,0,"886,2","886,2","884,7",1,"21,7",14,"24,4","21,7","15,2","12,8",63,48,62,134,"9,9","4,6"
2022/10/05,2300 UTC,0,"886,5","886,6","886,1",,"21,1","14,6","21,7","21,1","14,6","13,7",66,60,66,121,"8,9",3
2022/10/06,0000 UTC,0,"887,2","887,3","886,5",,"20,4",15,"21,1","20,4","15,1","14,6",71,66,71,108,"9,5","4,3"
2022/10/06,0100 UTC,0,"887,3","887,5","887,2",,"20,4","14,8","20,7","20,3","15,1","14,7",72,69,70,123,"7,8","2,2"
2022/10/06,0200 UTC,0,"887,2","887,4","887,2",,19,"14,7","20,4","18,8","14,9","14,4",76,70,76,249,"4,4","0,8"
2022/10/06,0300 UTC,0,"886,7","887,2","886,7",,"19,5","15,2","19,5","18,3","15,3","14,4",79,75,76,334,"2,1","1,3"
2022/10/06,0400 UTC,0,886,"886,7",886,,"19,2","14,9","19,5","18,8","15,3","14,8",80,76,76,11,"2,1","0,7"
2022/10/06,0500 UTC,0,"885,5",886,"885,5",,"19,1","14,8","19,4","18,9","15,1","14,6",77,75,76,310,"1,3","0,6"
2022/10/06,0600 UTC,0,"885,2","885,5","885,2",,"20,6","14,6","20,6","19,1","15,5","14,6",78,69,69,83,2,"1,5"
2022/10/06,0700 UTC,0,"885,2","885,3","885,2",,"20,8","15,4","22,1","20,2","15,4","12,7",71,55,71,142,"2,5","1,3"
2022/10/06,0800 UTC,0,"885,7","885,7","885,1",,"19,6","15,8","21,3","19,5","15,8","14,2",79,64,79,153,"2,2","1,5"
2022/10/06,0900 UTC,0,"885,8","886,1","885,7","2,7","18,8","13,9","19,8","18,6",16,"13,9",79,72,73,121,"5,5","2,5"
2022/10/06,1000 UTC,0,"886,6","886,6","885,8","278,5","20,2",14,"20,2","18,8","14,3","13,8",73,67,67,148,"4,4",2
2022/10/06,1100 UTC,0,"887,3","887,3","886,6","1055,8",23,"13,8",23,"20,2","14,4","13,8",68,56,56,121,"4,8","2,7"
2022/10/06,1200 UTC,0,"887,7","887,7","887,3","1930,8","24,8","14,5",25,"22,9","14,9","13,5",57,52,52,92,7,"3,2"
2022/10/06,1300 UTC,0,"887,6","887,8","887,6","2649,3","26,8","14,6","27,1","24,2",15,14,55,45,47,68,"6,9","2,9"
2022/10/06,1400 UTC,0,"886,8","887,6","886,8","3196,4","28,4","10,8","29,5","26,5","14,6","10,7",47,32,33,67,"9,4","5,1"
2022/10/06,1500 UTC,0,886,"886,8",886,3420,"30,2","11,2","30,5","28,4","11,6","10,6",34,31,31,56,"10,4","4,6"
2022/10/06,1600 UTC,0,885,886,885,"3169,3",30,"10,5",32,"29,8","11,9","10,4",32,28,30,20,"9,7","4,6"
2022/10/06,1700 UTC,0,"884,1",885,"884,1","1489,7","31,3","10,4","31,3","29,2","11,2","9,9",32,28,28,18,"8,8","3,6"
2022/10/06,1800 UTC,0,"883,5","884,1","883,4","986,6","30,5","10,3","31,3",30,"10,9","9,5",30,27,29,11,"7,4","3,1"
2022/10/06,1900 UTC,0,"882,9","883,5","882,9","442,7","29,9","9,8","30,6","29,8","10,4","9,6",30,28,29,2,"7,6",4
2022/10/06,2000 UTC,0,"882,8",883,"882,7","285,9","25,9",13,"29,9","25,9","13,1","9,9",45,29,45,327,"10,3","4,3"
2022/10/06,2100 UTC,0,"883,1","883,1","882,8",101,"25,7","12,8","25,9","25,6","13,2","12,8",46,45,45,332,"8,8","2,3"
2022/10/06,2200 UTC,0,"883,6","883,6","883,1",,"25,1","12,4","25,8","24,9","12,9","12,4",47,44,45,321,"4,6","1,7"
2022/10/06,2300 UTC,0,"884,4","884,4","883,6",,"23,4","12,7","25,1",23,"12,8","12,3",52,45,51,340,"2,8","1,7"
2022/10/07,0000 UTC,0,"885,6","885,6","884,4",,"22,7","13,2","23,6","22,4","13,2","12,8",56,51,55,325,"2,8","1,6"
2022/10/07,0100 UTC,0,"886,2","886,3","885,6",,"22,3","12,7","22,9","22,2","13,3","12,7",57,54,54,334,"2,5","1,9"
2022/10/07,0200 UTC,0,"886,1","886,4","886,1",,"22,7","12,1","22,7","22,3","12,7","12,1",54,51,51,337,"3,2","2,1"
2022/10/07,0300 UTC,0,"885,9","886,2","885,9",,"22,9","11,7","23,4","22,7","12,1","11,6",51,48,49,315,"3,3","1,5"
2022/10/07,0400 UTC,0,"885,3","885,9","885,3",,"22,9","12,3",23,"22,3","12,4","11,5",52,48,51,301,3,"1,5"
2022/10/07,0500 UTC,0,"884,6","885,3","884,6",,"22,2","13,4","23,1","22,2","13,5","12,3",58,51,57,337,3,"1,7"
2022/10/07,0600 UTC,0,"884,3","884,6","884,3",,"22,9","13,7",23,"22,2","13,8","13,4",57,55,56,330,"3,1","1,9"
2022/10/07,0700 UTC,0,"884,4","884,4","884,3",,"22,2","14,2",23,"22,2","14,2","13,6",61,56,61,335,"3,1","1,8"
2022/10/07,0800 UTC,0,"884,9","884,9","884,4",,"22,1","14,7","22,2","21,2","14,7","14,2",66,61,63,325,3,"1,6"
2022/10/07,0900 UTC,0,"885,2","885,3","884,9",,"21,7","14,8","22,2","21,7","14,9","14,6",65,62,65,335,3,"1,4"
2022/10/07,1000 UTC,0,"886,1","886,1","885,2",131,"22,4","15,3","22,4","21,3","15,4","14,8",67,64,64,319,"3,4","1,2"
2022/10/07,1100 UTC,0,"886,9","886,9","886,1","165,9","22,8","15,8","22,8","22,4","15,8","15,3",66,64,65,270,"3,7","1,7"
2022/10/07,1200 UTC,0,"888,1","888,1","886,9",812,"23,1","16,5","23,6","22,8","16,8","15,5",67,61,67,207,"9,9","5,1"
2022/10/07,1300 UTC,0,"888,4","888,5","888,1",1627,"23,7","16,5","23,7","21,5","16,9","15,9",74,64,64,219,10,"4,7"
2022/10/07,1400 UTC,0,"888,4","888,5","888,4","1427,4","22,4","16,3","23,9","22,3",17,16,69,63,69,209,"8,5","3,6"
2022/10/07,1500 UTC,0,"888,1","888,4","888,1","1160,4","22,9","16,2","23,5","22,3","16,8","16,2",69,65,66,209,"7,8","3,6"
2022/10/07,1600 UTC,0,"887,3","888,1","887,2","720,7","20,4","16,2","22,9","20,4",17,"15,6",77,66,77,189,"9,3","4,3"
2022/10/07,1700 UTC,0,"886,2","887,3","886,1","878,3","20,7","15,7","21,4","20,4","16,6","15,6",78,71,73,205,"9,8","4,7"
2022/10/07,1800 UTC,0,"885,8","886,4","885,8","707,2","21,5","15,8","21,9","20,7","16,2","15,6",73,69,70,187,"9,1","3,4"
2022/10/07,1900 UTC,0,"885,3","885,8","885,3","1820,4",23,"15,4","24,2","21,5","16,3","14,9",70,59,62,190,"7,2",3
2022/10/07,2000 UTC,0,"885,7","885,7","885,3","631,7","22,9","15,3","23,5","22,4","15,6",15,64,60,62,187,"5,7","1,5"
2022/10/07,2100 UTC,0,"886,3","886,4","885,7",186,"22,4","15,3","23,2","22,4","15,5","15,1",65,61,65,253,4,"0,8"
2022/10/07,2200 UTC,0,"887,4","887,5","886,2","1,6","20,5","13,4","22,4","20,5","15,5","13,1",67,60,64,353,"12,4","5,6"
2022/10/07,2300 UTC,0,"886,7","887,6","886,6",,"19,3","13,1","20,5","19,3","13,4",13,68,64,67,339,"10,1","3,6"
2022/10/08,0000 UTC,0,"886,4","886,7","886,2",,"18,8",14,"19,3","18,4",14,"13,1",74,67,74,328,"6,5","1,3"
2022/10/08,0100 UTC,0,"887,4","887,4","886,3",,"19,4","14,3","19,4","18,8","14,3","13,9",74,72,72,353,"3,2","2,2"
2022/10/08,0200 UTC,0,"887,1","887,5","887,1",,19,"14,6","19,4",19,"14,6","14,2",75,72,75,5,"3,2","1,1"
2022/10/08,0300 UTC,0,"886,4","887,1","886,4",,"20,1",14,"20,1","18,9","14,6",14,76,68,68,11,"2,7","1,7"
2022/10/08,0400 UTC,0,"885,9","886,4","885,9",,"19,1","14,2","20,1","18,9","14,2","13,9",74,68,73,340,"2,7","1,6"
2022/10/08,0500 UTC,0,"885,2","885,9","885,2",,"18,8","14,5","19,2","18,5","14,6",14,77,73,76,33,"2,7","0,5"
2022/10/08,0600 UTC,0,"884,7","885,2","884,6",,"19,1","14,5","19,4","18,8","14,6","14,2",76,73,75,181,"3,5","1,6"
2022/10/08,0700 UTC,0,"884,6","884,7","884,5",,19,"14,3","19,3","18,8","14,5","14,2",75,73,74,4,"3,3","0,4"
2022/10/08,0800 UTC,0,"884,9","884,9","884,6",,"17,9","14,8",19,"17,9","14,9","14,4",82,74,82,216,"1,6","0,5"
2022/10/08,0900 UTC,0,885,885,"884,8",,"17,9","14,5","18,5","17,9","14,9","14,4",82,78,81,171,"3,5","1,2"
2022/10/08,1000 UTC,0,"885,7","885,7",885,"220,6","18,8","14,8","18,8","17,8","15,1","14,6",82,78,78,172,"3,4","1,7"
2022/10/08,1100 UTC,0,"886,4","886,4","885,7","1046,9","20,3","14,5","20,3","18,7","14,9","13,9",78,70,70,158,"4,6","2,2"
2022/10/08,1200 UTC,0,"887,1","887,1","886,4","1998,1","22,8","14,8","22,8","20,3","14,8","13,9",70,60,61,96,"4,9","2,5"
2022/10/08,1300 UTC,0,"886,9","887,2","886,9","2497,2","24,5","14,8","25,1","22,6","15,2","14,3",61,53,55,91,"6,3","3,1"
2022/10/08,1400 UTC,0,"886,5",887,"886,5","3156,4",27,14,27,"24,5","15,5","13,7",56,45,45,42,6,"2,9"
2022/10/08,1500 UTC,0,"885,7","886,5","885,7","3418,4","28,7","13,7","28,9","26,6","14,8","13,5",47,40,40,107,"6,2","2,3"
2022/10/08,1600 UTC,0,"884,9","885,7","884,9","3356,1","30,4",11,"30,8","28,4","13,9",11,40,30,30,338,"7,8",3
2022/10/08,1700 UTC,0,"883,9","884,9","883,9","2740,1","30,1","11,3","31,5","29,6",12,"10,4",32,29,31,327,"8,5","4,3"
2022/10/08,1800 UTC,0,"883,4","883,9","883,4","1383,5","29,2","10,9","30,7","29,1","11,8","10,5",34,30,32,350,"8,5",3
2022/10/08,1900 UTC,0,883,"883,4",883,"765,6","29,8","11,6",30,"28,8",12,"10,6",35,31,32,335,"5,3","2,6"
2022/10/08,2000 UTC,0,"883,1","883,1","882,8","956,3","28,4",12,"30,8","28,4","12,1","11,1",36,31,36,296,"6,5","2,3"
2022/10/08,2100 UTC,0,"884,1","884,1","883,2","163,3","26,7","13,5","28,7","26,7","13,5","11,9",44,36,44,12,"5,2","2,2"
2022/10/08,2200 UTC,0,"884,7","884,7","884,1",,"25,1","14,5","26,7","25,1","14,5","13,6",52,44,52,344,6,"2,4"
2022/10/08,2300 UTC,0,"885,9","885,9","884,7",,"24,7","14,7","25,2","24,4","15,1","14,6",56,52,54,320,5,"0,9"
2022/10/09,0000 UTC,0,"886,7","886,7","885,9",,"22,9","15,8","24,8","22,9","15,8","14,6",64,53,64,184,5,"1,7"
2022/10/09,0100 UTC,0,"887,8","887,8","886,7",,"21,9",16,"22,9","21,9",16,"15,6",69,64,69,148,"6,5","3,8"
2022/10/09,0200 UTC,0,"887,6","887,9","887,6",,"20,8","15,7","21,9","20,8","16,1","15,6",73,69,73,186,"6,5","3,2"
2022/10/09,0300 UTC,0,"886,8","887,6","886,8",,"20,1","15,7","20,8","20,1","15,8","15,6",76,73,76,240,"5,8","1,3"
2022/10/09,0400 UTC,0,"886,1","886,8","886,1",,"19,2","15,2","20,2","19,1","15,7",15,78,74,78,240,"2,7","1,1"
2022/10/09,0500 UTC,0,886,"886,1",886,,"19,5","15,9","20,2","18,9","15,9",15,80,75,80,107,"4,4","1,9"
2022/10/09,0600 UTC,0,"885,4",886,"885,4",,"19,7","15,8","19,7","19,2",16,"15,4",80,78,78,157,"3,6","1,5"
2022/10/09,0700 UTC,0,"885,2","885,4",885,,"18,9","15,6","19,9","18,9","15,8","15,4",81,77,81,133,"2,6","0,5"
2022/10/09,0800 UTC,0,"886,3","886,3","885,2",,"19,9","14,9","19,9","18,2","15,8","14,9",83,73,73,121,"2,5","1,5"
2022/10/09,0900 UTC,0,"887,7","887,7","886,3",,"19,8","15,4","20,3","19,2","16,2","14,9",81,73,76,65,"6,3","3,2"
2022/10/09,1000 UTC,0,"889,2","889,2","887,7","23,5","18,5","15,7","19,8","18,5","15,9","15,4",85,76,83,64,8,"2,4"
2022/10/09,1100 UTC,0,"889,5","889,6","889,2","163,3","18,5","15,4","18,5","18,3","15,7","14,7",84,79,82,112,"6,2","3,3"
2022/10/09,1200 UTC,"0,2","889,5","889,6","889,4","1091,5",20,"14,3","20,3","18,5","15,9","14,3",82,70,70,86,"6,7","4,2"
2022/10/09,1300 UTC,0,"889,4","889,6","889,4","2186,6","22,5","14,4","23,1","19,9","15,1","13,9",70,59,60,103,"8,5","4,3"
2022/10/09,1400 UTC,0,"888,8","889,4","888,8","2618,5","23,1","13,5","24,3","21,9","14,8","13,1",61,53,55,95,"7,3","3,9"
2022/10/09,1500 UTC,0,"888,2","888,8","888,2","2395,6","23,9","15,1","24,6","23,1","15,5","13,6",59,53,58,98,"7,7","4,4"
2022/10/09,1600 UTC,0,"887,2","888,2","887,1","3484,9","27,3",16,"27,7","23,4","16,5","14,9",60,49,50,103,"7,8","3,1"
2022/10/09,1700 UTC,0,"885,9","887,2","885,9","3144,9","28,6",16,"28,6","26,4","16,4","15,4",52,46,46,97,7,"3,7"
2022/10/09,1800 UTC,0,"884,8","885,9","884,8","2741,1","29,6","12,1","29,7",28,"15,9","11,5",46,33,34,65,"8,9","4,1"
2022/10/09,1900 UTC,0,"884,3","884,9","884,3","2057,6","29,5","10,8","29,8","28,6","12,6","10,4",37,31,31,68,"8,9","4,1"
2022/10/09,2000 UTC,0,"884,3","884,3","884,1","1123,4","27,9","13,1","29,5","27,9","13,7","10,5",41,31,40,48,"7,5","3,5"
2022/10/09,2100 UTC,0,"884,8","884,8","884,3","145,4","26,8","14,3","27,9","26,8","14,3","13,3",46,40,46,59,"7,3","2,5"
2022/10/09,2200 UTC,0,"885,9","885,9","884,8",,"25,8","13,6","26,8","25,8","14,4","13,5",48,46,47,78,"4,9",2
2022/10/09,2300 UTC,0,"886,8","886,8","885,9",,"24,6","14,4","25,8","23,7","14,4","13,5",55,47,53,132,"3,9","1,7"
2022/10/10,0000 UTC,0,"887,1","887,1","886,8",,"23,7","15,1","24,6","23,7","15,1","14,4",59,53,59,137,"5,2","2,7"
2022/10/10,0100 UTC,0,"887,8","887,8","887,1",,"22,6","15,5","23,7","22,6","15,5","15,1",64,59,64,140,"4,5","2,3"
2022/10/10,0200 UTC,0,"888,1","888,1","887,8",,"22,2","15,8","22,6","22,1","15,8","15,5",67,64,67,139,"3,8",2
2022/10/10,0300 UTC,0,"887,8","888,1","887,8",,"22,2","15,7","22,4","22,2","15,8","15,5",67,65,67,139,"4,4","2,5"
2022/10/10,0400 UTC,0,"887,4","887,8","887,4",,"21,5","15,9","22,2","21,5","15,9","15,7",70,67,70,118,"4,8","2,6"
2022/10/10,0500 UTC,0,"886,9","887,4","886,9",,"20,9","15,6","21,6","20,9","15,9","15,5",72,70,71,137,"5,1","2,6"
2022/10/10,0600 UTC,0,"887,3","887,3","886,9",,"19,7","15,4","21,1","19,6","15,6","15,3",77,70,77,184,"5,1","2,5"
2022/10/10,0700 UTC,0,"887,6","887,7","887,3",,"19,3","14,9","19,8","19,2","15,4","14,8",77,74,75,141,"4,7","1,9"
2022/10/10,0800 UTC,0,"887,9","887,9","887,5",,"18,8","14,5","19,5","18,7","14,9","14,5",77,74,76,151,"4,6","2,2"
2022/10/10,0900 UTC,0,"888,9","888,9","887,9","7,5",18,"15,5","18,8","17,9","15,5","14,5",85,76,85,154,5,"1,8"
2022/10/10,1000 UTC,0,"889,4","889,4","888,8","363,3","19,2","15,6","19,2",18,"15,7","15,4",85,80,80,165,"3,8","1,8"
2022/10/10,1100 UTC,0,890,"890,1","889,4","1112,2","21,3","15,9","21,6","19,1","16,2","15,5",80,70,71,118,"6,3","3,5"
2022/10/10,1200 UTC,0,"890,2","890,3",890,"1772,1",23,"15,4","23,1","21,2",16,15,72,62,62,89,"7,6","4,4"
2022/10/10,1300 UTC,0,"890,1","890,3",890,"2842,1",26,"13,3","26,2","22,9","15,6",13,62,45,46,56,"8,8","4,1"
2022/10/10,1400 UTC,0,"889,7","890,1","889,7","3410,6","27,9",12,"28,3",26,13,"11,3",46,36,37,58,"9,5","3,5"
2022/10/10,1500 UTC,0,"889,1","889,7","889,1","3554,1","29,8","8,5","30,3","27,9",12,"7,9",37,26,27,42,"10,4",4
2022/10/10,1600 UTC,0,"888,4","889,1","888,3","3125,2","31,1","5,2","31,3","28,6","8,3","4,4",27,19,20,58,"10,8","4,4"
2022/10/10,1700 UTC,0,"887,3","888,4","887,3","3390,1","31,8","4,9","31,8","30,2","5,4","2,4",21,16,19,38,"11,3","4,1"
2022/10/10,1800 UTC,0,"886,7","887,4","886,7","2835,2","31,5","3,4","31,8","30,5","4,7","1,4",19,15,17,39,"11,6","4,1"
2022/10/10,1900 UTC,0,"886,7","886,8","886,6","2084,1","30,2","4,7","31,6","30,1","4,9","2,2",20,16,20,44,"11,9","4,1"
2022/10/10,2000 UTC,0,"886,8","886,8","886,6",1215,"29,4","6,8","30,4","29,4",7,"4,5",24,20,24,25,10,"4,1"
2022/10/10,2100 UTC,0,"887,3","887,3","886,8","351,8",28,"7,1","29,4",28,"7,1","6,7",27,24,27,33,"8,9","1,9"
2022/10/10,2200 UTC,0,"887,7","887,7","887,3",1,"24,1","8,5",28,"24,1","8,5",7,37,27,37,37,"3,9","0,8"
2022/10/10,2300 UTC,0,"888,3","888,3","887,7",,"23,1","8,9","24,2","22,8","9,8","8,2",44,36,40,60,"1,5","0,7"
2022/10/11,0000 UTC,0,"888,8","888,8","888,3",,"23,2","8,4",24,"22,6","9,6","8,4",43,37,39,62,"1,8",1
2022/10/11,0100 UTC,0,"889,1","889,1","888,8",,"23,3","10,3","24,9","22,8","10,6","8,6",45,36,44,106,2,1
2022/10/11,0200 UTC,0,"889,2","889,3","889,1",,"25,5","7,6","25,7","23,1","10,9","7,4",46,31,32,110,"3,8","1,7"
2022/10/11,0300 UTC,0,"888,8","889,3","888,8",,"24,9","7,3","25,5","24,2","10,1","7,3",41,32,33,81,"6,5","2,1"
2022/10/11,0400 UTC,0,"888,1","888,8","888,1",,"24,6","6,6",25,"24,4","7,4","6,5",33,31,32,78,5,"2,1"
2022/10/11,0500 UTC,0,"887,7","888,1","887,7",,"23,9","6,8","24,6","23,4",7,"6,3",35,31,34,84,"4,4","2,5"
2022/10/11,0600 UTC,0,"887,6","887,8","887,6",,"24,1","7,3","24,5","23,8","7,3","6,5",34,32,34,90,"7,4","3,8"
2022/10/11,0700 UTC,0,"887,8","887,8","887,3",,"23,6","9,1","24,1","23,6","9,1","7,4",40,34,40,76,"7,3","2,9"
2022/10/11,0800 UTC,0,"888,3","888,3","887,8",,"22,8","10,1","23,6","22,7","10,1","9,1",45,40,45,87,7,"3,8"
2022/10/11,0900 UTC,0,"888,8","888,8","888,3","1,5","22,8","10,7","22,9","22,2","10,8","10,1",48,45,46,78,"7,1","3,7"
2022/10/11,1000 UTC,0,"889,6","889,6","888,7","374,5","23,5","11,4","23,5","22,6","11,4","10,7",48,46,46,62,7,"2,6"
2022/10/11,1100 UTC,0,"890,3","890,3","889,6","1230,3","24,6","11,3","24,7","23,5","11,6",11,46,43,44,74,"10,5","5,1"
2022/10/11,1200 UTC,0,"890,9",891,"890,3","2118,6","25,6","11,2","26,2","24,4","11,6","10,9",44,40,40,46,"10,5","4,1"
2022/10/11,1300 UTC,0,"891,1","891,2","890,9","2875,1","26,7","11,2","27,1","25,6","11,7","10,9",41,38,38,47,"8,5",4
2022/10/11,1400 UTC,0,"890,8","891,2","890,8","3404,8","28,3","10,1","28,7","26,7","11,7","9,6",39,31,32,51,"8,7","3,3"
2022/10/11,1500 UTC,0,"890,1","890,8","890,1",3675,"29,6","9,6",30,28,"10,3","8,8",32,27,29,49,"9,7","4,5"
2022/10/11,1600 UTC,0,"889,1","890,1","889,1","3675,2","29,5","6,5","30,7",29,"9,6","6,5",29,23,24,60,"10,7","5,3"
2022/10/11,1700 UTC,0,888,"889,1",888,"3435,9","31,5","5,5","31,8","29,3","8,1","5,5",26,20,20,28,"9,8","4,4"
2022/10/11,1800 UTC,0,"887,7","888,1","887,6","2715,7","29,9","5,1","31,5","29,8","5,8","3,8",22,18,21,49,"11,3","4,5"
2022/10/11,1900 UTC,0,"887,4","887,7","887,4","1920,4","29,1","5,8",31,29,"6,6","4,8",23,20,23,26,"10,5","4,2"
2022/10/11,2000 UTC,0,"887,1","887,4",887,"1018,7","29,4","6,8","30,1","28,8","7,3","5,4",25,23,24,31,"8,7","3,7"
2022/10/11,2100 UTC,0,"887,1","887,1",887,"428,9","27,9","6,4","29,5","27,9","7,3","6,4",26,24,26,38,"8,7","2,5"
2022/10/11,2200 UTC,0,"887,4","887,4","887,1","0,5","25,9","7,5","27,9","25,8","7,5","6,4",31,26,31,40,"5,7","1,1"
2022/10/11,2300 UTC,0,"887,9","887,9","887,4",,"25,9","6,2","26,2","25,4","7,6","6,2",32,28,28,70,"4,7","2,3"
2022/10/12,0000 UTC,0,"888,6","888,6","887,9",,"25,5","5,2",26,"25,4","6,2",5,29,26,27,73,"4,4","2,1"
2022/10/12,0100 UTC,0,"888,8","888,8","888,6",,26,"4,5","26,4","25,2","5,2","4,3",27,24,25,77,"5,3","2,5"
2022/10/12,0200 UTC,0,889,889,"888,8",,"25,3","4,9",26,"25,1",5,"4,3",27,25,27,72,5,"1,9"
2022/10/12,0300 UTC,0,"888,4","889,1","888,4",,"24,7","4,6","25,3","24,7",5,"4,5",28,27,27,89,"4,8","2,5"
2022/10/12,0400 UTC,0,"887,8","888,5","887,8",,"24,3","4,7","24,9","24,3","5,1","4,5",29,27,28,66,"4,8","2,1"
2022/10/12,0500 UTC,0,"887,2","887,9","887,2",,"23,4","5,2","24,3","23,2","5,2","4,7",31,28,31,91,"4,1","2,3"
2022/10/12,0600 UTC,0,"886,8","887,2","886,7",,"23,6","5,3","23,9","23,3","5,4","5,1",31,30,31,79,"6,3","2,8"
2022/10/12,0700 UTC,0,"886,8","886,8","886,6",,"22,8","5,7","23,7","22,7","5,8","5,3",33,31,33,101,"6,4",3
2022/10/12,0800 UTC,0,"887,1","887,1","886,7",,"22,2","5,9","22,9","22,2","5,9","5,4",35,33,35,96,"7,8","3,9"
2022/10/12,0900 UTC,0,"887,7","887,7","887,1",2,"21,3","6,4","22,3","21,2","6,5","5,9",38,35,38,104,"7,8","2,9"
2022/10/12,1000 UTC,0,"888,8","888,8","887,7","324,9","22,4","7,1","22,4","21,1","7,2","6,4",39,37,37,81,"5,6","2,6"
2022/10/12,1100 UTC,0,"889,2","889,2","888,8","1183,7","23,8","7,8","23,9","22,4",8,7,38,36,36,79,"7,6","3,1"
2022/10/12,1200 UTC,0,"889,4","889,4","889,2","2022,6","25,2","8,8","25,4","23,7","9,2","7,8",37,35,35,79,"10,1","4,7"
2022/10/12,1300 UTC,0,"889,2","889,4","889,2","2776,5",27,"8,6",27,"25,1","9,2","8,3",36,31,31,95,"10,1","4,3"
2022/10/12,1400 UTC,0,"888,8","889,3","888,7",3320,"28,7","8,5","28,8","26,5",9,"7,6",32,28,28,70,"8,5","4,1"
2022/10/12,1500 UTC,0,"888,1","888,8","888,1","3575,6","29,5","5,8","29,8","27,9","8,8","5,8",29,22,22,81,"9,6","4,8"
2022/10/12,1600 UTC,0,887,"888,1","886,9","3539,9","30,3","7,3","30,5","28,9","7,5","5,2",25,22,24,71,"8,8","3,5"
2022/10/12,1700 UTC,0,"886,1",887,"886,1","3233,5","30,2","5,6","31,5","29,7","7,1","5,4",24,20,21,85,"9,4",4
2022/10/12,1800 UTC,0,"885,5","886,2","885,5",2796,"30,5","4,9","31,7","29,8","6,1","3,9",22,19,20,69,9,"2,5"
2022/10/12,1900 UTC,0,"885,2","885,6","885,1","2041,7",30,"3,6","31,1","29,9","5,5","3,6",20,18,19,141,"8,2","3,3"
2022/10/12,2000 UTC,0,"884,9","885,2","884,9","1202,3","29,8","3,6","30,6","29,7","4,5","3,3",20,18,19,104,"5,6","2,9"
2022/10/12,2100 UTC,0,"884,9","884,9","884,8","348,9","28,1","3,1","29,8","28,1",4,"2,4",20,18,20,100,"6,1","2,4"
2022/10/12,2200 UTC,0,"885,4","885,4","884,9","0,7","26,4","4,9","28,1","26,4","4,9","3,1",25,20,25,124,"5,1","1,9"
2022/10/12,2300 UTC,0,886,886,"885,4",,"25,5","4,8","26,4","25,5","5,6","4,7",28,25,27,114,5,"2,3"
2022/10/13,0000 UTC,0,"886,8","886,8",886,,"24,9",4,"25,5","24,8",5,"3,9",27,25,26,102,"6,1","2,9"
2022/10/13,0100 UTC,0,"887,3","887,3","886,8",,"23,9",4,25,"23,9","4,2","3,8",28,26,27,105,"5,8","2,3"
2022/10/13,0200 UTC,0,"887,4","887,4","887,2",,"23,4","3,8","23,9","23,1","4,1","3,8",29,28,28,95,"5,6","3,2"
2022/10/13,0300 UTC,0,"887,2","887,5","887,1",,"22,9","3,5","23,7","22,9","3,9","3,5",28,27,28,103,"6,3","2,8"
2022/10/13,0400 UTC,0,"886,7","887,2","886,7",,22,"3,7","22,9","21,8","3,7","3,5",30,28,30,112,"5,2","1,8"
2022/10/13,0500 UTC,0,"886,4","886,7","886,4",,"20,4","4,4",22,"19,8","4,4","3,6",36,30,35,94,"3,1","1,5"
2022/10/13,0600 UTC,0,"886,7","886,7","886,4",,"22,7","4,6",23,"19,9","4,7",4,36,30,31,88,"7,7","3,9"
2022/10/13,0700 UTC,0,887,887,"886,7",,21,"3,9","22,7",21,"4,6","3,8",32,31,32,98,"7,7","2,5"
2022/10/13,0800 UTC,0,"887,5","887,5",887,,"21,1","6,2","21,3","20,9","6,2","3,8",38,32,38,77,"7,2","3,4"
2022/10/13,0900 UTC,0,"888,1","888,1","887,4","5,3","20,6","7,9","21,3","20,5","7,9","6,2",44,38,44,55,"8,2","2,4"
2022/10/13,1000 UTC,0,"888,8","888,8","888,1",481,"21,9","9,2",22,"20,5","9,3","7,9",45,44,45,59,"8,5","3,9"
2022/10/13,1100 UTC,0,"889,4","889,4","888,8","1057,6","22,5","9,8","22,7","21,9","9,8","9,3",45,43,44,64,"9,6",4
2022/10/13,1200 UTC,0,"889,9","889,9","889,4","1682,8","23,7",9,"24,1","22,6","9,8","8,9",44,38,39,72,9,"4,3"
2022/10/13,1300 UTC,0,"889,8",890,"889,8","3054,3","25,8","9,2",26,"23,7","9,4","8,6",39,34,35,59,9,"3,9"
2022/10/13,1400 UTC,0,"889,2","889,8","889,2",3478,"26,9",8,"27,4","25,6","9,7","6,8",36,28,30,77,"7,9","2,9"
2022/10/13,1500 UTC,0,"888,5","889,3","888,5","3801,3","28,4",6,"28,7","26,9","8,3","5,4",31,24,24,76,"9,7","3,9"
2022/10/13,1600 UTC,0,"887,4","888,6","887,4","3769,1","28,9","3,8","30,5","27,7","5,9","2,4",24,19,20,81,"10,6","3,3"
2022/10/13,1700 UTC,0,"886,6","887,5","886,6","3419,8",29,-2,"30,3","28,4","4,4","-2,2",21,13,13,104,10,"5,4"
2022/10/13,1800 UTC,0,886,"886,6",886,"2172,5","29,3","1,9","29,7","28,6","2,3","-3,4",18,12,17,98,10,"3,9"
2022/10/13,1900 UTC,0,"885,8","886,1","885,8","2173,7","29,1","1,3","30,2","28,9","3,3",1,19,16,17,99,"9,2","4,3"
2022/10/13,2000 UTC,0,"886,2","886,2","885,8","1362,6","28,3","2,6","29,4","28,3","2,7","0,8",19,16,19,83,"10,4","3,5"
2022/10/13,2100 UTC,0,"886,5","886,5","886,1","411,9","26,5","4,1","28,4","26,5","4,1","2,9",24,19,24,81,"7,5","3,2"
2022/10/13,2200 UTC,0,"887,1","887,1","886,5","0,4","25,5","4,6","26,6","25,4","4,7","4,2",26,24,26,91,"6,3","2,9"
2022/10/13,2300 UTC,0,"887,6","887,7","887,1",,"24,6","5,1","25,5","24,4","5,1","4,5",29,26,29,93,"5,6","2,6"
2022/10/14,0000 UTC,0,"887,9","887,9","887,6",,"24,3","5,6","24,6","24,2","5,6","5,1",30,29,30,97,7,"3,9"
2022/10/14,0100 UTC,0,"888,6","888,6","887,9",,"23,2","6,3","24,4",23,"6,3","5,6",34,30,34,89,7,"2,8"
2022/10/14,0200 UTC,0,"888,6","888,7","888,6",,"22,5","7,1","23,2","22,1","7,1","6,2",38,34,37,102,"4,5","2,1"
2022/10/14,0300 UTC,0,"888,2","888,6","888,2",,"22,2","7,3","22,8","22,2","7,4",7,39,37,38,96,"5,6","2,2"
2022/10/14,0400 UTC,0,"887,8","888,2","887,8",,"21,9","8,1","22,4","21,8","8,2","7,4",41,38,41,84,"4,5","1,5"
2022/10/14,0500 UTC,0,"887,6","887,8","887,6",,"20,4","7,9","22,2","20,4","8,1","7,8",44,40,44,89,"3,6","1,1"
2022/10/14,0600 UTC,0,"887,6","887,6","887,5",,"17,3","8,8","20,4","17,2","8,8","7,8",58,44,57,233,"2,2","0,3"
2022/10/14,0700 UTC,0,"887,8","887,8","887,5",,"19,8","8,6","19,9","16,7","9,3","8,5",59,48,48,87,"2,6","1,5"
2022/10/14,0800 UTC,0,"888,3","888,3","887,8",,"19,7","9,2","20,8","19,7","9,2","8,3",51,45,51,122,"3,8","2,5"
2022/10/14,0900 UTC,0,"888,9","888,9","888,3","4,8","18,9","9,1",20,"18,9","9,4","8,8",53,49,53,128,4,2
2022/10/14,1000 UTC,0,"889,5","889,5","888,9","424,3","20,9","9,4","20,9","18,8","9,6","9,1",54,48,48,98,"6,3","3,7"
2022/10/14,1100 UTC,0,"890,1","890,1","889,5","1287,8","22,8",10,"22,8","20,9",10,"9,4",48,44,44,86,"8,1","4,7"
2022/10/14,1200 UTC,0,"890,5","890,5",890,"2180,7","24,5","10,3","24,6","22,6","10,4","9,5",44,40,41,94,"8,1",4
2022/10/14,1300 UTC,0,"890,6","890,6","890,5","2952,8","26,6","9,7","27,1","24,3","10,8","9,3",41,34,35,97,"8,5","4,4"
2022/10/14,1400 UTC,0,"890,2","890,6","890,2","3460,2","28,1","9,3","28,4","26,6","10,1",9,35,30,31,88,"7,4","4,1"
2022/10/14,1500 UTC,0,"889,6","890,3","889,6","3672,5","29,2","8,2","30,1","27,4","9,4","7,4",31,25,27,81,"7,5","2,4"
2022/10/14,1600 UTC,0,"888,7","889,6","888,7","3655,6","29,8","7,7","30,3","28,5","8,7","7,3",28,24,25,213,"6,5","2,4"
2022/10/14,1700 UTC,0,"887,7","888,7","887,7","3378,7","30,4","6,2","31,3","29,8","8,1","5,2",25,20,22,74,"6,3",3
2022/10/14,1800 UTC,0,887,"887,7","886,9","2607,5","31,3","5,3","31,6","29,7","6,8","5,1",23,19,19,141,"7,1",3
2022/10/14,1900 UTC,0,"886,6",887,"886,5","2072,3","30,5",5,"31,6","30,1","5,5","4,1",20,18,20,88,"6,3","2,6"
2022/10/14,2000 UTC,0,"886,6","886,6","886,5","995,2","29,8","5,2",31,"29,8",6,"4,5",21,19,21,104,"6,6","2,6"
2022/10/14,2100 UTC,0,"886,9","886,9","886,6","244,8","28,7","4,8","29,7","28,6","5,2","4,6",22,21,22,118,"5,5","2,8"
2022/10/14,2200 UTC,0,"887,2","887,2","886,9","2,1","26,8","6,7","28,7","26,8","6,8","4,9",28,22,28,123,5,"1,8"
2022/10/14,2300 UTC,0,"887,7","887,7","887,2",,"25,6","7,6","26,8","25,6","7,6","6,8",32,28,32,134,"6,6","3,4"
2022/10/15,0000 UTC,0,"888,2","888,2","887,7",,"24,7","8,2","25,6","24,7","8,3","7,6",35,32,35,125,"6,6","3,1"
2022/10/15,0100 UTC,0,"888,8","888,8","888,2",,"23,9","7,4","24,8","23,8","8,2","7,3",35,34,35,124,"5,7",2
2022/10/15,0200 UTC,0,889,"889,1","888,8",,"23,9","7,2","24,2","23,7","7,5","7,1",35,34,34,113,"5,6","3,2"
2022/10/15,0300 UTC,0,"888,8",889,"888,8",,"23,5","7,1",24,"23,4","7,3","7,1",35,34,35,114,"6,8","3,2"
2022/10/15,0400 UTC,0,"888,3","888,8","888,3",,"22,7","7,1","23,5","22,6","7,2",7,37,35,37,111,"6,8","2,4"
2022/10/15,0500 UTC,0,"888,4","888,4","888,2",,22,"7,6","22,9","21,9","7,6","6,9",40,36,40,122,"5,7","2,3"
2022/10/15,0600 UTC,0,"888,3","888,4","888,2",,"21,6","7,8",22,"21,3",8,"7,5",42,39,41,108,5,"3,2"
2022/10/15,0700 UTC,0,"888,2","888,3","888,2",,21,"7,9","21,7",21,8,"7,8",43,41,43,96,"6,6","3,5"
2022/10/15,0800 UTC,0,"888,7","888,7","888,2",,"20,6","8,3","21,1","20,6","8,3",8,45,43,45,100,"6,7","3,7"
2022/10/15,0900 UTC,0,"889,5","889,5","888,7","7,4","20,2","8,8","20,6",20,"8,9","8,3",48,45,48,108,"6,5","3,5"
2022/10/15,1000 UTC,0,"890,1","890,1","889,5","401,4","20,6","9,7","20,6","20,1","9,7","8,8",50,48,50,96,9,"4,8"
2022/10/15,1100 UTC,0,"890,8","890,8","890,1","1368,1","21,9","10,3","22,1","20,6","10,4","9,7",50,47,48,90,"9,1",5
2022/10/15,1200 UTC,0,891,"891,1","890,8","2271,7","24,4","10,5","24,4","21,9","10,9","10,3",48,41,42,88,"9,1","4,9"
2022/10/15,1300 UTC,0,891,"891,1","890,9","3017,3","26,3","9,8","26,9","24,1","10,7","9,4",42,34,35,97,"8,7","4,2"
2022/10/15,1400 UTC,0,"890,8","891,1","890,8","3527,5","28,1","6,6","28,3","26,3","10,1","6,4",36,25,26,108,"9,5","4,3"
2022/10/15,1500 UTC,0,"890,2","890,8","890,2","3761,3","28,7","6,7","29,9","27,7",7,"4,7",26,22,25,100,9,"4,7"
2022/10/15,1600 UTC,0,"889,3","890,2","889,3","3565,2","28,8","7,3","29,9","28,1","8,1","6,4",27,24,26,124,9,"4,6"
2022/10/15,1700 UTC,0,"888,3","889,3","888,2","3536,4","29,6","6,7","30,2","28,7","7,9","5,8",26,23,24,108,"9,6","3,5"
2022/10/15,1800 UTC,0,"887,6","888,3","887,5","2844,8",29,"5,8","30,4","28,9","7,4","5,3",25,21,23,113,"8,9","4,2"
2022/10/15,1900 UTC,0,"887,2","887,6","887,1","2188,5","29,2",6,"29,9",29,"6,3","5,1",23,22,23,105,"9,4","4,2"
2022/10/15,2000 UTC,0,887,"887,2",887,"1295,5","28,5","4,4","29,7","28,4","6,1","4,1",23,21,22,122,"8,7","4,2"
2022/10/15,2100 UTC,0,"887,2","887,2",887,"411,8","27,1","5,4","28,5","27,1","5,6","4,2",25,22,25,125,"7,9","3,4"
2022/10/15,2200 UTC,0,"887,6","887,6","887,2","2,5","25,7","6,4","27,1","25,7","6,4","5,1",29,25,29,124,"7,5","2,7"
2022/10/15,2300 UTC,0,888,888,"887,5",,"24,5","6,5","25,8","24,4","6,5",6,32,28,32,137,"5,8","2,8"
2022/10/16,0000 UTC,0,"888,2","888,2",888,,"23,1","7,6","24,5","23,1","7,6","6,5",37,32,37,139,6,"2,9"
2022/10/16,0100 UTC,0,"888,8","888,8","888,2",,"22,4",9,"23,1","22,4",9,"7,7",42,37,42,129,6,2
2022/10/16,0200 UTC,0,"889,1","889,2","888,8",,"22,1",9,"22,4","21,9","9,3",9,44,42,43,122,"4,4","2,4"
2022/10/16,0300 UTC,0,"888,6","889,1","888,6",,"21,8",9,"22,1","21,5","9,3","8,9",45,43,44,114,"5,8","2,7"
2022/10/16,0400 UTC,0,"887,8","888,6","887,8",,"20,9","9,1","21,8","20,8","9,2",9,47,44,47,108,"4,9","2,1"
2022/10/16,0500 UTC,0,"887,4","887,8","887,4",,"21,2",9,"21,3","20,8","9,2",9,47,46,46,88,"5,7","2,6"
2022/10/16,0600 UTC,0,"886,9","887,4","886,9",,"20,6","9,1","21,4","20,4","9,2","8,9",48,45,48,85,"5,6","2,8"
2022/10/16,0700 UTC,0,"886,8",887,"886,8",,"19,7","9,3","20,7","19,7","9,4","9,1",51,48,51,96,6,"3,1"
2022/10/16,0800 UTC,0,"887,2","887,2","886,8",,"18,8","9,7","19,8","18,7","9,8","9,4",56,51,56,103,"5,8","2,4"
2022/10/16,0900 UTC,0,"887,7","887,7","887,2","7,3",18,"10,2","18,9","17,8","10,3","9,7",61,56,60,118,"6,2","2,4"
2022/10/16,1000 UTC,0,"888,3","888,3","887,7","462,9","19,3","11,1","19,5",18,"11,2","10,2",61,58,59,93,"7,2","3,9"
2022/10/16,1100 UTC,0,889,889,"888,2","1404,6",21,"11,9","21,2","19,2","12,1","11,1",60,56,56,97,"8,8","3,9"
2022/10/16,1200 UTC,0,889,"889,1",889,"2294,6","23,5","12,8","23,5","20,7","12,8","11,7",57,51,51,93,"7,8","3,5"
2022/10/16,1300 UTC,0,889,"889,2",889,"3065,5","25,2","11,3","25,5","22,7","12,8","11,3",51,42,42,84,"7,5","3,7"
2022/10/16,1400 UTC,0,"888,4",889,"888,4","3745,9",26,"9,5","26,8","24,8","11,8","9,3",43,35,35,94,9,"4,2"
2022/10/16,1500 UTC,0,"887,8","888,5","887,7","3887,3","26,9","8,2","28,8",26,10,"8,1",36,30,31,88,"9,4","4,1"
2022/10/16,1600 UTC,0,"886,6","887,8","886,6","3752,8","28,1","7,7","28,7","26,9",9,"7,2",32,27,28,47,"9,1","2,9"
2022/10/16,1700 UTC,0,"885,6","886,6","885,6","3552,6","28,8","7,4","29,7","27,6","8,4","6,8",29,25,26,80,"7,8","3,4"
2022/10/16,1800 UTC,0,"884,8","885,6","884,8","2909,5","29,2","6,8","29,8","28,2","7,7","6,6",27,24,24,105,"7,1","3,2"
2022/10/16,1900 UTC,0,"884,4","884,8","884,4","2144,9","28,5","6,1","29,7","28,2","7,3","6,1",25,24,24,109,"6,5","2,9"
2022/10/16,2000 UTC,0,"884,6","884,6","884,3","1353,1",28,"5,4","29,2",28,"6,7","5,2",25,23,24,83,"7,4","3,5"
2022/10/16,2100 UTC,0,"884,8","884,8","884,6","435,8","26,7","5,1","28,1","26,7","5,6","4,9",25,23,25,105,6,"2,4"
2022/10/16,2200 UTC,0,"885,5","885,5","884,8","2,2","25,3","5,7","26,7","25,3","5,7","5,2",28,25,28,122,"4,5",2
2022/10/16,2300 UTC,0,"885,8","885,8","885,5",,25,"5,6","25,3","24,8","5,9","5,3",29,28,29,108,"5,1","2,6"
2022/10/17,0000 UTC,0,"886,2","886,3","885,8",,"23,6","7,5",25,"23,4","7,5","5,5",36,29,36,110,"5,2","2,3"
2022/10/17,0100 UTC,0,"886,6","886,6","886,2",,"23,2","8,5","23,8","23,2","8,5","7,5",39,35,39,97,"7,2","3,9"
2022/10/17,0200 UTC,0,"886,8","886,8","886,6",,"22,2","8,6","23,2","22,2","8,7","8,5",42,39,42,101,"6,8","2,7"
2022/10/17,0300 UTC,0,"886,4","886,8","886,4",,"21,7","8,3","22,4","21,7","8,6","8,3",42,41,42,96,"5,6","2,2"
2022/10/17,0400 UTC,0,"885,9","886,4","885,9",,"21,6",8,"22,1","21,6","8,3",8,42,41,42,100,"4,9","2,6"
2022/10/17,0500 UTC,0,"885,6",886,"885,6",,"21,4","7,7","21,7","21,2",8,"7,7",42,41,41,90,"6,2",3
2022/10/17,0600 UTC,0,"885,3","885,6","885,3",,21,"8,5","21,6","20,9","8,5","7,7",45,41,45,99,"8,2","4,2"
2022/10/17,0700 UTC,0,"885,5","885,5","885,3",,"20,4","8,3",21,"20,4","8,6","8,3",46,45,46,88,"8,2","3,5"
2022/10/17,0800 UTC,0,"885,7","885,8","885,5",,"20,3","8,3","20,7","20,1","8,5","8,3",46,45,46,105,"7,9","4,5"
2022/10/17,0900 UTC,0,"886,6","886,6","885,7","5,9","19,6","8,6","20,3","19,4","8,6","8,3",49,46,49,93,"7,9","3,3"
2022/10/17,1000 UTC,0,"887,3","887,3","886,6","484,2","20,9",9,21,"19,6","9,1","8,7",49,46,46,86,"7,2","3,5"
2022/10/17,1100 UTC,0,888,888,"887,3","1400,9","22,7","9,3","22,9","20,9","9,6","8,8",47,42,42,57,"6,5","3,4"
2022/10/17,1200 UTC,0,"888,2","888,3",888,"2292,4","25,2","9,1","25,3","22,6","9,7",9,42,36,36,63,"7,4","3,2"
2022/10/17,1300 UTC,0,888,"888,3",888,"3026,6","26,7","8,3","27,7","24,6","9,4","8,3",37,31,31,84,"8,5","3,7"
2022/10/17,1400 UTC,0,"887,4",888,"887,4","3547,6","28,8","7,8","28,8","26,3","8,9","6,5",33,26,27,61,8,"2,7"
2022/10/17,1500 UTC,0,"886,9","887,4","886,9","3795,1","29,7","6,5","29,7","27,7","7,6","5,6",27,23,23,313,"6,7","1,3"
2022/10/17,1600 UTC,0,"885,9","886,9","885,9","3752,9","30,3","3,5","30,8","28,8","5,7","1,6",23,16,18,118,"7,2","2,7"
2022/10/17,1700 UTC,0,885,"885,9",885,"3446,2","30,4","2,5","31,4","29,6","4,3","2,5",19,17,17,127,"7,9","4,1"
2022/10/17,1800 UTC,0,"884,3",885,"884,3","2933,6","30,5","2,9","31,5","29,4","3,6","1,9",18,16,17,76,"7,2","3,1"
2022/10/17,1900 UTC,0,"883,9","884,3","883,8","2212,7","30,5","2,1","31,4","29,9","3,5","1,6",18,16,16,171,7,"2,7"
2022/10/17,2000 UTC,0,"884,2","884,2","883,9","1348,5","29,7","2,6","30,7","29,7","2,6",1,18,15,18,85,"6,9","3,2"
2022/10/17,2100 UTC,0,"884,7","884,7","884,2","426,8","28,1","3,5","29,8","28,1","3,6","1,8",21,17,21,120,"6,9","2,5"
2022/10/17,2200 UTC,0,"885,2","885,2","884,7","2,3","26,9","2,7","28,1","26,7",4,"2,6",22,20,21,112,"5,8","2,5"
2022/10/17,2300 UTC,0,"885,5","885,5","885,2",,"25,7","3,1","26,9","25,6","3,1","2,3",23,20,23,105,"6,5","2,7"
2022/10/18,0000 UTC,0,886,886,"885,5",,"25,2","3,2","25,8","24,9","3,5","3,1",25,23,24,90,"6,1","3,4"
2022/10/18,0100 UTC,0,"886,8","886,8",886,,"24,8","2,7","25,4","24,7","3,1","2,7",24,23,24,95,"6,6","3,2"
2022/10/18,0200 UTC,0,"886,9","886,9","886,8",,"22,9","3,4","24,8","22,9","3,5","2,7",28,24,28,105,"6,3","2,3"
2022/10/18,0300 UTC,0,"886,9","886,9","886,8",,"22,9","3,9","23,2","22,6","3,9","3,5",29,28,29,109,"4,8","2,1"
2022/10/18,0400 UTC,0,"886,4","886,9","886,4",,"22,7","4,7","23,2","22,6","4,8","3,8",31,29,31,77,"5,2","2,2"
2022/10/18,0500 UTC,0,"886,1","886,4","886,1",,"22,4","5,2","22,8","22,2","5,3","4,8",33,31,33,117,"4,1","1,8"
2022/10/18,0600 UTC,0,"885,9","886,1","885,9",,18,"6,9","22,4","17,6",7,"5,2",49,33,48,122,"3,5","1,3"
2022/10/18,0700 UTC,0,"886,2","886,2","885,9",,"21,6","5,5","21,9","17,7","7,2","5,4",49,34,35,69,5,"1,9"
2022/10/18,0800 UTC,0,"886,6","886,6",886,,"20,9","6,2","21,6","20,5","6,8","5,5",41,35,38,77,"3,6","1,9"
2022/10/18,0900 UTC,0,"887,5","887,5","886,6","4,7","21,3","6,7","21,6","20,6","6,7","6,1",39,37,39,105,"5,5","2,5"
2022/10/18,1000 UTC,0,"888,3","888,3","887,5",478,"23,1","6,8","23,2","21,2","7,1","6,7",39,35,35,97,7,"4,1"
2022/10/18,1100 UTC,0,"888,7","888,7","888,3","1386,9","24,4","7,8","24,8","23,1",8,"6,5",35,33,35,79,"8,2","4,2"
2022/10/18,1200 UTC,0,"889,1","889,2","888,7","2270,2","26,7","8,5","26,9","24,4","8,9","7,9",35,32,32,61,"8,5","4,2"
2022/10/18,1300 UTC,0,"888,6","889,1","888,6","2993,1","28,3","8,9","28,5","26,4","9,4","8,2",32,28,30,59,9,"4,1"
2022/10/18,1400 UTC,0,"888,4","888,7","888,4","3492,4","29,5","7,3","29,9",28,"9,2","6,5",30,24,25,83,9,"3,8"
2022/10/18,1500 UTC,0,"887,9","888,4","887,9","3738,9","30,7","7,5",31,29,"7,9","5,9",25,22,24,52,"7,7","3,8"
2022/10/18,1600 UTC,0,"886,9",888,"886,9","3763,2","30,4","6,3","31,5","29,7","7,8",6,24,21,22,150,"7,7","2,1"
2022/10/18,1700 UTC,0,886,"886,9",886,"3064,7","30,4","5,8","32,1","29,9","7,3","5,4",23,20,21,92,"6,8","2,7"
2022/10/18,1800 UTC,0,"885,4",886,"885,4",1807,"31,4","4,9","31,8",30,"5,8","4,6",22,19,19,139,"5,8","1,7"
2022/10/18,1900 UTC,0,"885,2","885,5","885,1",1985,"30,8","4,1","32,1","30,3","5,7","3,7",20,18,18,119,"6,6","1,9"
2022/10/18,2000 UTC,0,"885,1","885,2","885,1","266,1","29,3","4,7","30,8","29,3","5,4","3,5",22,18,21,50,"4,4","1,3"
2022/10/18,2100 UTC,0,"885,6","885,6",885,"161,5","28,9","6,5","29,6","28,8","6,5","4,4",24,20,24,114,"5,8",2
2022/10/18,2200 UTC,0,"886,3","886,3","885,5","1,3","27,7","6,9","28,9","27,7","6,9","6,3",27,24,27,100,"6,5","2,6"
2022/10/18,2300 UTC,0,887,887,"886,3",,"26,6","6,9","27,8","26,5","6,9","6,4",29,26,29,76,"4,7","1,8"
2022/10/19,0000 UTC,0,"887,6","887,6",887,,"25,9","6,8","26,6","25,4",7,"6,8",31,28,30,64,"3,2","1,8"
2022/10/19,0100 UTC,0,"888,7","888,7","887,6",,"25,8","7,2","26,2","25,6","7,3","6,8",31,29,31,95,"3,9","1,6"
2022/10/19,0200 UTC,0,"888,7","888,9","888,6",,"25,5","7,7","26,1","24,8","8,2","7,2",35,30,32,96,"4,5","2,7"
2022/10/19,0300 UTC,0,888,"888,6",888,,"24,2","8,4","25,5","24,1","8,7","7,8",37,32,36,107,"5,1","2,4"
2022/10/19,0400 UTC,0,"887,2",888,"887,2",,"24,1","8,1","24,3","23,5","8,4","8,1",38,36,36,82,"5,3","2,7"
2022/10/19,0500 UTC,0,"886,7","887,2","886,6",,"23,5","8,2","24,2","23,5","8,3","7,9",38,35,38,114,"5,3","2,4"
2022/10/19,0600 UTC,0,"886,4","886,7","886,4",,"23,3","8,4","23,5","23,2","8,4","7,8",39,37,39,96,"5,1","2,7"
2022/10/19,0700 UTC,0,"886,5","886,5","886,3",,"22,7","8,7","23,3","22,6","8,7","8,3",41,39,41,88,6,"3,1"
2022/10/19,0800 UTC,0,"887,1","887,1","886,5",,"22,4","8,3","22,9","22,2","8,7","8,3",42,40,41,68,"5,5","2,8"
2022/10/19,0900 UTC,0,"887,5","887,5","887,1","11,9",22,"8,1","22,4","21,8","8,3","8,1",42,40,41,61,"7,1","2,5"
2022/10/19,1000 UTC,0,"888,6","888,6","887,5","393,4","23,1","8,2","23,1","21,9","8,3","7,9",41,38,39,85,"6,4","3,1"
2022/10/19,1100 UTC,0,"889,3","889,3","888,6","1232,9","24,1","8,4","24,2","22,7","8,8",8,40,37,37,40,"5,9",3
2022/10/19,1200 UTC,0,"889,5","889,6","889,2","2159,5","26,6","8,4","26,6","23,8",9,8,38,32,32,59,"7,2",3
2022/10/19,1300 UTC,0,"889,5","889,7","889,5",2918,"27,7","7,3","28,4","25,9","8,3","7,3",32,27,27,44,"7,5","3,8"
2022/10/19,1400 UTC,0,889,"889,5",889,"3423,7","28,8","7,6","30,1","27,5","8,3","7,1",28,25,26,52,9,"3,4"
2022/10/19,1500 UTC,0,"888,3",889,"888,3",3652,"29,8","7,3",31,"28,7","8,4","7,2",27,24,25,60,"7,4",3
2022/10/19,1600 UTC,0,"887,2","888,3","887,1","3104,2",30,"7,6","31,4","29,2","8,4",7,26,23,25,39,"8,5",2
2022/10/19,1700 UTC,0,886,"887,2",886,"3458,3","30,9","7,3","32,5","29,8","8,4","7,1",25,22,23,105,"7,6","2,4"
2022/10/19,1800 UTC,0,"885,3",886,"885,3","1986,8","30,3","7,3","32,3","29,6","8,1","6,7",25,22,24,98,"7,1","1,7"
2022/10/19,1900 UTC,0,885,"885,3",885,"575,6","29,7",8,"30,4","29,5","8,1","7,2",26,24,26,337,"4,8","1,6"
2022/10/19,2000 UTC,0,"884,8",885,"884,8","417,6","29,9","7,9",30,"29,5","8,5","7,3",27,24,25,88,"3,8","0,9"
2022/10/19,2100 UTC,0,"885,1","885,1","884,8",233,"26,3","8,5","29,9","26,3","9,4","7,2",33,25,32,360,"2,5","0,5"
2022/10/19,2200 UTC,0,"885,4","885,4",885,"0,4","27,4","8,6","27,6",26,"9,5","8,3",35,30,30,44,"3,1","1,3"
2022/10/19,2300 UTC,0,"886,1","886,1","885,4",,"27,2","8,5","27,4",27,"8,6","8,4",31,31,31,24,"4,1",2
2022/10/20,0000 UTC,0,"886,4","886,4","886,1",,"25,9","8,8","27,2","25,9","8,8","8,3",34,31,34,16,"3,9","1,6"
2022/10/20,0100 UTC,0,"886,7","886,8","886,5",,"22,7","9,7","25,6","22,6",10,"8,9",45,35,44,28,"2,2","1,1"
2022/10/20,0200 UTC,0,"886,6","886,7","886,5",,"24,7",9,"25,3","22,7","9,9","8,7",44,35,37,90,"3,2","1,5"
2022/10/20,0300 UTC,0,"885,9","886,6","885,9",,25,9,"25,1","24,2","9,4",9,39,36,36,71,4,"2,4"
2022/10/20,0400 UTC,0,"885,3","885,9","885,3",,"24,6","8,1","25,1","24,5",9,"8,1",36,34,35,72,"5,3","2,5"
2022/10/20,0500 UTC,0,"885,3","885,4","885,2",,"24,1",8,"24,7","24,1","8,1","7,9",36,35,36,77,"5,4","2,1"
2022/10/20,0600 UTC,0,"884,8","885,3","884,8",,"23,5","8,3","24,1","22,2","8,9",8,42,36,38,40,4,"1,2"
2022/10/20,0700 UTC,0,885,885,"884,8",,"20,7","10,1","23,6","20,1","10,2","8,3",52,38,51,331,"2,2","1,4"
2022/10/20,0800 UTC,0,"885,7","885,7",885,,"21,7","9,8","21,9","20,7","10,3","9,1",51,44,47,350,"2,4",1
2022/10/20,0900 UTC,0,"886,1","886,2","885,7","5,4","20,9",10,23,"20,9","10,6","8,8",50,41,50,110,"5,4","1,7"
2022/10/20,1000 UTC,0,"886,5","886,5","886,1","470,6","23,5","9,1","23,8","20,9","10,9","9,1",50,40,40,73,"5,3","2,9"
2022/10/20,1100 UTC,0,"887,4","887,4","886,5","1122,1","24,5","8,3",25,"23,2","9,8","8,2",42,35,36,71,"7,1","3,3"
2022/10/20,1200 UTC,0,"887,8","887,9","887,4","2188,5","26,8","7,4","27,3","24,4","8,9","7,4",36,29,29,48,"6,3","2,8"
2022/10/20,1300 UTC,0,"887,5","887,8","887,3","2258,6","27,2","6,5","28,5","26,4","7,7","6,3",30,25,27,40,"7,9","2,4"
2022/10/20,1400 UTC,0,887,"887,5",887,"2672,3","29,1","6,8","29,9","27,2","7,7","6,2",27,24,25,50,"6,4","3,1"
2022/10/20,1500 UTC,0,"886,1",887,"886,1","3596,3","30,2","6,6","30,7","28,8","7,3","6,3",25,23,23,45,"10,3","4,5"
2022/10/20,1600 UTC,0,"885,1","886,1","885,1","3369,4","30,4","6,3","31,6","29,9","7,2","5,7",23,21,22,330,"10,3",3
2022/10/20,1700 UTC,0,"884,4","885,2","884,4","2253,5","31,6","6,4","31,8","29,8","6,7","5,6",22,20,21,68,"7,7","2,6"
2022/10/20,1800 UTC,0,"883,7","884,4","883,7","1827,6","30,4","6,3",32,"30,3","6,8","5,8",23,20,22,1,"6,5","3,1"
2022/10/20,1900 UTC,0,"883,5","883,7","883,5",589,"29,5","6,7","30,4","29,5","7,2","6,2",24,22,24,11,"6,7","3,6"
2022/10/20,2000 UTC,0,"883,1","883,5","883,1",300,"29,7","7,3","29,7","29,3","7,4","6,7",25,24,24,14,"6,7","1,7"
2022/10/20,2100 UTC,0,"883,3","883,3","883,1","296,4","28,2","7,6","29,8","28,2","7,7",7,27,24,27,5,"4,3","1,5"
2022/10/20,2200 UTC,0,"883,7","883,7","883,3",2,"26,9",8,"28,2","26,4","8,2","7,7",32,27,30,44,"2,7",1
2022/10/20,2300 UTC,0,"884,3","884,3","883,7",,"25,8","8,2","26,9","24,5","9,4",8,38,30,33,44,"2,2","1,2"
2022/10/21,0000 UTC,0,"885,4","885,4","884,3",,"25,8","8,1","26,3","25,5","8,6","7,9",34,32,33,38,"2,8","0,9"
2022/10/21,0100 UTC,0,"885,4","885,5","885,2",,"24,8","9,6","25,8",24,"9,9","8,1",41,32,38,71,"2,2","1,1"
2022/10/21,0200 UTC,0,"885,2","885,6","885,2",,"22,9","10,4","24,8","22,9","10,9",9,46,37,45,213,"1,9","0,2"
2022/10/21,0300 UTC,0,"884,7","885,2","884,7",,"25,6","8,5","25,7","22,8","11,1","8,3",47,33,34,38,"3,6","1,5"
2022/10/21,0400 UTC,0,"884,2","884,7","884,2",,"24,2","9,1","25,6","24,2","9,2","8,4",38,34,38,36,"3,6",1
2022/10/21,0500 UTC,0,"883,8","884,2","883,8",,"22,1","9,8","24,2","21,6","10,3","9,2",49,38,46,8,"2,9","1,6"
2022/10/21,0600 UTC,0,"883,4","883,8","883,3",,"23,8","9,3","24,1",22,10,"9,1",46,39,40,54,"2,9","1,1"
2022/10/21,0700 UTC,0,"883,4","883,4","883,2",,"23,4","9,4","24,5","23,4","9,4","8,9",41,37,41,20,"3,4",1
2022/10/21,0800 UTC,0,"883,7","883,7","883,3",,"21,7","9,5","23,8","21,7","9,7",9,46,39,46,24,"2,4","0,9"
2022/10/21,0900 UTC,0,"884,2","884,2","883,6","5,6","20,4","9,8","21,7","20,1","10,2","9,5",52,46,50,5,"2,3","1,2"
2022/10/21,1000 UTC,0,"885,1","885,1","884,2","402,2","23,7","11,4","23,7","20,3","11,9","9,7",57,45,46,286,"1,8","0,6"
2022/10/21,1100 UTC,0,886,886,"885,1","856,4","26,1","10,1","26,1","23,7","12,2","9,7",48,36,36,319,"3,6",2
2022/10/21,1200 UTC,0,"886,2","886,2","885,9","1919,1","27,8","8,4","28,1","25,9","9,5","8,2",36,29,30,347,"6,9",4
2022/10/21,1300 UTC,0,"886,1","886,2","886,1","1799,2","28,3","8,2","28,6","27,3","8,6","7,7",30,28,28,354,"8,2",4
2022/10/21,1400 UTC,0,"885,7","886,1","885,7","2642,1","29,5","8,5",30,"28,2","8,5","7,6",28,25,27,330,"8,4","3,1"
2022/10/21,1500 UTC,0,"885,3","885,7","885,3","2020,9","29,1","8,7","30,1","28,4","9,3",8,29,26,28,332,"7,8","2,7"
2022/10/21,1600 UTC,0,"884,5","885,3","884,5",2002,"29,3",11,"30,1","28,8","11,2","8,6",33,27,32,282,7,"2,5"
2022/10/21,1700 UTC,0,"884,3","884,6","884,3","1539,3","24,9","15,4","29,4","24,9","15,9","10,8",56,32,56,215,"10,1",5
2022/10/21,1800 UTC,0,"884,2","884,3","883,9","1252,4","24,1","14,7","25,5",24,16,"14,6",57,54,56,227,"11,1","4,4"
2022/10/21,1900 UTC,0,"884,4","884,4","884,2","522,7","23,6","14,7","24,3","23,6","14,9","14,5",57,55,57,222,"8,3","3,9"
2022/10/21,2000 UTC,0,"884,9",885,"884,4","381,3","21,5","15,8","23,6","21,5",16,"14,7",70,57,70,245,"8,5","3,5"
2022/10/21,2100 UTC,0,"885,6","885,6","884,9","72,3","20,1","15,3","21,5","20,1","16,5","15,3",76,70,74,245,"9,1","3,2"
2022/10/21,2200 UTC,0,"885,3","885,7","885,3",,"18,2",15,"20,1","18,2","15,3","14,6",81,74,81,221,"6,5","2,3"
2022/10/21,2300 UTC,0,"885,1","885,3",885,,"17,9","15,5","18,3","17,8","15,5",15,86,81,86,146,"4,7","1,3"
2022/10/22,0000 UTC,0,"885,5","885,5",885,,"18,4","15,6","18,7","17,9","15,7","15,3",86,82,84,138,"2,5","0,4"
2022/10/22,0100 UTC,0,"886,1","886,1","885,5",,"19,2","16,1","19,2","18,1","16,3","15,6",87,81,82,135,"1,9",1
2022/10/22,0200 UTC,0,"886,4","886,5","886,1",,"18,7","16,1","19,4","18,5","16,1","15,6",85,80,85,313,2,"0,8"
2022/10/22,0300 UTC,0,"885,9","886,4","885,9",,"18,6","15,9","19,1","18,6",16,"15,7",85,82,84,316,"1,7","0,5"
2022/10/22,0400 UTC,0,"885,2","885,9","885,2",,"19,4","15,9","19,4","18,6","16,4","15,8",85,80,80,193,"2,5","1,3"
2022/10/22,0500 UTC,0,"884,7","885,2","884,7",,"19,2","16,7","19,9","18,9","16,8","15,9",86,78,85,165,2,"0,6"
2022/10/22,0600 UTC,0,"884,2","884,8","884,2",,"20,7","15,6","20,8",19,"16,7","14,9",86,70,73,66,3,"1,7"
2022/10/22,0700 UTC,0,"884,1","884,4","884,1",,"18,9","15,7","20,7","18,8",16,"15,5",81,72,81,71,3,"0,5"
2022/10/22,0800 UTC,0,"884,8","884,8","884,1",,"18,5","15,8","19,1","18,5",16,"15,6",84,81,84,271,"1,8",1
2022/10/22,0900 UTC,0,"885,5","885,5","884,8","3,6","17,6","15,7","18,6","17,4",16,"15,3",89,84,89,314,"1,2","0,6"
2022/10/22,1000 UTC,0,"885,9","885,9","885,5","397,9","21,9","15,9","21,9","17,6",17,"15,7",88,68,68,181,2,"1,2"
2022/10/22,1100 UTC,0,"886,8","886,8","885,9","1308,1",24,"14,7",24,"21,9",16,"14,1",68,55,56,145,"3,2","1,9"
2022/10/22,1200 UTC,0,"887,2","887,3","886,8","1611,5","24,7","14,7","24,7","23,5","14,8","13,8",57,52,54,156,"5,1","2,3"
2022/10/22,1300 UTC,0,"887,4","887,5","887,2","2823,8","26,5",14,"26,6","24,7",15,"13,2",54,45,46,91,"5,4","2,8"
2022/10/22,1400 UTC,0,"886,9","887,4","886,9","3027,1","27,2","12,7","27,7",26,"14,2","12,1",46,40,41,128,"5,7","2,1"
2022/10/22,1500 UTC,0,"886,3","886,9","886,3","3337,8","28,3","13,5","29,1","27,1",14,"12,5",42,38,40,73,"5,7","2,5"
2022/10/22,1600 UTC,0,"885,4","886,3","885,3","2287,2","28,3","12,8",30,"27,3","13,9","12,6",43,36,39,74,"6,6","3,3"
2022/10/22,1700 UTC,0,"884,7","885,4","884,7","651,5","27,6","12,4","28,3","27,3","13,3","12,4",41,38,39,141,"6,4","1,8"
2022/10/22,1800 UTC,0,"884,2","884,7","884,1","717,7","27,8","12,1","28,4","27,5","12,7",12,40,37,38,131,"3,6",1
2022/10/22,1900 UTC,0,"884,3","884,7","884,2","351,3","23,2","14,1","27,9","23,2","14,9","12,1",58,38,57,187,"8,5",4
2022/10/22,2000 UTC,0,"884,2","884,3",884,"191,9","23,7",13,"23,7","23,2","14,3","12,8",57,51,51,162,"7,8","0,8"
2022/10/22,2100 UTC,0,"884,8","884,9","884,2","50,4",24,"13,5","24,1","23,3","14,7",13,57,51,52,46,"5,3","1,6"
2022/10/22,2200 UTC,0,"885,5","885,5","884,8",,"23,4","15,1","24,1","23,4","15,1","13,4",60,51,60,27,"5,4","2,1"
2022/10/22,2300 UTC,0,"886,2","886,3","885,4",,"23,1","15,4","23,4","22,9","15,4","15,1",62,60,62,130,"4,5","1,3"
2022/10/23,0000 UTC,0,"886,7","886,7","886,2",,"22,6",15,"23,4","22,6","15,7","14,6",62,59,62,112,7,"2,6"
2022/10/23,0100 UTC,0,"887,3","887,3","886,7",,"22,1","15,1","22,6","22,1","15,3","14,9",65,62,64,106,"5,7","2,1"
2022/10/23,0200 UTC,0,"887,4","887,5","887,3",,22,"15,4","22,2",22,"15,4",15,66,64,66,139,"3,5","1,8"
2022/10/23,0300 UTC,0,"886,7","887,4","886,6",,22,"15,4","22,1","21,8","15,6","15,3",68,66,66,129,3,"1,6"
2022/10/23,0400 UTC,0,"886,4","886,8","886,4",,"21,5","15,8",22,21,"16,1","15,4",73,66,70,148,"2,9","1,1"
2022/10/23,0500 UTC,0,"885,9","886,4","885,9",,20,"16,8","21,5","19,7","16,9","15,7",83,70,82,261,"2,3","1,4"
2022/10/23,0600 UTC,0,"885,7",886,"885,7",,"20,6",16,"20,6","19,9","16,9",16,82,75,75,222,"2,5","1,1"
2022/10/23,0700 UTC,0,"885,5","885,7","885,4",,"20,5","15,7","20,8","20,4","16,1","15,4",76,71,74,188,"2,8","0,8"
2022/10/23,0800 UTC,0,"885,9","885,9","885,5",,"20,1","15,5","20,5","20,1","15,7","15,2",75,72,75,184,"2,4","0,9"
2022/10/23,0900 UTC,0,"886,8","886,8","885,9",,"20,1","15,3","20,1","19,9","15,6","15,3",76,74,74,153,"2,4","1,2"
2022/10/23,1000 UTC,0,888,888,"886,8","51,7","19,2","16,6","20,2","19,2","16,6","15,3",85,74,85,7,3,"1,6"
2022/10/23,1100 UTC,1,"888,5","888,5",888,"131,8","19,5","17,7","19,5",19,"17,7","16,5",90,85,89,89,"2,9","1,2"
2022/10/23,1200 UTC,"0,2","888,7","888,7","888,3","355,5","19,5","17,3","19,6","19,4","17,6","17,1",89,87,87,123,"6,6","2,9"
2022/10/23,1300 UTC,0,"889,4","889,4","888,7","533,4",20,"17,6",20,"19,4","17,8","17,3",88,86,86,98,"6,5","2,3"
2022/10/23,1400 UTC,"0,6","889,2","889,5","889,2","843,6","20,5","18,5","20,5","19,7","18,6","17,3",89,85,88,109,"5,4","2,6"
2022/10/23,1500 UTC,0,"888,9","889,3","888,9","896,7","20,9","17,6","21,1","20,2","18,5","17,5",88,81,81,92,7,"4,1"
2022/10/23,1600 UTC,0,"887,9","888,9","887,9","912,3","21,4","17,9","21,4","20,8",18,"17,2",82,79,80,95,7,"2,9"
2022/10/23,1700 UTC,0,"886,9","887,9","886,9","1594,5","22,7","17,7","22,7","21,1","18,4","17,2",82,73,73,101,"6,8","3,5"
2022/10/23,1800 UTC,0,"886,3","886,9","886,2","2346,7","23,7","16,9","24,6","22,6","18,9","16,5",74,64,66,84,"6,6","2,8"
2022/10/23,1900 UTC,0,"885,5","886,3","885,5","919,7","22,6","17,4","24,1","22,6","17,6","16,4",72,64,72,87,"6,1","3,3"
2022/10/23,2000 UTC,0,"885,5","885,5","885,1","604,5","22,1","17,5","22,8","21,9","17,9","17,1",76,71,75,103,"7,7","2,9"
2022/10/23,2100 UTC,0,886,"886,2","885,5","114,8","20,9","17,7","22,1","20,9","17,7","17,2",82,75,82,120,7,"3,8"
2022/10/23,2200 UTC,0,"886,4","886,4","885,9",,"20,2","17,5","20,9","20,2","17,7","17,4",85,82,84,119,"6,8","3,5"
2022/10/23,2300 UTC,0,"887,2","887,2","886,3",,"19,7","17,3","20,2","19,7","17,5","17,3",87,84,86,116,"7,3","2,5"
2022/10/24,0000 UTC,0,888,888,"887,2",,"19,6","17,1","19,7","19,5","17,3",17,86,85,86,76,"4,7","1,6"
2022/10/24,0100 UTC,0,"888,4","888,5","887,9",,"19,1","16,2","19,6",19,"17,1","16,1",86,83,84,111,5,"2,7"
2022/10/24,0200 UTC,0,"888,5","888,6","888,3",,19,16,"19,1","18,9","16,2","15,9",84,82,83,178,"4,2","1,5"
2022/10/24,0300 UTC,0,"887,7","888,6","887,7",,19,16,19,"18,9","16,1",16,83,83,83,42,3,1
2022/10/24,0400 UTC,"0,2","887,1","887,7","887,1",,"18,1","16,6",19,"18,1","16,6",16,91,83,91,337,"3,3","0,5"
2022/10/24,0500 UTC,"0,2","886,3","887,1","886,3",,"18,6","16,5","18,6",18,"16,8","16,5",91,87,87,84,"5,9","2,2"
2022/10/24,0600 UTC,0,"885,5","886,3","885,4",,18,"16,3","18,6",18,"16,3","15,9",90,85,90,89,"6,7","2,8"
2022/10/24,0700 UTC,0,"885,8","885,9","885,4",,"17,6","16,2",18,"17,6","16,4","16,2",92,90,92,95,"5,6","2,9"
2022/10/24,0800 UTC,"0,4","885,7","885,8","884,5",,"17,5","16,2","17,6","17,4","16,3","16,2",93,92,92,21,"9,6","2,7"
2022/10/24,0900 UTC,0,"887,1","887,1","885,7","0,5","17,6","16,3","17,8","17,5","16,4","16,2",92,92,92,255,"7,4",1
2022/10/24,1000 UTC,0,"886,8","887,1","886,4","157,3","18,3","16,5","18,4","17,6","16,7","16,3",92,89,89,40,"4,9","2,3"
2022/10/24,1100 UTC,0,"887,9","887,9","886,7","365,8","18,9","16,8","18,9","18,3","16,9","16,5",90,87,88,73,5,"2,2"
2022/10/24,1200 UTC,0,"888,4","888,5","887,8","658,3","19,9","16,8",20,"18,9","17,2","16,5",88,82,83,19,"4,6","1,3"
2022/10/24,1300 UTC,0,"888,3","888,5","887,8","871,4","20,9","16,7","20,9","19,8","17,2","16,6",83,77,77,65,"4,1",1
2022/10/24,1400 UTC,0,"888,1","888,4","887,9","1289,7","22,4","16,4","22,4","20,8","17,1","16,4",77,69,69,18,"3,7","1,3"
2022/10/24,1500 UTC,0,"887,8","888,2","887,7","1208,1","23,6",16,"24,4","22,3","17,4",16,70,62,62,13,"3,5",1
2022/10/24,1600 UTC,0,"887,1","887,8","887,1","1010,7","23,1","16,7","24,1","22,7",17,"15,4",69,59,68,128,"4,2","1,6"
2022/10/24,1700 UTC,0,"886,1","887,1","886,1","1207,7","24,7","15,5","25,1","23,1",17,"14,9",68,55,57,329,"3,6","1,3"
2022/10/24,1800 UTC,0,"885,4","886,1","885,4","1407,9","24,9","14,9","25,4","24,6","15,5","14,3",56,51,54,328,"3,3","1,6"
2022/10/24,1900 UTC,0,"884,6","885,4","884,6","1472,8","24,9","15,6","25,7","24,7",16,"14,7",57,51,57,23,"4,1",2
2022/10/24,2000 UTC,0,884,"884,6",884,"648,6","24,7","15,5","25,3","24,1",16,"15,4",60,55,57,66,"4,7","2,1"
2022/10/24,2100 UTC,0,"884,2","884,2",884,"267,2","23,5","15,7",25,"23,5","15,8","15,1",62,55,62,88,"3,8","2,2"
2022/10/24,2200 UTC,0,885,885,"884,2",1,"22,4","16,3","23,5","22,4","16,3","15,6",69,62,69,95,"4,9","2,9"
2022/10/24,2300 UTC,0,"886,1","886,1",885,,21,"16,2","22,4",21,"16,6","16,2",74,69,74,66,"6,1","2,1"
2022/10/25,0000 UTC,0,"886,4","886,4",886,,"20,4","15,6",21,"20,3","16,2","15,6",74,73,74,50,"4,8","1,9"
2022/10/25,0100 UTC,0,"887,2","887,2","886,3",,"20,2","15,2","20,4","20,2","15,6","15,2",74,73,73,31,"4,3","1,2"
2022/10/25,0200 UTC,0,"886,9","887,2","886,8",,"19,7","15,4","20,2","19,7","15,5","15,2",76,73,76,300,"2,6","1,2"
2022/10/25,0300 UTC,0,"886,3","887,1","886,2",,"19,9","15,4","19,9","19,4","15,5","15,2",77,75,76,36,"2,9","1,1"
2022/10/25,0400 UTC,0,"886,1","886,5","886,1",,"19,4","16,1","19,9","18,8","16,1","15,3",81,76,81,70,"3,5","1,4"
2022/10/25,0500 UTC,0,"885,6","886,2","885,5",,"19,3","16,3","19,5","19,2","16,4",16,83,81,83,58,3,1
2022/10/25,0600 UTC,0,"884,9","885,6","884,9",,"18,9","16,3","19,3","18,9","16,6","16,3",85,83,85,113,"3,3","1,3"
2022/10/25,0700 UTC,0,"884,8","884,9","884,6",,"18,2","16,3",19,"17,8","16,4","15,6",89,85,89,97,"2,8",1
2022/10/25,0800 UTC,0,"885,3","885,5","884,7",,"17,5","16,1","18,5","17,1","16,6","15,3",92,86,91,46,2,"0,9"
2022/10/25,0900 UTC,0,886,886,"885,3","13,6","18,1","16,6","18,1","16,8","16,7","15,4",93,90,91,22,"2,2",1
2022/10/25,1000 UTC,0,"886,7","886,7",886,"401,9","20,4","15,9","20,5","17,5",17,"15,6",91,75,75,56,"3,8","1,6"
2022/10/25,1100 UTC,0,"887,3","887,3","886,6","1424,9",22,"15,2","22,2","20,3","16,3","15,2",76,65,66,14,"4,5","2,8"
2022/10/25,1200 UTC,0,"887,2","887,3","887,1","2373,7","24,1","14,8","24,8",22,"15,8","14,8",66,55,56,22,5,2
2022/10/25,1300 UTC,0,"887,3","887,5","887,1","3095,8","25,8","13,3","26,4","24,1","15,2","13,2",56,44,46,39,"4,5","2,1"
2022/10/25,1400 UTC,0,"886,9","887,3","886,8",3215,"27,3","12,4","27,3","25,4","13,9","12,1",48,40,40,131,"6,6","3,3"
2022/10/25,1500 UTC,0,"886,4","886,9","886,4","3036,2","28,2","12,8","28,7","26,4","13,6","11,6",43,37,39,98,"6,6","2,8"
2022/10/25,1600 UTC,0,"885,4","886,4","885,4","3839,4",29,"11,2","30,4","27,9","12,9","10,5",39,31,33,85,"6,7","3,8"
2022/10/25,1700 UTC,0,"884,1","885,4","884,1","2151,7",29,"10,5","30,3",28,"11,1","9,4",34,28,32,114,"6,6","2,9"
2022/10/25,1800 UTC,0,"883,5","884,2","883,5","3111,2","29,7","10,8","30,9","28,9","11,5","9,1",32,28,31,132,"8,6","3,5"
2022/10/25,1900 UTC,0,"883,2","883,6","883,2","2268,3","29,2","11,5","30,1","28,6","11,7","10,4",34,31,33,114,"8,6","3,8"
2022/10/25,2000 UTC,0,883,"883,2","882,9","1285,6","28,7","10,8","29,5","28,4","11,5","10,5",34,32,33,120,"8,6","3,1"
2022/10/25,2100 UTC,0,"883,4","883,5",883,"395,1","27,3","10,6","28,7","27,3","10,9","10,1",35,32,35,129,"5,8","2,5"
2022/10/25,2200 UTC,0,884,884,"883,4","3,3","26,5","11,9","27,3","26,5","11,9","10,6",40,35,40,89,"5,4","2,9"
2022/10/25,2300 UTC,0,"884,7","884,7",884,,"25,1","12,9","26,5",25,"12,9","11,9",47,40,47,77,8,"3,6"
2022/10/26,0000 UTC,0,"885,1","885,2","884,6",,"24,2",13,"25,1","24,2",13,"12,9",50,47,50,66,"6,4","2,1"
2022/10/26,0100 UTC,0,"885,5","885,5","885,1",,"23,8","12,7","24,2","23,8","13,1","12,7",51,49,50,64,"5,8",2
2022/10/26,0200 UTC,0,"885,6","885,7","885,5",,"22,8","12,7","23,8","22,8","12,8","12,6",53,50,53,37,"4,2","1,7"
2022/10/26,0300 UTC,0,"885,4","885,6","885,4",,"20,2","12,9","22,8","20,2","13,2","12,6",63,53,63,360,"3,1","1,2"
2022/10/26,0400 UTC,0,"884,7","885,4","884,7",,"18,3","13,1","20,3","18,3","13,4","12,9",72,63,72,307,"2,3","0,8"
2022/10/26,0500 UTC,0,"884,5","884,8","884,5",,"19,1","14,6","19,1","17,9","14,7","13,1",76,72,75,344,"3,4",2
2022/10/26,0600 UTC,0,"884,4","884,5","884,3",,"18,6",15,"19,4","18,6","15,1","14,6",80,74,79,333,"3,6","1,6"
2022/10/26,0700 UTC,0,"884,3","884,4","884,2",,"18,2","15,2","18,8","17,8","15,2","14,7",83,79,83,329,"3,1","1,6"
2022/10/26,0800 UTC,0,"884,3","884,4","884,3",,"17,7","15,2","18,2","17,5","15,3","14,6",85,82,85,318,"2,7","1,6"
2022/10/26,0900 UTC,0,"885,2","885,2","884,3",14,"16,3","14,4","17,9","16,3","15,4","14,2",89,84,88,16,"2,7","0,8"
2022/10/26,1000 UTC,0,886,886,"885,1","536,5","20,9","15,8","20,9","16,3",16,"14,5",90,73,73,356,"3,5","2,3"
2022/10/26,1100 UTC,0,"886,5","886,6","885,9","1442,7",23,16,"23,1","20,9","16,2","15,5",73,64,65,358,"5,1",3
2022/10/26,1200 UTC,0,887,887,"886,5","2230,6",26,"15,1",26,23,"16,1","14,7",65,51,51,351,"6,6","3,3"
2022/10/26,1300 UTC,0,"886,9","887,1","886,8","2815,2","27,6",14,"27,7","24,8","15,1","13,3",53,43,43,23,"8,3","3,7"
2022/10/26,1400 UTC,0,"886,6","886,9","886,6","3463,3","27,3","13,5","28,7","26,3","14,1","12,8",46,38,43,26,"8,3","3,2"
2022/10/26,1500 UTC,0,"886,1","886,6","886,1","2915,5",29,"13,3","29,1","27,1","14,3","12,2",44,36,38,356,8,"2,2"
2022/10/26,1600 UTC,0,"885,1","886,1","885,1","3241,6","30,5","10,9","30,7","28,1","13,7","10,2",38,29,30,51,"5,9","2,3"
2022/10/26,1700 UTC,0,"884,1","885,1","884,1","1806,2",29,"10,2","30,8",29,"11,7","10,2",33,29,31,24,"6,7","2,8"
2022/10/26,1800 UTC,0,"883,4","884,1","883,4","1510,9","29,5","9,1",31,29,"10,9","8,8",31,26,28,24,"5,7","1,9"
2022/10/26,1900 UTC,0,"883,2","883,4",883,"1363,9","27,8","11,4","31,4","27,8","11,4","8,6",36,25,36,341,"5,9","2,3"
2022/10/26,2000 UTC,0,"883,9","883,9","883,1","280,4","25,6","12,7","28,2","25,4","12,9","9,8",46,33,45,201,"6,8","2,5"
2022/10/26,2100 UTC,"1,4","883,9","884,4","883,7","55,1","20,2","17,1","25,7","19,4","17,4","12,6",85,44,82,305,"12,6","1,8"
2022/10/26,2200 UTC,0,"884,2","884,3","883,9","21,7","19,6","16,9","20,9","19,6","17,3","15,4",85,71,85,314,"4,2","0,6"
2022/10/26,2300 UTC,"0,2","884,8","884,8","884,2",,"19,5","16,5","19,9","18,5",17,"16,1",87,81,83,11,"2,5","1,5"
2022/10/27,0000 UTC,0,886,"886,1","884,8",,"20,3","14,9","21,2","18,5","17,2","14,7",85,70,71,178,"7,6","3,8"
2022/10/27,0100 UTC,0,"886,1","886,1","885,8",,"19,2",15,"20,2","19,1","15,2","14,7",78,71,77,169,"7,6","1,9"
2022/10/27,0200 UTC,0,"886,1","886,2","885,9",,18,"15,1","19,5","17,9","15,2","14,6",83,74,83,33,"4,9","0,8"
2022/10/27,0300 UTC,0,"885,4","886,1","885,4",,"18,4","15,3","18,4","17,7","15,6",15,86,82,82,339,"3,6","2,3"
2022/10/27,0400 UTC,0,"884,9","885,4","884,8",,"17,9","14,9","18,6","17,9","15,3","14,9",83,81,83,359,"3,9","1,6"
2022/10/27,0500 UTC,0,"884,8","884,9","884,6",,"17,7","15,1",18,"16,7","15,1","14,3",88,82,85,354,"2,3","1,4"
2022/10/27,0600 UTC,0,"884,8","884,8","884,6",,"17,1","14,7","17,9","16,9","15,1","14,4",86,82,86,131,2,"0,6"
2022/10/27,0700 UTC,0,"885,1","885,1","884,8",,"17,5","15,2","17,8","16,7","15,4","14,4",88,84,86,37,1,"0,5"
2022/10/27,0800 UTC,0,"885,8",886,"885,1",,"19,1","15,7","19,6","17,5",16,"15,2",86,78,80,131,"2,5","1,1"
2022/10/27,0900 UTC,0,"886,4","886,4","885,8","12,7","18,8","15,6","19,1","17,1","15,9","14,9",88,80,82,136,3,"1,7"
2022/10/27,1000 UTC,0,"887,1","887,2","886,4",497,"21,9",16,22,"18,6","16,6","15,5",82,69,69,125,"2,5","0,8"
2022/10/27,1100 UTC,0,"887,6","887,6",887,"1140,1","23,3","15,7","23,6","21,9","16,6","15,5",69,61,63,82,"2,5","1,3"
2022/10/27,1200 UTC,0,"887,7","887,7","887,6","1852,5",25,15,"25,1","23,3","16,2","14,1",63,52,54,15,"5,6","2,8"
2022/10/27,1300 UTC,0,"887,5","887,7","887,5","2087,2","25,7","15,1","25,8","24,6","15,3","14,2",54,50,52,7,"5,2","1,9"
2022/10/27,1400 UTC,0,"887,2","887,5","887,1","2158,7","27,3","13,6",28,"25,5","15,3","13,6",52,42,43,352,"6,5","3,8"
2022/10/27,1500 UTC,0,"886,5","887,2","886,5","3280,4","27,9","13,1","28,8","26,6","14,8",13,46,39,40,23,"7,2","2,2"
2022/10/27,1600 UTC,0,"885,7","886,5","885,7","3574,2","29,5","12,6","30,2","27,9","13,7","11,7",41,33,35,357,7,"2,6"
2022/10/27,1700 UTC,0,"884,7","885,7","884,7","976,3","28,3","12,1","30,3","27,9","13,4","11,8",38,34,37,80,6,"2,5"
2022/10/27,1800 UTC,0,"883,9","884,7","883,9","1810,3","27,9","13,4","28,9","26,2","14,7","12,3",47,37,41,330,"8,2","4,3"
2022/10/27,1900 UTC,0,"883,2","883,9","883,2","2184,1","29,2","12,6","29,7","27,9","13,8","12,2",41,35,36,330,"8,8","3,5"
2022/10/27,2000 UTC,0,"883,5","883,5","882,9","1375,3","28,2","12,3","29,9","28,2",13,"12,2",38,34,38,347,"7,8","3,2"
2022/10/27,2100 UTC,"0,6","884,5","884,5","883,5","45,9","21,1",16,"28,2","20,8","17,7","12,3",76,38,73,211,"8,1","1,8"
2022/10/27,2200 UTC,"15,2",885,"886,1","884,5",,19,"15,7","21,8","16,7","16,6","13,4",88,69,82,258,"13,5",2
2022/10/27,2300 UTC,0,"885,2","885,2","884,9",,"18,9","16,1","19,5","18,9","16,9","15,7",86,80,84,295,"4,2","1,2"
2022/10/28,0000 UTC,0,"885,9","885,9","885,2","0,3","20,4","15,5","20,4","18,3","16,9","15,4",87,74,74,31,"3,4","1,3"
2022/10/28,0100 UTC,"0,2","887,2","887,2","885,9","1,1","20,5","16,9","20,8",19,"16,9","15,7",85,74,80,142,"4,6","1,7"
2022/10/28,0200 UTC,0,887,"887,4",887,"1,6","20,1",15,"21,2","20,1",17,"14,9",80,69,72,137,8,"2,7"
2022/10/28,0300 UTC,0,"886,6","887,1","886,6",,"18,7","15,3","20,1","18,7","15,9",15,83,72,80,231,"4,6","1,4"
2022/10/28,0400 UTC,0,"886,1","886,7",886,,"17,6","15,3","18,8","17,6","15,8","15,2",87,80,87,292,"2,4","1,2"
2022/10/28,0500 UTC,0,"885,5","886,1","885,5",,"17,7","15,3","18,3","17,2","15,8","15,2",89,83,86,15,"1,8","0,9"
2022/10/28,0600 UTC,0,"885,4","885,5","885,3",,"17,5","15,6","18,1","17,4","15,6","15,1",89,83,89,16,"2,1","0,9"
2022/10/28,0700 UTC,0,"885,5","885,7","885,4",,"18,4","15,1","18,6","17,2","15,9","15,1",90,80,81,95,"2,1","0,9"
2022/10/28,0800 UTC,0,"885,9","885,9","885,5",,"18,4","16,3","18,9","18,2","16,5","15,1",88,81,87,133,"4,3","1,6"
2022/10/28,0900 UTC,0,"886,3","886,3","885,9","16,3","18,5","15,6","18,5","17,5","16,3","15,3",88,83,83,111,"3,2","1,4"
2022/10/28,1000 UTC,0,"886,9","886,9","886,2","497,4","20,6","15,4","20,7","18,5",16,"15,3",83,72,72,136,"3,5",2
2022/10/28,1100 UTC,0,"887,4","887,4","886,9","1434,3",23,"14,9","23,2","20,6","15,9","14,8",73,60,60,131,"5,2","3,1"
2022/10/28,1200 UTC,0,"887,5","887,7","887,4",2274,"24,9","15,1","25,1",23,"15,6","14,5",61,53,55,94,"5,3","2,3"
2022/10/28,1300 UTC,0,"887,5","887,6","887,4","2992,7","26,5","14,9","26,8","24,8","15,6",14,56,48,49,89,"6,7","3,7"
2022/10/28,1400 UTC,0,"886,9","887,5","886,8","3627,3","28,2","13,9","28,4","26,3","15,6","13,9",50,41,42,80,8,"3,6"
2022/10/28,1500 UTC,0,"886,5",887,"886,4","3719,9","29,8","12,8","29,9",28,"14,3","11,8",43,35,35,68,"7,6","3,5"
2022/10/28,1600 UTC,0,"885,9","886,5","885,9","1165,1","28,7","13,7","29,7","27,4","13,8","11,9",42,35,40,34,"6,9","2,8"
2022/10/28,1700 UTC,"0,8","884,9","885,9","884,9","1418,6","26,6","16,7",29,"25,1","17,4","12,9",60,38,55,51,"6,4","2,3"
2022/10/28,1800 UTC,"0,2","884,2","884,9","884,2","1326,3",25,"15,4",28,"24,9","16,6","13,7",56,42,56,331,"6,3","2,4"
2022/10/28,1900 UTC,0,"884,1","884,3",884,"585,6","23,9","16,3","25,5","23,7","16,5","14,5",63,52,62,344,"8,6",3
2022/10/28,2000 UTC,0,"883,7","884,1","883,7","681,8","24,2","17,1","24,2","22,9","17,7","16,1",70,62,65,342,"7,9","4,4"
2022/10/28,2100 UTC,0,"884,3","884,3","883,7","304,5","22,9","16,4","24,2","22,9","17,1","16,3",67,64,67,310,"7,4","2,1"
2022/10/28,2200 UTC,0,"885,6","885,6","884,3","2,6","23,5","14,8",24,"22,7","16,4","14,7",68,57,58,130,"6,5","3,6"
2022/10/28,2300 UTC,0,"885,7","885,9","885,6",,"22,9",13,"23,5","22,7","15,2",13,61,54,54,92,"6,9","3,8"
2022/10/29,0000 UTC,0,"885,8","885,9","885,6",,"22,8","13,9","23,8","22,7",14,"12,4",58,49,57,14,"6,9","2,7"
2022/10/29,0100 UTC,0,"886,2","886,3","885,8",,"22,4","14,9","23,1","22,4",15,14,63,57,63,347,"6,7","2,5"
2022/10/29,0200 UTC,0,"886,2","886,3",886,,"21,5","15,4","22,4","21,5","15,5","14,9",69,63,68,273,"5,1",1
2022/10/29,0300 UTC,0,886,"886,4",886,,"22,2","15,3","22,4",21,"16,1","15,2",73,65,65,184,"4,7","1,8"
2022/10/29,0400 UTC,0,"885,8",886,"885,7",,"20,8","16,4","22,5","20,8","16,4","15,1",76,64,76,195,"5,3","2,2"
2022/10/29,0500 UTC,0,"885,4","885,9","885,4",,"20,6","16,4","20,8","20,6","16,5","16,4",77,76,77,204,"5,8","1,4"
2022/10/29,0600 UTC,0,"885,3","885,4","885,3",,"20,5","16,1","20,6","20,2","16,5","16,1",79,76,76,208,5,2
2022/10/29,0700 UTC,0,"885,5","885,5","885,3",,"20,4","16,5","20,7","20,4","16,5","16,1",78,75,78,141,"3,7",1
2022/10/29,0800 UTC,0,"885,7","885,7","885,4",,"20,4","16,2","20,6","20,3","16,5","16,1",79,76,77,143,"3,6","1,9"
2022/10/29,0900 UTC,0,"886,1","886,1","885,6","6,3","20,2",16,"20,4","20,2","16,2",16,78,76,77,171,"4,6","2,5"
2022/10/29,1000 UTC,0,"886,5","886,5","886,1","475,3","21,4","16,4","21,4","20,1","16,5","16,1",79,73,73,159,"5,1","2,4"
2022/10/29,1100 UTC,0,"887,1","887,1","886,4","1250,3","23,1","15,5","23,3","21,2","16,3","15,3",73,62,62,168,"5,4","2,1"
2022/10/29,1200 UTC,0,"887,3","887,4","887,1","1746,7","24,3","14,7","24,7",23,"15,8","14,7",63,55,55,134,"6,8","3,6"
2022/10/29,1300 UTC,0,"887,3","887,5","887,3","2621,6","25,7","15,6","25,7","24,2","15,6","14,4",57,53,54,125,"6,6","2,8"
2022/10/29,1400 UTC,0,887,"887,4",887,"3237,9","26,7","15,4","27,2","25,1","15,9","14,4",54,47,50,124,"6,2","2,7"
2022/10/29,1500 UTC,0,"886,4",887,"886,4",1270,"26,6","13,1","27,7","26,3","15,6","11,7",50,39,43,355,"5,4","1,1"
2022/10/29,1600 UTC,0,"885,2","886,4","885,2","2009,7","28,2",13,"28,8","26,4","13,6","12,2",43,38,39,9,"4,4","1,9"
2022/10/29,1700 UTC,0,"884,1","885,2","884,1","1970,2","28,1","13,2","29,4","27,8","13,6","12,3",41,37,40,319,"4,7","1,9"
2022/10/29,1800 UTC,0,"883,7",884,"883,7","754,8","25,4","14,8","28,4","25,4",15,"12,8",52,39,52,301,"9,5",4
2022/10/29,1900 UTC,0,"884,2","884,2","883,7","309,6","21,9","17,9","25,3","21,8","17,9","14,6",78,52,78,334,"9,9","3,9"
2022/10/29,2000 UTC,0,"884,2","884,4","884,1","303,1","19,6","16,4","21,9","19,5","17,9","16,2",83,78,82,330,9,"3,1"
2022/10/29,2100 UTC,0,"884,4","884,5","884,1","94,5","19,1","15,1","19,9","19,1","16,6",15,83,76,78,332,"7,8","3,7"
2022/10/29,2200 UTC,0,"884,8","884,8","884,4","2,5","18,5","15,8","19,1","18,5","15,9","15,1",85,78,84,319,"7,3","2,3"
2022/10/29,2300 UTC,0,"885,2","885,2","884,8",,"19,1","15,3","19,2","18,5","15,9","15,3",85,78,79,328,6,"3,1"
2022/10/30,0000 UTC,0,"885,6","885,7","885,2",,"19,4","15,4","19,4","19,1","15,4","15,3",79,78,78,18,"5,8",2
2022/10/30,0100 UTC,0,"886,4","886,4","885,6",,"19,1","16,4","19,4",19,"16,4","15,4",84,78,84,72,"4,2",2
2022/10/30,0200 UTC,0,"886,5","886,7","886,4",,19,"17,2","19,1","18,9","17,2","16,4",89,84,89,104,"4,4","1,5"
2022/10/30,0300 UTC,0,"885,1","886,5","885,1",,"19,1","17,1","19,2",19,"17,3","17,1",89,88,88,52,"3,6","1,5"
2022/10/30,0400 UTC,0,"884,3","885,1","884,3",,"18,5","17,1","19,1","18,4","17,2","16,9",91,88,91,193,3,"0,5"
2022/10/30,0500 UTC,0,"883,9","884,3","883,8",,"18,6","17,2","18,7","18,3","17,3","16,9",92,91,91,268,2,"1,2"
2022/10/30,0600 UTC,0,"883,6","883,9","883,6",,"18,9","17,2","18,9","18,6","17,3","17,1",91,90,90,278,2,"1,1"
2022/10/30,0700 UTC,0,"883,6","883,6","883,4",,19,"16,5","19,1","18,8","17,3","16,5",90,85,85,352,"2,2","1,5"
2022/10/30,0800 UTC,0,"883,9","883,9","883,6",,"18,4","16,4",19,"18,4","16,6","16,4",88,85,88,308,"2,2","0,9"
2022/10/30,0900 UTC,0,884,"884,1","883,9","2,8","18,5","16,7","18,6","18,3","16,8","16,5",90,88,90,287,"2,3","0,5"
2022/10/30,1000 UTC,0,"884,5","884,6",884,"87,4","19,7","16,7","19,7","18,4",17,"16,6",90,83,83,333,"1,9","0,9"
2022/10/30,1100 UTC,0,"885,1","885,1","884,5","505,8","21,7","15,9","21,7","19,7","16,9","15,9",83,69,69,338,"2,9","1,5"
2022/10/30,1200 UTC,0,"885,5","885,5","885,1","870,6","23,1","15,4","23,2","21,7","16,2","15,2",70,62,62,23,"3,6","1,5"
2022/10/30,1300 UTC,0,"885,2","885,6","885,2","2775,1","26,2","14,6","26,5","22,9","16,4","14,2",64,49,49,17,"5,8","2,9"
2022/10/30,1400 UTC,0,"884,9","885,2","884,9","3633,8","28,2","14,7","28,4","26,2",15,"13,2",49,42,44,14,"6,9","3,4"
2022/10/30,1500 UTC,0,"884,3","884,9","884,3",3352,"28,7","13,4","29,9","26,8","14,5","11,5",44,35,39,345,"8,6","3,9"
2022/10/30,1600 UTC,0,"883,6","884,3","883,6","3164,4","28,5","13,2","29,7","27,4","14,7","12,8",43,37,39,327,"9,6","3,6"
2022/10/30,1700 UTC,0,"882,9","883,6","882,9","2048,5",28,"13,9","29,6","27,8","14,5","12,6",44,38,42,305,"8,6","3,8"
2022/10/30,1800 UTC,0,"882,2",883,"882,2","2631,4","27,8","13,8","30,4","27,8","14,3","12,1",43,35,42,295,"8,6","3,6"
2022/10/30,1900 UTC,0,"881,9","882,2","881,9","1876,1","27,9","13,9","29,6","27,8","14,9","13,5",43,39,42,287,"8,7","3,8"
2022/10/30,2000 UTC,0,882,882,"881,8","1038,2","28,1","14,4","28,4","27,1","14,7","13,7",45,41,43,285,"7,7","3,4"
2022/10/30,2100 UTC,0,"882,4","882,4","881,9","556,2","25,8","14,2","28,2","25,8","14,6","13,7",49,42,49,304,"7,1","3,1"
2022/10/30,2200 UTC,0,883,883,"882,4","7,9","24,4","15,1","25,8","24,4","15,1","14,2",56,49,56,326,"5,8","2,1"
2022/10/30,2300 UTC,0,"884,1","884,1",883,,24,"15,6","24,4","23,6","15,6","15,1",60,56,60,318,"3,7","1,6"
2022/10/31,0000 UTC,0,"884,9","884,9","884,1",,"23,6","15,9",24,"23,6",16,"15,6",62,60,62,319,"3,7","1,7"
2022/10/31,0100 UTC,0,"885,6","885,6","884,9",,"22,9","15,9","23,6","22,9",16,"15,8",65,62,65,313,"3,8","1,8"
2022/10/31,0200 UTC,0,"885,6","885,8","885,6",,"21,9","16,1","22,9","21,9","16,1","15,8",69,65,69,303,"3,4","1,2"
2022/10/31,0300 UTC,0,"885,1","885,6","885,1",,"21,6","16,2","21,9","21,5","16,2","15,9",71,69,71,278,"2,8","1,3"
2022/10/31,0400 UTC,0,"884,5","885,1","884,5",,"22,1","16,6","22,3","21,6","16,6","16,2",72,70,71,305,"2,6",1
2022/10/31,0500 UTC,0,884,"884,6",884,,"22,2","16,5","22,2",22,"16,6","16,4",71,70,70,286,"2,5","0,9"
2022/10/31,0600 UTC,0,"883,7",884,"883,7",,22,"16,2","22,2","21,8","16,5","16,2",71,69,70,317,2,"1,1"
2022/10/31,0700 UTC,0,"883,8","883,8","883,6",,"20,9",17,"22,1","20,8","17,1","16,2",79,70,78,6,"2,3",1
2022/10/31,0800 UTC,0,"883,6","883,8","883,5",,"21,2","16,6","21,3","20,4","17,1","16,6",81,74,75,12,"2,8","1,8"
2022/10/31,0900 UTC,0,"884,3","884,3","883,6",12,"19,8","16,6","21,2","19,5","16,6","16,3",83,75,82,337,"2,8","1,1"
2022/10/31,1000 UTC,0,"885,2","885,2","884,3","387,6","23,4","16,9","23,4","19,7","17,9","16,5",82,67,67,346,"1,8","1,1"
2022/10/31,1100 UTC,0,"886,1","886,1","885,2","1080,7","25,5","16,5","25,5","23,4","17,1","16,3",67,58,58,323,"3,1","1,3"
2022/10/31,1200 UTC,0,"886,7","886,7","886,1","1740,5","26,9","15,7","27,6","25,2","16,9","14,7",59,47,50,324,"4,2","2,1"
2022/10/31,1300 UTC,0,"886,7","886,9","886,7","1104,1","26,8","16,1","27,2","26,4","16,4","15,4",53,49,52,319,"5,2","2,4"
2022/10/31,1400 UTC,0,"886,3","886,7","886,3","1469,8",29,"16,5",29,"26,3","16,5","15,4",53,46,47,290,"6,1","2,8"
2022/10/31,1500 UTC,0,"885,9","886,3","885,7","942,1","23,4","16,9","29,2","23,4","17,1","15,2",67,44,67,77,7,"2,2"
2022/10/31,1600 UTC,"5,6","885,1","885,9","885,1","663,1","21,4",19,"24,4",21,19,"16,9",87,65,86,166,"5,8","2,3"
2022/10/31,1700 UTC,"0,8","883,7","885,1","883,7","1031,2","22,2","19,2","22,2","20,6","19,2","17,9",87,81,83,100,"4,5",1
2022/10/31,1800 UTC,0,883,"883,7",883,"1687,7","24,5","18,9","24,5","22,2","19,7","18,2",83,70,71,305,"2,7","1,2"
2022/10/31,1900 UTC,0,"882,3",883,"882,3","1818,8","27,2","15,7","27,3","24,5","19,4","15,3",72,48,49,260,3,"1,2"
2022/10/31,2000 UTC,0,"883,1","883,1","882,2",1319,"27,1","15,5",28,27,"16,5",15,52,46,49,255,"4,7","1,5"
2022/10/31,2100 UTC,"4,8","883,4","883,8","883,1","46,2","19,8","17,8","27,1","19,8","17,8","15,4",88,49,88,207,"9,9","3,9"
2022/10/31,2200 UTC,1,885,885,"883,3",,"19,5","17,9","20,3","19,4","18,5","17,7",91,87,91,174,"7,1","1,7"
2022/10/31,2300 UTC,"1,8","886,4","886,4",885,,"19,4","17,8","19,6","19,3","18,1","17,6",91,90,91,202,"4,1","1,7"
2022/11/01,0000 UTC,"2,8","886,9",887,"886,4",,"18,7","17,4","19,5","18,7",18,"17,2",92,90,92,216,7,"3,7"
2022/11/01,0100 UTC,"1,4",887,887,"886,9",,"18,9","17,5",19,"18,7","17,5","17,3",92,91,91,227,7,3
2022/11/01,0200 UTC,"0,6",887,"887,2","886,9",,"18,8","17,4","18,9","18,8","17,6","17,4",92,91,91,201,"5,8",2
2022/11/01,0300 UTC,0,"886,4",887,"886,4",,"18,7","17,1","18,9","18,7","17,4","17,1",92,91,91,218,"4,7","1,1"
2022/11/01,0400 UTC,0,"885,9","886,5","885,9",,"18,7","17,5","18,8","18,5","17,5","17,1",93,91,93,14,"1,8","0,8"
2022/11/01,0500 UTC,0,"885,2","885,9","885,2",,"18,6","17,3","18,8","18,5","17,6","17,3",93,92,92,133,"1,4","0,5"
2022/11/01,0600 UTC,0,"885,2","885,4","885,2",,"18,1","16,9","18,6","18,1","17,3","16,8",93,92,93,240,"1,3","0,8"
2022/11/01,0700 UTC,"0,2","885,3","885,3",885,,"17,5","16,4","18,3","17,5","17,3","16,4",94,93,93,239,"2,2","0,7"
2022/11/01,0800 UTC,0,"885,6","885,6","885,2",,"17,6","16,6","18,2","17,5","17,2","16,5",94,93,94,209,"1,3","0,3"
2022/11/01,0900 UTC,0,"885,8","885,8","885,5",11,"17,9",17,"17,9","17,5",17,"16,5",94,94,94,355,"1,3","0,8"
2022/11/01,1000 UTC,0,"886,5","886,6","885,8","236,2","18,7","17,7","18,8","17,9","17,8",17,94,94,94,310,"2,6","1,1"
2022/11/01,1100 UTC,0,887,887,"886,5","896,2","20,7","18,4","20,7","18,7","18,5","17,7",94,87,87,344,"2,7","1,3"
2022/11/01,1200 UTC,0,"887,3","887,4",887,"1883,3","23,2","17,6","24,3","20,7","19,2",17,87,64,71,160,"3,2","1,5"
2022/11/01,1300 UTC,0,"887,3","887,4","887,2","2986,3","24,8","16,4","25,5","23,1","18,8","16,4",73,59,60,128,"5,9","2,6"
2022/11/01,1400 UTC,0,"886,7","887,3","886,7","3596,9","26,4","16,7","27,1","24,7","17,6","15,4",62,51,55,107,6,"3,2"
2022/11/01,1500 UTC,0,"886,1","886,7","886,1","3742,8","26,9","16,6","27,4","25,7","17,3","15,5",57,50,53,111,"7,3","2,7"
2022/11/01,1600 UTC,0,"885,5","886,2","885,5","1419,4","25,6","16,2","27,3","25,4","17,5","15,8",60,53,56,196,"7,5",3
2022/11/01,1700 UTC,0,"884,6","885,5","884,6","916,9","26,1","15,8","26,3","25,6","16,5","15,5",57,52,53,193,"7,5","1,8"
2022/11/01,1800 UTC,0,"884,5","884,6","884,2","824,6",25,"17,5","26,5",25,"17,7","15,3",63,51,63,244,"4,2","1,9"
2022/11/01,1900 UTC,"34,6","885,1","885,1","884,4","54,3","19,6","18,5",25,"19,1","18,5","17,6",94,63,94,332,"9,3","0,9"
2022/11/01,2000 UTC,"0,6",885,"885,1","884,7","124,5","20,7","19,6","20,7","19,6","19,6","18,5",94,94,94,265,"2,6","1,4"
2022/11/01,2100 UTC,0,"885,6","885,6",885,"226,6",21,"19,4","21,2","20,7","19,9","19,4",94,90,90,246,"3,4","1,3"
2022/11/01,2200 UTC,0,"886,3","886,3","885,6","4,8","21,4","19,4","21,4","20,9","19,4","19,1",90,88,88,199,4,"2,1"
2022/11/01,2300 UTC,0,"887,1","887,1","886,3","1,4",21,"19,1","21,5","20,9","19,5","18,8",89,87,89,157,"4,7","1,4"
2022/11/02,0000 UTC,0,"887,5","887,5","887,1","0,5","20,8",19,"21,1","20,7","19,2","18,9",89,89,89,209,5,"2,2"
2022/11/02,0100 UTC,0,"887,5","887,6","887,5",,"20,3","18,7","20,8","20,2",19,"18,5",90,89,90,205,5,"2,6"
2022/11/02,0200 UTC,0,"887,3","887,6","887,3",,"20,2","18,6","20,4","20,2","18,8","18,6",91,90,91,192,"8,1","3,6"
2022/11/02,0300 UTC,0,"886,8","887,3","886,8",,"19,5","18,2","20,2","19,5","18,6","18,1",92,90,92,196,"8,1","3,2"
2022/11/02,0400 UTC,0,"886,7","886,8","886,6",,19,"17,7","19,5",19,"18,2","17,7",93,92,92,184,"7,5","3,1"
2022/11/02,0500 UTC,0,886,"886,6",886,,"18,4","17,2",19,"18,4","17,7","17,2",93,92,93,201,"8,4","3,2"
2022/11/02,0600 UTC,"0,2","885,8","886,1","885,7",,"18,2","17,2","18,4","18,1","17,3","17,1",94,93,94,188,"7,2",3
2022/11/02,0700 UTC,0,"885,9","885,9","885,7",,"18,2","17,2","18,3","18,2","17,3","17,1",94,94,94,186,"7,5","3,2"
2022/11/02,0800 UTC,0,"886,3","886,3","885,9",,"18,2","17,1","18,3","18,1","17,2",17,94,93,93,185,"7,3","3,3"
2022/11/02,0900 UTC,1,887,887,"886,3","3,1","17,8","16,7","18,3","17,8","17,1","16,7",93,93,93,184,"6,7",3
2022/11/02,1000 UTC,"0,6","887,7","887,7",887,"66,1","17,6","16,5","17,8","17,6","16,7","16,5",94,93,93,195,7,"2,7"
2022/11/02,1100 UTC,1,"888,3","888,3","887,7","167,2","17,6","16,6","17,7","17,5","16,6","16,4",94,93,94,178,"6,4","2,4"
2022/11/02,1200 UTC,"0,2","888,9","888,9","888,3","476,8","18,1",17,"18,3","17,5","17,2","16,5",94,93,93,188,"5,3","1,8"
2022/11/02,1300 UTC,"0,4","889,1","889,1","888,9","509,3","18,3","16,9","18,4","18,1","17,2","16,8",93,92,92,183,"4,6","1,8"
2022/11/02,1400 UTC,"0,6","888,9","889,1","888,9",577,"18,4","17,1","18,6",18,"17,3","16,7",92,91,92,209,"5,6","2,8"
2022/11/02,1500 UTC,0,"888,2","888,9","888,2","1489,3","19,6","16,8","19,8","18,3","17,8","16,8",92,84,84,194,"5,5","2,3"
2022/11/02,1600 UTC,0,"887,4","888,2","887,4",724,"19,4","16,9","19,8","19,2","17,4","16,8",88,84,85,183,"4,3","1,6"
2022/11/02,1700 UTC,0,"886,5","887,4","886,5","600,2","19,6","17,1","19,8","19,3","17,6","16,8",87,84,85,181,"4,1","2,1"
2022/11/02,1800 UTC,0,"885,9","886,5","885,9","744,4","19,7","17,4","20,2","19,5","17,5",17,87,83,86,188,"4,8","2,7"
2022/11/02,1900 UTC,0,"885,7","885,9","885,7","642,7","20,1","17,2","20,2","19,4","17,5",17,87,83,83,181,6,"2,7"
2022/11/02,2000 UTC,0,"885,8","885,8","885,6","763,7","20,8","17,1",21,"20,1","17,7","16,9",84,79,80,174,"5,8","2,7"
2022/11/02,2100 UTC,0,"886,2","886,2","885,8","245,5","20,2","17,2","20,9","20,1","17,4",17,83,79,83,185,"5,9","2,6"
2022/11/02,2200 UTC,0,"886,9","886,9","886,2","10,5","19,4","16,9","20,2","19,4","17,2","16,8",85,83,85,195,"5,9","2,1"
2022/11/02,2300 UTC,0,"887,3","887,3","886,9",,"19,4","16,9","19,4","19,2",17,"16,8",86,85,86,197,"4,8","1,6"
2022/11/03,0000 UTC,0,"887,7","887,7","887,3",,"19,5","16,9","19,5","19,4",17,"16,9",86,85,85,173,"3,9","1,5"
2022/11/03,0100 UTC,0,"887,8","887,8","887,6",,"18,9","16,9","19,5","18,8",17,"16,7",88,85,88,175,"3,1",1
2022/11/03,0200 UTC,"2,8","887,4","887,8","887,4",,"18,6","17,1","19,3","18,6","17,2","16,9",91,87,91,201,"2,8","1,5"
2022/11/03,0300 UTC,"4,2","886,8","887,4","886,8",,"17,8","16,6","18,7","17,8","17,3","16,6",93,91,93,199,"7,1","3,9"
2022/11/03,0400 UTC,"2,4","886,2","886,8","886,2",,"17,5","16,4","17,8","17,4","16,7","16,3",94,93,94,192,"7,6","2,9"
2022/11/03,0500 UTC,"0,8","885,5","886,2","885,5",,17,"15,9","17,5",17,"16,4","15,9",94,93,93,199,"6,7","3,2"
2022/11/03,0600 UTC,0,"885,3","885,6","885,3",,"16,9","15,9",17,"16,9",16,"15,8",94,93,94,172,"6,7","2,8"
2022/11/03,0700 UTC,"0,2","885,4","885,4","885,2",,"16,9","15,9","17,1","16,9","16,1","15,9",94,94,94,144,"7,6","3,2"
2022/11/03,0800 UTC,0,"885,8","885,8","885,5",,"16,5","15,5","16,9","16,5","15,9","15,5",94,94,94,149,"6,9","3,3"
2022/11/03,0900 UTC,"0,2","886,5","886,5","885,8","2,4",16,"15,1","16,5",16,"15,5","15,1",95,94,95,148,"7,4","3,6"
2022/11/03,1000 UTC,0,"887,2","887,2","886,4","77,9",16,"15,2","16,1","15,9","15,3","15,1",95,95,95,154,"6,6","3,4"
2022/11/03,1100 UTC,"0,2","887,7","887,7","887,2","349,6","16,1","15,2","16,1","15,9","15,3","15,1",95,95,95,146,7,4
2022/11/03,1200 UTC,0,"888,1","888,1","887,7","470,3","16,1","15,2","16,2","15,9","15,4",15,95,94,94,138,"7,6","3,5"
2022/11/03,1300 UTC,"0,2","888,1","888,2","888,1","762,6","16,4","15,4","16,5","15,9","15,6",15,94,94,94,131,7,"3,2"
2022/11/03,1400 UTC,0,"887,9","888,1","887,9","1308,1","17,2","15,3","17,6","16,4","16,3","15,1",94,88,89,137,"6,1",3
2022/11/03,1500 UTC,0,"887,5","887,9","887,4","1657,4","18,5","15,5","18,6","16,8","16,1",15,90,81,83,117,"5,7","3,3"
2022/11/03,1600 UTC,0,"886,9","887,5","886,8","1805,1","19,2","15,4",20,"18,1","16,1",15,85,76,78,139,"6,3","2,8"
2022/11/03,1700 UTC,0,"886,1","886,9","886,1","1877,9","20,1",16,"20,7","18,9","16,9","15,2",81,74,77,126,"6,8","2,5"
2022/11/03,1800 UTC,0,"885,7","886,2","885,7","1059,5","19,8","15,4","20,2","19,5","15,8","15,1",77,75,76,168,"5,1","2,9"
2022/11/03,1900 UTC,0,"885,3","885,7","885,2","624,5","19,4","15,1","19,9","19,1","15,9","15,1",79,75,76,153,"5,7","2,8"
2022/11/03,2000 UTC,0,"885,6","885,6","885,2","316,9","18,5",15,"19,5","18,5","15,4","14,9",81,76,80,163,"7,1","2,9"
2022/11/03,2100 UTC,0,"886,2","886,2","885,5","68,7",17,"15,1","18,6",17,"15,4","14,9",89,80,88,150,"7,5","3,8"
2022/11/03,2200 UTC,0,"886,7","886,7","886,1",9,"16,8","15,1","17,2","16,7","15,4",15,90,88,90,127,"7,7","3,6"
2022/11/03,2300 UTC,0,"887,5","887,5","886,7",,"16,4","14,7","16,8","16,3","15,2","14,6",90,90,90,136,"7,6","3,3"
2022/11/04,0000 UTC,0,"887,7","887,8","887,4",,"16,3","14,7","16,5","16,3","14,9","14,7",90,89,90,135,"8,1","4,1"
2022/11/04,0100 UTC,0,"888,2","888,2","887,7",,"16,2","14,5","16,5","16,2","14,8","14,5",90,89,89,135,"7,5","3,8"
2022/11/04,0200 UTC,0,"888,1","888,2","888,1",,"15,8","14,6","16,3","15,8","14,6","14,4",92,89,92,141,"8,1","3,6"
2022/11/04,0300 UTC,0,"887,5","888,1","887,5",,"15,6","14,6","15,9","15,6","14,7","14,5",94,92,94,138,"7,6","3,6"
2022/11/04,0400 UTC,"0,2","886,4","887,5","886,4",,"15,2","14,3","15,6","15,2","14,6","14,2",94,94,94,142,8,"4,1"
2022/11/04,0500 UTC,"0,2","885,6","886,4","885,6",,"15,1","14,3","15,3","15,1","14,3","14,2",94,94,94,125,"7,6","3,6"
2022/11/04,0600 UTC,0,"885,2","885,6","885,2",,15,"14,1","15,2",15,"14,3","14,1",94,94,94,131,"7,2","3,5"
2022/11/04,0700 UTC,"0,2","885,4","885,5","885,2",,15,14,"15,1",15,"14,2",14,94,94,94,132,"7,2","3,2"
2022/11/04,0800 UTC,"0,4","885,5","885,6","885,4",,"14,9",14,"15,1","14,9","14,2",14,94,94,94,113,"7,1","3,9"
2022/11/04,0900 UTC,0,886,886,"885,5","6,8","14,8","13,9",15,"14,7",14,"13,8",94,94,94,116,"7,7","3,2"
2022/11/04,1000 UTC,"0,2","886,5","886,5",886,"184,3","14,5","13,4","14,9","14,4","13,9","13,4",94,93,93,107,"10,3",4
2022/11/04,1100 UTC,0,"887,3","887,3","886,5","457,9","14,8","13,4",15,"14,4","13,7","13,3",93,91,92,93,"9,4","4,3"
2022/11/04,1200 UTC,0,"887,6","887,7","887,3",710,"15,4","13,5","15,8","14,8","14,1","13,4",92,88,88,104,"8,6","3,9"
2022/11/04,1300 UTC,0,"887,7","887,8","887,6","1002,2","16,8","13,3","17,2","15,4",14,"13,2",89,79,80,99,"7,5","3,3"
2022/11/04,1400 UTC,0,"887,3","887,7","887,3","1555,1","18,4","13,4","18,8","16,8","14,3","13,3",81,71,73,98,"6,6","3,5"
2022/11/04,1500 UTC,0,"886,9","887,4","886,8","1504,3","19,1","13,9","19,6",18,"14,5","13,2",77,68,72,108,"6,6","3,5"
2022/11/04,1600 UTC,0,"886,3","886,9","886,3","2425,9","20,5","13,4",21,"19,1","14,4","13,3",72,64,64,108,7,"3,5"
2022/11/04,1700 UTC,0,"885,7","886,3","885,7","1797,6","21,1",14,"21,6","20,2","14,6","13,1",68,62,64,100,7,3
2022/11/04,1800 UTC,0,"885,2","885,7","885,2","2113,4","21,9","14,5","22,3","20,8","14,8","13,3",66,59,63,116,"5,9","3,5"
2022/11/04,1900 UTC,0,885,"885,2",885,"992,5","21,1",14,"21,8",21,"14,5","13,6",65,62,64,113,"6,2","2,7"
2022/11/04,2000 UTC,0,"885,2","885,2",885,"1325,4",21,"14,3","22,6",21,"14,8","13,7",65,58,65,109,"6,1","3,2"
2022/11/04,2100 UTC,0,"885,6","885,6","885,2","255,1","19,8","14,3","21,1","19,8","14,4",14,71,65,71,100,"6,9","3,9"
2022/11/04,2200 UTC,0,886,"886,1","885,6","10,3",19,"14,1","19,8","18,9","14,4","13,9",74,70,74,104,"6,8","3,4"
2022/11/04,2300 UTC,0,"886,6","886,6",886,,"18,1","14,5",19,"18,1","14,5","14,1",79,74,79,126,"6,6","3,3"
2022/11/05,0000 UTC,0,"887,1","887,1","886,6",,"17,4","14,2","18,1","17,4","14,5","14,2",81,79,81,110,8,"3,1"
2022/11/05,0100 UTC,0,"887,5","887,5","887,1",,17,"14,2","17,5","16,9","14,3","14,2",84,81,84,107,"7,1","2,8"
2022/11/05,0200 UTC,0,"887,4","887,6","887,4",,"16,6",14,17,"16,5","14,2",14,85,84,85,109,"5,3","1,9"
2022/11/05,0300 UTC,0,"886,7","887,4","886,7",,17,"13,6",17,16,14,"13,6",86,81,81,73,"3,3","1,5"
2022/11/05,0400 UTC,0,886,"886,7",886,,"15,8","13,7","17,1","15,8","13,7","13,4",87,80,87,41,"2,9","0,7"
2022/11/05,0500 UTC,0,"885,3",886,"885,3",,"14,4","12,7","16,3","14,3",14,"12,3",90,82,90,135,"2,9","1,1"
2022/11/05,0600 UTC,0,"884,8","885,3","884,8",,"13,9","12,7","14,8","13,7","13,6","12,4",93,90,92,108,"1,7","0,6"
2022/11/05,0700 UTC,0,"885,1","885,1","884,7",,"13,6","12,6","14,6","13,3","13,6","12,2",94,92,93,64,"1,5","0,4"
2022/11/05,0800 UTC,0,"885,4","885,4","885,1",,"15,6","14,4","15,6","13,3","14,4","12,3",94,93,93,93,3,"1,8"
2022/11/05,0900 UTC,0,"885,9","885,9","885,4","22,1","15,8","13,5","16,1","15,6","14,4","13,4",92,86,86,100,"4,3","1,9"
2022/11/05,1000 UTC,0,"886,6","886,6","885,9","344,6","16,4",14,"16,5","15,8",14,"13,5",87,84,85,97,"6,1","2,8"
2022/11/05,1100 UTC,0,"887,4","887,4","886,6","881,4","17,2","14,4","17,5","16,4","14,7","13,9",86,82,84,95,"5,8","3,4"
2022/11/05,1200 UTC,0,"887,9","887,9","887,4","1716,9","19,4","14,5",20,"17,2","15,2","14,3",84,71,73,58,"6,1","3,1"
2022/11/05,1300 UTC,0,888,"888,1","887,9","2770,4","21,7","14,3","21,8","18,8","15,8","14,2",76,62,63,77,"6,8","3,8"
2022/11/05,1400 UTC,0,"887,7",888,"887,6",3281,"22,8","13,8",23,"21,3","15,3","13,4",65,57,57,60,"6,8","3,2"
2022/11/05,1500 UTC,0,"887,2","887,7","887,2","2768,7","23,3","13,3","23,9","22,5","14,4","12,8",59,51,53,118,"6,6","1,4"
2022/11/05,1600 UTC,0,"886,4","887,2","886,4","1829,6","24,2","13,1","24,6",23,"14,4","12,7",55,50,50,118,"5,7","2,5"
2022/11/05,1700 UTC,0,"885,5","886,4","885,5","1991,4","24,3","12,1","26,4","23,6","14,1","11,9",52,43,47,16,5,"2,1"
2022/11/05,1800 UTC,0,"884,8","885,5","884,8","1615,5","25,2","12,3","25,8","24,1","13,3","11,7",49,43,45,342,"4,4","1,4"
2022/11/05,1900 UTC,0,"884,6","884,8","884,6","950,2",25,"12,4","25,9","24,6",13,"11,8",48,43,46,64,"3,4","1,3"
2022/11/05,2000 UTC,0,"884,7","884,7","884,4","436,2","23,9","13,6",25,"23,9","13,9","12,2",54,45,53,141,"4,7","2,4"
2022/11/05,2100 UTC,0,"885,2","885,2","884,7","186,4","23,1","14,1","23,9","23,1","14,1","13,6",57,53,57,116,"4,7","2,2"
2022/11/05,2200 UTC,0,"885,7","885,7","885,2","8,1","22,5","14,1","23,1","22,5","14,2","13,8",59,56,59,115,"4,4","1,9"
2022/11/05,2300 UTC,0,"886,1","886,1","885,7",,"21,7","14,1","22,5","21,7","14,2","13,9",62,58,62,112,"4,4","2,3"
2022/11/06,0000 UTC,0,"886,6","886,6","886,1",,"21,2","13,7","21,7","21,1","14,1","13,6",63,61,62,96,"6,4","3,1"
2022/11/06,0100 UTC,0,"886,9","886,9","886,5",,"20,6",14,"21,2","20,4","14,1","13,6",67,62,66,85,"5,6","3,1"
2022/11/06,0200 UTC,0,"887,1","887,2","886,9",,"20,2","13,6","20,7",20,14,"13,6",68,65,66,98,"5,7","2,7"
2022/11/06,0300 UTC,0,"886,7","887,1","886,7",,"19,6","13,7","20,2","19,6","13,8","13,5",69,65,69,115,"5,6","1,6"
2022/11/06,0400 UTC,0,"886,1","886,7","886,1",,"19,3","13,2","19,6","18,8","13,7","13,1",72,67,68,113,"4,2","2,1"
2022/11/06,0500 UTC,0,"885,7","886,1","885,7",,"18,6","13,5","19,4","18,6","13,5","13,1",72,67,72,121,"3,9","0,7"
2022/11/06,0600 UTC,0,"885,6","885,8","885,6",,"18,6","13,5","19,1","18,4","13,7","13,2",74,69,72,346,"4,5","2,2"
2022/11/06,0700 UTC,0,"885,3","885,6","885,3",,"18,2",14,"18,6","18,1",14,"13,5",76,72,76,54,"4,4",2
2022/11/06,0800 UTC,0,"885,6","885,6","885,3",,"17,5","13,9","18,2","17,5","14,1","13,9",79,76,79,18,"4,9","1,4"
2022/11/06,0900 UTC,0,886,886,"885,6","13,9","15,7","13,8","17,5","15,6",14,"13,5",89,79,89,7,"2,2","0,2"
2022/11/06,1000 UTC,0,"886,9","886,9",886,"554,3","20,6","14,2","20,6","15,7","15,1","13,8",90,66,67,14,"2,8","1,4"
2022/11/06,1100 UTC,0,"887,7","887,7","886,9","1391,2","22,2","13,3","22,7","20,4","14,1",13,67,56,57,21,"5,7","2,1"
2022/11/06,1200 UTC,0,"888,3","888,3","887,7","1744,9","23,5","12,7","23,7",22,"14,1","12,2",60,50,51,49,"7,2","3,2"
2022/11/06,1300 UTC,0,"888,6","888,6","888,3","2443,1","22,8",14,"23,9","21,9","14,3",12,60,48,58,66,"7,3","2,7"
2022/11/06,1400 UTC,0,888,"888,6",888,"3413,6","24,2",14,"25,1","22,8","14,5","13,3",58,50,53,36,"6,7","2,6"
2022/11/06,1500 UTC,0,"887,5",888,"887,5","3296,3","25,1","13,1","26,7","24,2","14,6","12,9",53,45,47,45,"6,7","2,2"
2022/11/06,1600 UTC,0,"886,7","887,5","886,7","2524,2",26,"12,8","27,3","24,8","14,4","12,7",51,42,44,39,"5,7","1,5"
2022/11/06,1700 UTC,0,"885,7","886,7","885,7","1832,3","26,1","13,3","27,1","25,5","14,2","12,9",47,43,45,47,"6,4","1,8"
2022/11/06,1800 UTC,0,"885,6","885,8","885,2","1390,9","22,1","15,3",28,"21,8","15,3","12,4",66,41,65,170,"7,4","4,3"
2022/11/06,1900 UTC,0,"885,3","885,6","885,3","2382,9","23,2","13,9","24,8","22,2","15,8","13,7",65,54,56,101,8,4
2022/11/06,2000 UTC,0,"885,1","885,3","884,8","780,2",23,"14,5","23,7","22,2",15,14,63,56,59,113,"7,2","2,6"
2022/11/06,2100 UTC,0,"885,4","885,5",885,"644,7","21,6","15,7","23,9","21,6","15,7",14,69,54,69,358,"6,8","3,4"
2022/11/06,2200 UTC,0,"886,3","886,3","885,5","13,6","20,9","15,1","21,7",20,"15,7","14,4",73,64,69,12,"5,2","1,4"
2022/11/06,2300 UTC,0,"886,6","886,6","886,3",,"19,9",15,21,"19,9","15,4","14,8",73,69,73,355,"3,8","1,3"
2022/11/07,0000 UTC,0,887,887,"886,6",,"19,1","15,1","19,9","18,3","15,3","14,5",80,73,78,148,"2,7","1,4"
2022/11/07,0100 UTC,0,"887,7","887,8",887,,"19,9","15,4",20,"19,1","15,5","14,8",77,72,75,105,5,"1,6"
2022/11/07,0200 UTC,0,888,888,"887,7",,"18,8","14,1","19,9","18,8","15,5","14,1",77,73,74,10,"5,6","1,7"
2022/11/07,0300 UTC,0,"887,5",888,"887,5",,"18,4","14,4",19,"18,1","14,5","14,2",78,74,77,160,"3,6","1,4"
2022/11/07,0400 UTC,0,"886,6","887,5","886,6",,"19,1","14,3","19,4","18,2","14,5","14,2",78,72,74,47,"3,1","1,5"
2022/11/07,0500 UTC,0,"885,8","886,6","885,8",,"18,4","14,8","19,1","18,4","14,8","14,3",80,74,80,40,"3,4","1,8"
2022/11/07,0600 UTC,0,"885,2","885,8","885,2",,"18,3","14,7","18,9","18,2",15,"14,6",81,77,80,47,"3,3","1,5"
2022/11/07,0700 UTC,0,"885,2","885,2","885,1",,"18,3","14,6","18,6","18,2","14,8","14,6",80,78,79,55,"4,9","1,6"
2022/11/07,0800 UTC,0,"885,6","885,6","885,1",,19,"14,2","19,1","18,2","14,7","14,2",80,73,74,69,4,2
2022/11/07,0900 UTC,0,"886,3","886,3","885,6","24,8","18,7","14,5","19,1","18,6","14,5","14,1",76,73,76,100,"5,5","1,6"
2022/11/07,1000 UTC,0,887,887,"886,3","553,6","20,2","14,8","20,2","18,7","15,1","14,5",76,71,71,70,"5,5","2,8"
2022/11/07,1100 UTC,0,"887,8","887,8",887,1302,"21,5","15,4","22,2","20,1","15,7","14,7",72,65,68,39,"5,4",2
2022/11/07,1200 UTC,0,"888,3","888,3","887,8","2247,2","23,6",15,"23,9","21,5","15,8","14,8",69,58,59,8,"6,6","3,3"
2022/11/07,1300 UTC,0,"888,4","888,5","888,3","3212,7","25,1",15,"25,4","23,5","16,1","14,3",59,53,53,30,"7,6","3,5"
2022/11/07,1400 UTC,0,"888,1","888,4","888,1","2062,3","26,3","14,8","26,9","24,2",16,"14,5",57,49,49,3,8,4
2022/11/07,1500 UTC,0,"887,6","888,1","887,6","3378,2","27,4","13,6","28,1","25,1","15,5","12,6",53,41,43,339,"7,4","3,2"
2022/11/07,1600 UTC,0,"886,7","887,6","886,7","3150,3","27,4","12,6","29,1","26,2","13,9","11,6",45,35,40,325,"7,6","2,4"
2022/11/07,1700 UTC,0,"885,7","886,7","885,7","2836,3","29,2","11,2","29,8","27,4","13,1","9,6",41,32,33,313,"6,3",3
2022/11/07,1800 UTC,0,"884,8","885,7","884,8","1917,8","28,3","10,5","29,8",28,"11,7","9,9",36,31,33,294,7,3
2022/11/07,1900 UTC,0,"884,6","884,8","884,4","837,4","27,3","10,8","28,8","27,3","11,6","9,8",36,32,36,304,"6,5",3
2022/11/07,2000 UTC,0,"884,6","884,7","884,4","406,9",27,"13,1","27,3","26,4","14,3","10,9",47,36,42,310,6,2
2022/11/07,2100 UTC,0,"884,8","884,8","884,3","319,8","25,2","14,8",27,"25,2","14,9","12,8",53,42,52,331,"5,1","1,9"
2022/11/07,2200 UTC,0,"885,4","885,5","884,8","18,9","23,7","15,9","25,2","23,7","15,9","14,8",62,52,62,332,"4,8",2
2022/11/07,2300 UTC,0,"886,4","886,4","885,3",,"23,4","16,4","23,7","23,3","16,4","15,9",65,62,65,28,"4,3","1,5"
2022/11/08,0000 UTC,0,"886,9",887,"886,4",,"21,9","15,2","23,4","21,9","16,5","15,2",69,65,66,86,"7,5","3,1"
2022/11/08,0100 UTC,"4,6","888,5","888,5","886,8",,"18,3","16,5","21,9","18,1","16,5","15,3",89,66,89,119,"8,5","1,5"
2022/11/08,0200 UTC,0,"887,8","888,6","887,8",,"17,6","14,4","18,4","17,6","16,6","14,4",90,81,82,54,"7,4",3
2022/11/08,0300 UTC,"0,2","887,5","887,8","887,5",,"17,8","15,8",18,"17,4","15,8","14,3",88,80,88,58,"6,2","2,9"
2022/11/08,0400 UTC,0,887,"887,5",887,,"18,3","15,7","18,4","17,8","16,4","15,7",90,84,85,35,"5,2","1,2"
2022/11/08,0500 UTC,0,"886,2",887,"886,2",,"17,3","15,6","18,3","17,3","15,9","15,6",90,85,90,353,"2,7","1,2"
2022/11/08,0600 UTC,0,"885,7","886,2","885,6",,"16,7","15,5","17,4","16,5","15,9","15,1",92,90,92,351,"1,9","1,5"
2022/11/08,0700 UTC,0,"885,5","885,7","885,5",,"16,1","14,9","16,8","16,1","15,5","14,9",92,92,92,309,"1,9","0,4"
2022/11/08,0800 UTC,0,"885,9","885,9","885,5",,"16,2",15,"16,5","15,9","15,4","14,6",93,92,93,355,"2,3","1,1"
2022/11/08,0900 UTC,0,"886,4","886,4","885,8","13,5","17,3","15,9","17,3","15,7",16,"14,5",93,91,91,39,"2,3","1,2"
2022/11/08,1000 UTC,0,"887,2","887,2","886,4",401,"20,1","15,6","20,1","17,3",16,"15,2",91,75,75,17,"3,6","1,8"
2022/11/08,1100 UTC,0,"887,9","887,9","887,2","1337,3","22,1",15,"22,1","20,1","15,9","14,8",76,64,64,353,"3,8","2,1"
2022/11/08,1200 UTC,0,"888,5","888,5","887,9",2131,"23,6","16,4","24,3","22,1",17,"14,9",66,61,64,11,"4,5","2,4"
2022/11/08,1300 UTC,0,"888,6","888,7","888,4","2238,2","24,3",16,"25,5","23,5","17,1","15,6",64,57,60,351,"6,5","3,1"
2022/11/08,1400 UTC,0,"887,9","888,6","887,9","1485,1",26,"16,6",26,"24,1","17,1","15,7",62,56,56,358,"5,5","2,3"
2022/11/08,1500 UTC,0,"887,2","887,9","887,2",2328,27,"16,1","27,2","25,2","17,2","15,2",58,51,51,51,"6,3",2
2022/11/08,1600 UTC,0,886,"887,2",886,"2546,8","27,6","16,6","27,6","25,5","17,6","15,7",59,51,51,84,"8,5","2,8"
2022/11/08,1700 UTC,0,"884,8",886,"884,8","1540,3",27,"15,3","27,8","26,6","16,7",15,54,48,49,343,"8,8","4,9"
2022/11/08,1800 UTC,0,885,885,"884,6","1887,2","24,1",13,"28,3","24,1","16,7","12,8",52,44,50,230,"8,2","2,4"
2022/11/08,1900 UTC,0,"884,3",885,"884,1","642,4","23,6","14,6",24,"21,3","15,8","12,9",70,50,57,127,"8,3","2,2"
2022/11/08,2000 UTC,0,"885,4","885,4","883,9","407,9","22,2","14,7",24,"22,2","14,8","13,6",62,54,62,181,"3,9","1,2"
2022/11/08,2100 UTC,"10,6",886,"886,4","885,4","16,2",17,"15,7","22,2","16,9","15,9","14,4",92,62,92,157,"9,3",4
2022/11/08,2200 UTC,"18,6","887,5","887,7",886,0,"16,9","15,9","17,2","16,5","16,2","15,3",94,92,94,43,9,"4,3"
2022/11/08,2300 UTC,0,"888,1","888,2","887,3",1,"17,1","15,3","17,2","16,9","16,1","15,3",94,89,89,122,"9,3","4,1"
2022/11/09,0000 UTC,0,"888,9",889,"888,1","1,3","17,4","15,4","17,4","17,1","15,4","15,2",89,87,88,109,"6,9","2,1"
2022/11/09,0100 UTC,0,"889,3","889,3","888,8",,"17,3","15,5","17,8","17,2","15,5",15,89,85,89,138,"4,7","0,8"
2022/11/09,0200 UTC,0,"889,1","889,5","889,1",,"17,1","15,4","17,7","17,1","15,9","15,4",91,88,90,13,"3,2","0,9"
2022/11/09,0300 UTC,0,"888,3","889,1","888,3",,"16,9","15,4","17,3","16,6","15,6","14,9",92,89,91,349,"3,1","1,5"
2022/11/09,0400 UTC,0,"887,5","888,3","887,5",,"16,2",15,"16,9","16,1","15,3","14,9",93,90,93,39,"2,6","0,4"
2022/11/09,0500 UTC,0,"886,6","887,5","886,6",,"16,4","15,1","16,9","15,9","15,6","14,4",93,91,93,118,2,"0,7"
2022/11/09,0600 UTC,0,"886,6","886,7","886,5",,"15,8","14,7","16,7","15,7","15,7","14,6",94,92,93,182,"2,7","0,4"
2022/11/09,0700 UTC,0,"887,1","887,1","886,6",,17,"15,2","17,1","15,7",16,"14,6",94,89,89,46,"4,1","1,4"
2022/11/09,0800 UTC,0,"887,3","887,4","886,9",,"15,6","14,4",17,"15,6","15,2","14,4",92,89,92,299,"3,3","1,5"
2022/11/09,0900 UTC,0,"887,4","887,4","887,2","19,4","16,7","13,8",17,"14,9",15,"13,8",94,82,83,31,"2,9","1,3"
2022/11/09,1000 UTC,0,"887,8","887,8","887,4","504,4","18,7","14,8","18,7","16,4","15,4","13,8",89,77,78,11,"2,9","1,3"
2022/11/09,1100 UTC,0,"888,5","888,5","887,8","1512,7","21,1","14,8","21,2","18,7","15,2","14,1",79,66,67,11,"5,3",3
2022/11/09,1200 UTC,0,889,"889,1","888,6","1979,7","23,3","15,3","23,3",21,"15,9","14,4",69,59,61,343,"5,3","3,1"
2022/11/09,1300 UTC,0,889,"889,3",889,"3010,3","24,9","13,8","25,2","23,3","15,5","13,4",61,48,50,323,"6,5","2,3"
2022/11/09,1400 UTC,0,"888,5",889,"888,5","3410,5","26,4","13,4","26,9","24,8","14,7","12,3",51,42,45,318,"7,8","3,6"
2022/11/09,1500 UTC,0,"887,6","888,5","887,6","3740,9","26,7","12,9","28,4","26,3","14,6","11,6",46,39,42,323,"7,8","3,2"
2022/11/09,1600 UTC,0,"886,8","887,6","886,8","2159,5","26,9",13,"27,9","26,3","14,9","11,9",47,39,42,299,"6,8","2,2"
2022/11/09,1700 UTC,0,"885,9","886,8","885,9","2336,6","28,3","12,6","28,8","26,8","13,9","12,1",44,37,38,266,"6,4","1,4"
2022/11/09,1800 UTC,0,"884,9","885,9","884,9","2958,6","28,8",14,"29,7","27,9","14,3","12,2",42,36,41,312,"7,5","3,4"
2022/11/09,1900 UTC,0,"884,1","884,9","884,1","2073,2","28,4","15,2","29,8","27,7","15,3","13,1",47,37,45,334,"7,3","2,2"
2022/11/09,2000 UTC,0,"884,2","884,2","883,9",732,"27,6","15,1","28,7","26,8","15,4","14,1",48,42,46,324,"7,3","2,4"
2022/11/09,2100 UTC,0,"884,9",885,"884,2","604,7","26,3","14,8","27,8","26,3","15,7","14,6",50,46,49,291,"5,4","2,1"
2022/11/09,2200 UTC,0,"885,6","885,6","884,8","9,2",24,"9,9","26,3","23,2","14,9","9,9",52,41,41,26,"10,6",3
2022/11/09,2300 UTC,0,"886,2","886,3","885,6",,23,14,24,"22,8",14,"10,3",57,41,57,352,"5,6","1,5"
2022/11/10,0000 UTC,0,"886,7","886,7","886,2",,"22,1","15,8","23,3",22,"15,8","14,1",68,56,68,340,"4,7",2
2022/11/10,0100 UTC,0,"887,3","887,3","886,7",,"20,6",16,"22,1","20,6","16,2","15,8",75,67,75,358,"3,4","1,6"
2022/11/10,0200 UTC,0,"887,4","887,4","887,3",,"21,1","15,6","21,7","20,6","16,2","15,6",75,69,71,325,"4,2","1,4"
2022/11/10,0300 UTC,0,887,"887,4",887,,"20,7","15,5","21,1","20,5",16,"15,5",75,71,72,334,"3,9","2,1"
2022/11/10,0400 UTC,0,"886,6",887,"886,6",,"18,8","15,6","20,7","18,7","15,6","15,1",81,72,81,247,"3,6","1,2"
2022/11/10,0500 UTC,0,"886,2","886,6","886,1",,"18,7","16,1","19,1","18,2","16,1","15,2",85,80,85,288,2,"0,9"
2022/11/10,0600 UTC,0,"885,8","886,2","885,8",,"17,8","15,7","18,7","17,8","16,1","15,6",88,84,87,291,"1,8","1,3"
2022/11/10,0700 UTC,0,"885,9","885,9","885,7",,"18,7","16,4","18,7","17,7","16,5","15,6",88,86,87,111,"2,4","1,4"
2022/11/10,0800 UTC,0,"886,6","886,6","885,9",,"18,3","16,2","19,4","18,1","16,7","15,8",88,83,88,83,"2,6","0,7"
2022/11/10,0900 UTC,0,"887,1","887,1","886,6","28,1","17,7","15,7","19,1","17,6","16,4","15,1",89,83,88,320,"2,6","0,8"
2022/11/10,1000 UTC,0,"887,6","887,6","887,1","560,8","21,4","17,2","21,4","17,7","17,4","15,8",89,77,77,359,"2,7","1,8"
2022/11/10,1100 UTC,0,"888,2","888,2","887,6","1462,5","23,3","17,6","23,4","21,4",18,"17,3",78,70,70,337,"5,3","2,9"
2022/11/10,1200 UTC,0,"888,7","888,8","888,2","2305,7","25,2","18,2","25,9","23,4","18,4","17,3",70,62,65,2,"5,3","2,5"
2022/11/10,1300 UTC,0,"888,9","888,9","888,7",3191,27,"16,2","27,5",25,"18,8",15,67,47,52,37,"5,5","2,9"
2022/11/10,1400 UTC,0,"888,2","888,9","888,2","2445,5","27,4","14,6","27,8","26,5","16,8","14,2",53,45,46,3,7,"3,3"
2022/11/10,1500 UTC,0,"887,9","888,2","887,6","1832,4","26,8","15,4",29,"26,8","15,6","12,3",50,38,50,77,"8,4",3
2022/11/10,1600 UTC,"36,6","887,9","889,7","887,8","298,5","18,2",17,"26,8","15,7",17,"14,3",94,50,93,35,"13,9","3,5"
2022/11/10,1700 UTC,"0,2","885,7","887,9","885,7","2730,6","23,8","16,3",24,"18,1","17,7","15,1",93,61,63,49,"7,6","2,7"
2022/11/10,1800 UTC,0,"885,6","885,9","885,4","823,7","22,6","18,4","23,9","22,5","18,4","15,7",78,62,78,93,"7,2","4,1"
2022/11/10,1900 UTC,0,"885,3","885,7","884,9","213,2","22,6","18,5","22,7","22,4","18,7","18,1",79,76,77,119,"7,2","2,5"
2022/11/10,2000 UTC,0,"885,6","885,6","885,3","88,5","22,2","18,8","22,7","22,2","18,9","18,4",81,77,81,142,"4,2",2
2022/11/10,2100 UTC,0,"886,3","886,3","885,6","15,5","21,3",19,"22,2","21,3","19,2","18,9",87,81,87,204,"5,1","1,5"
2022/11/10,2200 UTC,"4,6","886,9",887,"886,2",,"19,8","18,1","21,5","19,8","19,1","18,1",90,84,90,214,"5,3","2,1"
2022/11/10,2300 UTC,"1,4","886,9",887,"886,5",,"18,8","17,2","19,8","18,7",18,17,91,89,91,321,4,"1,8"
2022/11/11,0000 UTC,0,"887,4","887,5","886,8",,"18,9","16,5","19,1","18,7","17,6","16,5",92,86,86,344,"3,9","1,7"
2022/11/11,0100 UTC,0,"887,7","887,9","887,3",,"18,6","16,4","18,9","18,5","17,1","16,4",90,86,87,354,5,"3,2"
2022/11/11,0200 UTC,0,"888,4","888,4","887,6",,"18,1","16,2","18,6","17,9","16,4","16,2",90,87,89,321,"5,6","2,4"
2022/11/11,0300 UTC,"1,2","888,8","888,8","888,4","0,2","16,9","15,4","18,1","16,9","16,2","15,3",91,87,91,353,"9,2","2,7"
2022/11/11,0400 UTC,"13,4","886,8","888,8","886,8",,"17,1","15,3","17,2","16,2","15,9","15,1",94,89,89,160,"7,5","1,3"
2022/11/11,0500 UTC,"0,2","886,2","886,9","886,2",,"16,6","14,7","17,4","16,5","15,3","14,7",90,87,89,48,"4,5","0,9"
2022/11/11,0600 UTC,0,"885,2","886,2","885,2",,"17,1","15,5","17,1",16,"15,6","14,4",92,89,90,86,"3,2","2,1"
2022/11/11,0700 UTC,0,"885,4","885,4","884,9",,"16,9","15,6","17,2","16,9","15,7","15,3",92,89,92,131,"3,4","1,2"
2022/11/11,0800 UTC,0,"885,8","885,8","885,3",,"16,6","15,5","16,9","16,2","15,7","14,9",94,92,93,121,"3,5","0,9"
2022/11/11,0900 UTC,0,"886,6","886,6","885,8","15,2","17,3","16,1","17,3","16,6","16,1","15,5",94,93,93,137,"2,7",1
2022/11/11,1000 UTC,0,"887,2","887,2","886,5",276,"18,5","16,9","18,5","17,3","16,9","16,1",93,91,91,123,"1,9","0,5"
2022/11/11,1100 UTC,0,"887,7","887,7","887,2","711,3","20,1","17,3","20,1","18,5","17,7","16,5",91,83,84,336,"2,4","1,2"
2022/11/11,1200 UTC,0,"888,1","888,1","887,7","2105,1","23,4","17,3","23,5","20,1","18,4","17,1",85,69,69,1,4,"1,4"
2022/11/11,1300 UTC,0,888,"888,3",888,"943,6","24,1","17,7","24,1","22,7","18,2",17,76,66,67,359,"3,4",2
2022/11/11,1400 UTC,0,"887,8",888,"887,7","2184,5","25,4","16,7","25,6",24,"18,4","16,7",68,59,59,353,"5,9","2,9"
2022/11/11,1500 UTC,0,"887,2","887,9","887,2",2703,"26,6","16,8",27,"25,2","17,3","15,8",61,52,55,354,"6,7","3,8"
2022/11/11,1600 UTC,0,"886,2","887,2","886,2",3586,"27,3","14,2","27,9","26,2","16,9","14,2",57,45,45,348,"6,9","3,3"
2022/11/11,1700 UTC,0,885,"886,2",885,"1625,9","26,9","15,1","27,9","26,5",16,"13,7",50,43,48,344,"6,4","2,3"
2022/11/11,1800 UTC,0,"884,7",885,"884,6","664,8","24,1","15,8","27,3","24,1","16,1","14,6",60,46,60,172,"5,1","2,8"
2022/11/11,1900 UTC,0,"884,4","884,8","884,3",612,22,17,"24,2","21,6","17,6","15,6",76,60,73,93,"9,4","5,5"
2022/11/11,2000 UTC,"3,6","884,5","884,9","884,1","141,3","19,4","17,4",22,"19,1","17,5","15,8",89,68,88,120,"9,4","0,6"
2022/11/11,2100 UTC,"1,6","885,9","885,9","884,5",51,"19,2","17,3","19,7","19,2","17,8","17,3",90,88,89,282,"4,4","1,8"
2022/11/11,2200 UTC,"2,4","885,7","886,1","885,7",,"18,9","17,3","19,2","18,7","17,5",17,92,88,91,64,"5,1","1,1"
2022/11/11,2300 UTC,0,"886,3","886,3","885,6",,"18,9","17,1","19,2","18,5","17,3","16,5",91,87,89,223,"6,4","2,9"
2022/11/12,0000 UTC,0,"886,5","886,6","886,3",,"18,8","16,5",19,"18,7","17,2","16,5",90,86,86,179,"5,6","0,9"
2022/11/12,0100 UTC,0,"886,9","886,9","886,5",,"17,4","15,7","18,8","17,4","16,8","15,7",90,86,90,23,"3,5","0,7"
2022/11/12,0200 UTC,0,"886,9",887,"886,8",,"17,7","16,3","18,6","17,4","17,2","15,8",92,90,92,11,"2,8","0,5"
2022/11/12,0300 UTC,0,"886,6",887,"886,6",,"17,4","16,1","18,2","17,4",17,"16,1",93,92,93,163,"3,4","0,8"
2022/11/12,0400 UTC,0,"886,2","886,6","886,1",,"16,7","15,7","17,4","16,4","16,2","15,3",94,92,94,219,"2,5","1,7"
2022/11/12,0500 UTC,0,"885,9","886,2","885,9",,"17,3","16,2","17,3","16,7","16,3","15,7",94,93,93,23,"2,7","0,7"
2022/11/12,0600 UTC,0,"885,2","885,9","885,2",,"17,2","16,2","17,4",17,"16,4","15,9",94,93,94,7,"1,2","0,7"
2022/11/12,0700 UTC,0,"885,9","885,9","885,2",,18,"16,3",18,"17,2","16,8","16,2",94,90,90,18,5,"2,1"
2022/11/12,0800 UTC,0,886,886,"885,8",,"17,5",16,"18,1","17,5","16,3",16,91,88,91,359,"4,5",2
2022/11/12,0900 UTC,0,"886,4","886,5",886,"11,8","17,7","16,6","17,7","17,2","16,6",16,93,91,93,344,"5,8","2,1"
2022/11/12,1000 UTC,0,"886,9","886,9","886,4","306,5","18,6","17,1","18,6","17,7","17,1","16,6",93,91,91,342,"4,8","2,6"
2022/11/12,1100 UTC,0,"887,3","887,3","886,9","633,7","19,8","17,5","19,9","18,6","17,7","17,1",91,86,86,344,"4,4","1,8"
2022/11/12,1200 UTC,0,"887,7","887,7","887,1","1548,3",22,17,"22,4","19,8","18,3","16,8",87,73,74,10,"4,2","2,5"
2022/11/12,1300 UTC,0,"887,8","887,8","887,6","1584,5","23,3","17,1","23,6","21,8",18,"16,6",76,66,68,17,"3,9","1,7"
2022/11/12,1400 UTC,0,"887,2","887,8","887,2","3404,4","25,7","15,9","26,2","23,3","17,6","15,5",68,53,55,33,"4,5","2,3"
2022/11/12,1500 UTC,0,"887,1","887,4",887,551,"20,5","16,9","25,7","20,3",17,15,81,54,80,247,"7,3","2,9"
2022/11/12,1600 UTC,0,"885,9","887,1","885,8","1386,2","22,7","16,3","22,9","20,5","17,3","15,8",80,66,67,316,"5,3","0,9"
2022/11/12,1700 UTC,0,"884,8","885,9","884,7","575,4","22,6","17,5",23,"22,5","17,5","16,3",73,66,73,191,"2,3","0,9"
2022/11/12,1800 UTC,0,"884,4","884,8","884,4","530,1","21,8","16,7","22,9","21,7",18,"16,6",76,70,73,183,"4,2",2
2022/11/12,1900 UTC,0,"884,2","884,4",884,"310,1","21,4","17,2","21,8","21,4","17,2","16,6",77,73,77,187,4,"1,7"
2022/11/12,2000 UTC,0,"884,4","884,4",884,"298,3","21,5","17,6","21,5","21,2","17,6","16,8",79,75,78,183,4,1
2022/11/12,2100 UTC,0,"885,1","885,1","884,4","98,7","20,6","17,5","21,6","20,6","17,7","17,1",83,77,82,326,"2,8",1
2022/11/12,2200 UTC,"0,2","885,8","885,8",885,,"19,3","17,1","20,6","19,3","17,7","17,1",88,82,87,345,"7,1","2,5"
2022/11/12,2300 UTC,"0,6","886,4","886,4","885,8",,"18,3","16,6","19,3","18,3","17,1","16,6",90,87,90,306,"4,7","1,4"
2022/11/13,0000 UTC,"0,2","886,8","886,8","886,4",,"18,2","16,9","18,3","18,1","16,9","16,7",92,90,92,303,"2,4","1,2"
2022/11/13,0100 UTC,0,"887,3","887,3","886,8",,"18,2",17,"18,4","18,1","17,1","16,8",92,92,92,9,"2,1","0,5"
2022/11/13,0200 UTC,0,"886,9","887,3","886,9",,18,"16,8","18,4",18,"17,2","16,8",93,92,92,317,"1,2","0,6"
2022/11/13,0300 UTC,0,"886,4","886,9","886,4",,"18,3","17,2","18,4",18,"17,3","16,8",93,92,93,4,"1,2","0,8"
2022/11/13,0400 UTC,0,"885,6","886,4","885,6",,"18,4","17,1","18,4","18,1","17,2",17,93,92,92,34,"2,1",1
2022/11/13,0500 UTC,0,"884,8","885,6","884,8",,"18,6","16,7","18,7","17,9","17,1","16,6",93,89,89,63,"2,8","1,3"
2022/11/13,0600 UTC,0,"883,9","884,8","883,9",,18,"16,2","18,6",18,17,"16,2",91,88,89,40,"4,3","1,5"
2022/11/13,0700 UTC,0,"884,2","884,3","883,9",,"17,6","16,4","18,1","17,5","16,4",16,93,89,93,335,"3,1","1,4"
2022/11/13,0800 UTC,0,885,885,"884,2",,"17,5","16,5","17,6","17,2","16,5","16,1",94,93,94,71,"2,8","1,1"
2022/11/13,0900 UTC,0,"885,4","885,4",885,"8,4","18,2","16,7","18,2","17,5",17,"16,4",94,91,91,139,"2,7","1,6"
2022/11/13,1000 UTC,0,"886,1","886,1","885,4","242,8","18,8","17,3","18,8","18,2","17,3","16,7",92,91,91,115,"3,1","1,3"
2022/11/13,1100 UTC,0,"886,1","886,1","885,8","806,6",20,"17,7",20,"18,8","17,9","17,2",91,86,87,114,"3,7",2
2022/11/13,1200 UTC,0,"886,2","886,3","886,1","2332,9","22,9","16,6","22,9","20,1","18,2","16,6",87,68,68,21,"3,7","1,1"
2022/11/13,1300 UTC,0,"886,3","886,3","886,1","3043,1","25,1","16,8","25,2","22,8","17,8","16,2",71,58,60,14,"3,5","1,8"
2022/11/13,1400 UTC,0,"885,8","886,3","885,8","3416,4","25,8","15,6","26,5","24,5","17,1",15,62,50,53,72,"4,4","1,8"
2022/11/13,1500 UTC,0,"885,4","885,8","885,4","3084,2","27,1","15,9","27,4","25,8","16,9","15,2",56,48,50,355,"6,8","2,7"
2022/11/13,1600 UTC,0,"884,4","885,4","884,4","3544,4","28,2","14,3","28,7","26,8","16,2","13,1",50,40,43,338,"7,6","2,5"
2022/11/13,1700 UTC,0,"883,5","884,4","883,4","3245,5","28,6","14,4","29,3","27,3","15,9","12,7",46,38,42,333,"7,1","2,4"
2022/11/13,1800 UTC,0,"883,1","883,5","883,1","2652,5","26,8","17,5","29,2",26,"17,8","13,6",58,39,57,7,"8,8","5,1"
2022/11/13,1900 UTC,0,883,"883,1","882,8","2534,1","28,1","15,6","28,6","26,8","17,2",15,57,45,47,346,"8,8","3,5"
2022/11/13,2000 UTC,0,"883,1","883,2","882,8","520,5","25,4",17,"28,1","25,3",17,"15,2",60,46,60,20,"6,9","3,1"
2022/11/13,2100 UTC,0,"883,7","883,8",883,"179,4","22,5","16,5","25,5","22,5","17,3","16,5",70,59,69,343,"12,3",4
2022/11/13,2200 UTC,0,"883,8","883,8","883,7","16,9","21,9","16,6","22,5","21,9","16,7","16,2",72,68,72,331,"6,5","2,2"
2022/11/13,2300 UTC,0,"884,7","884,7","883,8",,"21,8","16,6","22,1","21,7",17,"16,6",74,72,73,351,"4,1","2,1"
2022/11/14,0000 UTC,0,"885,6","885,6","884,7",,"21,2","16,1","21,8","21,2","16,6","16,1",73,71,72,333,"3,8","1,9"
2022/11/14,0100 UTC,0,"886,1","886,1","885,6",,"20,3","16,3","21,2","20,1","16,4",16,78,72,78,321,"3,4","1,5"
2022/11/14,0200 UTC,0,"886,1","886,2",886,,21,"16,6",21,"20,3","16,6","16,3",78,76,76,342,"3,9","2,2"
2022/11/14,0300 UTC,0,"885,4","886,1","885,4",,"20,6","16,5","21,2","20,6","16,7","16,5",77,75,77,329,"3,5",2
2022/11/14,0400 UTC,0,"885,1","885,5",885,,"20,8","16,7","20,8","20,6","16,7","16,5",78,77,78,309,"3,4","1,2"
2022/11/14,0500 UTC,0,"884,9","885,1","884,9",,"20,8","16,6",21,"20,7","16,8","16,6",78,77,77,319,"2,6",1
2022/11/14,0600 UTC,0,"884,7","884,9","884,7",,"20,7","16,6","20,8","20,6","16,9","16,6",79,77,78,303,"2,9","1,4"
2022/11/14,0700 UTC,0,885,885,"884,7",,"20,3","16,4","20,8","20,3","16,7","16,4",78,77,78,319,"3,1","1,1"
2022/11/14,0800 UTC,0,885,885,"884,8",,"19,3","16,2","20,3","19,3","16,7","16,1",83,78,82,306,3,"1,4"
2022/11/14,0900 UTC,0,"885,8","885,8",885,"23,7","19,1","16,6","19,4",19,"16,7","16,1",86,82,85,288,"2,4","0,4"
2022/11/14,1000 UTC,0,"886,6","886,6","885,8",303,"21,9","17,4","21,9","19,1","17,5","16,6",86,76,76,276,"1,6","0,6"
2022/11/14,1100 UTC,0,"886,9",887,"886,6","1333,9","24,9",18,"24,9","21,9",18,"17,1",75,66,66,292,"5,7","2,7"
2022/11/14,1200 UTC,0,"887,1","887,1","886,7","1610,5","25,1","16,7","25,2","24,3","17,9","16,4",66,59,60,281,"5,4","1,4"
2022/11/14,1300 UTC,0,887,"887,1",887,"1945,1","25,8","15,5","26,8","24,9",17,"15,4",60,51,53,282,"5,9","2,4"
2022/11/14,1400 UTC,0,"886,5","887,1","886,5","1265,1","25,5","16,1","26,6","25,5","16,8","14,9",57,50,56,313,"5,3","2,3"
2022/11/14,1500 UTC,1,"885,9","886,5","885,9","860,1","24,4","18,3","25,5","22,4","18,6","15,9",76,56,69,123,"6,2","1,4"
2022/11/14,1600 UTC,0,885,"885,9",885,"1573,8","26,8","17,5","26,9","23,4","18,9","16,7",75,54,57,43,4,"0,8"
2022/11/14,1700 UTC,"0,2","884,4",885,"884,4","596,1","25,2","17,9","26,8","24,2",18,"16,4",68,53,64,191,"5,5","1,5"
2022/11/14,1800 UTC,"0,6","884,3","884,4",884,"676,9","22,9","17,8","25,5","22,8","18,3","17,4",75,61,73,158,"6,4","1,3"
2022/11/14,1900 UTC,0,"884,4","884,6","884,2","448,9",21,"18,2","22,9",21,"18,3",17,84,72,84,97,"5,3","2,4"
2022/11/14,2000 UTC,0,885,885,"884,3","411,8","19,8","17,7","21,2","19,8","18,3","17,6",88,82,88,73,"6,1","3,6"
2022/11/14,2100 UTC,"6,2","885,9","885,9","884,9","59,9","19,1","17,9","19,8","19,1",18,"17,7",93,88,92,118,"6,3","2,1"
2022/11/14,2200 UTC,"4,8",886,886,"885,4","3,9","19,1","17,6","19,3","18,9","17,9","17,6",93,90,91,29,6,1
2022/11/14,2300 UTC,2,"887,5","887,5",886,,"19,1","17,8","19,3",19,18,"17,5",93,91,93,129,"2,8","1,4"
2022/11/15,0000 UTC,4,888,888,"887,5",,"18,8","17,6","19,1","18,8","17,9","17,6",93,93,93,339,"2,5","0,6"
2022/11/15,0100 UTC,"4,8","888,3","888,3",888,,"18,8","17,7","18,9","18,7","17,9","17,6",94,93,93,356,"3,4","2,3"
2022/11/15,0200 UTC,"1,8","888,2","888,4","888,2",,"18,6","17,6","18,8","18,6","17,7","17,6",94,93,94,342,"4,9","2,5"
2022/11/15,0300 UTC,0,"887,7","888,2","887,7",,"18,5","17,5","18,6","18,5","17,6","17,5",94,94,94,352,"5,1","3,1"
2022/11/15,0400 UTC,0,"887,3","887,7","887,3",,"18,4","17,5","18,5","18,4","17,5","17,4",94,94,94,331,"4,5","1,9"
2022/11/15,0500 UTC,0,"886,5","887,3","886,5",,"18,4","17,4","18,4","18,4","17,5","17,4",94,94,94,333,"3,8","2,1"
2022/11/15,0600 UTC,0,"886,3","886,5","886,3",,"18,1","17,1","18,4","18,1","17,4","17,1",94,94,94,307,"3,8","1,1"
2022/11/15,0700 UTC,"0,2","886,1","886,3","886,1",,"17,9","16,8","18,1","17,8","17,1","16,7",94,93,93,335,"2,1","1,5"
2022/11/15,0800 UTC,0,886,"886,1","885,9",,"17,4","16,2",18,"17,2","16,8",16,93,92,93,344,"2,2",1
2022/11/15,0900 UTC,0,"886,4","886,4",886,"14,7","17,8","16,6","17,8","17,1","16,6",16,94,93,93,352,"3,1","1,8"
2022/11/15,1000 UTC,0,"887,1","887,2","886,3","381,9","19,4","17,4","19,4","17,8","17,4","16,6",93,87,88,275,"3,1","0,9"
2022/11/15,1100 UTC,0,888,888,"887,1","992,3","20,9","17,6","20,9","19,4","17,8",17,88,80,82,328,"2,1","1,3"
2022/11/15,1200 UTC,0,"888,5","888,5",888,"1931,4","23,1","18,3","23,4","20,8","18,9","17,3",83,73,74,330,"4,4","2,4"
2022/11/15,1300 UTC,0,"888,2","888,5","888,2","3122,7","25,6","17,7","25,6","23,1","18,9","16,2",76,58,62,327,"5,6","1,4"
2022/11/15,1400 UTC,0,"887,9","888,2","887,9","3346,1","26,4","15,9","27,8","25,6","17,4","14,9",62,48,53,16,"3,7","1,3"
2022/11/15,1500 UTC,"5,4","887,7",888,"887,6","1648,1","20,9","17,9","27,6","20,9",18,"15,7",83,52,83,11,"9,1","3,1"
2022/11/15,1600 UTC,"46,2","887,5","888,1","887,1","140,5","19,4","18,3","21,5","18,2","18,3","16,7",94,78,94,21,"14,7","2,5"
2022/11/15,1700 UTC,"14,4","886,9","887,5","886,8","203,3","19,2",18,"19,5","18,7","18,3","17,3",94,91,93,152,"6,4","1,6"
2022/11/15,1800 UTC,"1,6","885,8","886,9","885,8","391,5","20,4","18,8","20,4","19,1","18,8","17,7",93,90,90,346,"5,5","0,8"
2022/11/15,1900 UTC,"0,4","885,8","885,9","885,7","589,5","20,5","18,3","21,1","20,4","19,2","17,7",91,82,87,43,"5,8","2,8"
2022/11/15,2000 UTC,0,"885,9","885,9","885,4","797,7","21,2","18,3","21,4","20,3","18,9","18,1",89,82,83,13,"6,1","2,9"
2022/11/15,2100 UTC,"5,4","886,5","886,5","885,9","142,3","19,5","18,2","21,3","19,4","18,3","17,8",93,82,93,319,"7,9","2,5"
2022/11/15,2200 UTC,"26,2","887,4","887,5","886,5",2,"17,4","16,4","19,6","17,3","18,4",16,94,91,94,299,"7,8","2,2"
2022/11/15,2300 UTC,"2,6","887,4","887,6","887,2",,"17,6","16,6","17,6","17,4","16,6","16,4",94,94,94,311,4,"1,7"
2022/11/16,0000 UTC,"1,2","888,3","888,3","887,3",,"17,9","16,7",18,"17,6","16,8","16,5",94,92,93,287,"4,6","1,4"
2022/11/16,0100 UTC,"1,2","888,3","888,4","888,2",,18,"16,8","18,1","17,9","16,9","16,7",93,93,93,288,"2,8","0,8"
2022/11/16,0200 UTC,0,"887,6","888,3","887,6",,"18,1","17,1","18,2","17,9","17,1","16,7",93,93,93,84,"1,7","0,3"
2022/11/16,0300 UTC,"0,2","887,6","887,7","887,5",,"18,2","17,1","18,3","17,7","17,2","16,5",94,93,93,132,"3,6","0,8"
2022/11/16,0400 UTC,0,"886,8","887,6","886,8",,18,17,"18,2","17,5","17,2","16,5",94,93,94,124,2,"1,2"
2022/11/16,0500 UTC,0,"886,2","886,8","886,2",,"17,9","16,9",18,"17,5","17,1","16,5",94,94,94,337,"2,1","1,5"
2022/11/16,0600 UTC,0,"886,2","886,6","886,2",,18,17,"18,1","17,6","17,2","16,6",94,94,94,172,3,"1,3"
2022/11/16,0700 UTC,0,"886,2","886,4",886,,"17,5","16,5",18,"17,5",17,"16,5",94,94,94,52,"2,5","0,2"
2022/11/16,0800 UTC,0,"886,4","886,5","885,9",,"17,7","16,8","17,7","17,2","16,8","16,2",94,94,94,114,"2,1","1,1"
2022/11/16,0900 UTC,0,"886,5","886,5","886,4","27,5",18,"17,1",18,"17,2","17,1","16,3",95,94,95,77,"2,2","1,3"
2022/11/16,1000 UTC,0,"887,3","887,3","886,5","163,3","18,9","17,9","18,9",18,"17,9","17,1",95,94,94,328,"2,2","0,8"
2022/11/16,1100 UTC,0,"887,7","887,8","887,3","543,7","20,1",18,"20,2","18,9","18,3","17,5",94,86,88,58,"3,1","1,6"
2022/11/16,1200 UTC,0,"888,3","888,3","887,7",1649,"20,9","17,4","21,7","20,1","18,7","17,4",88,79,81,13,"4,4","2,6"
2022/11/16,1300 UTC,0,"888,4","888,5","888,3","2631,4","22,5","17,5","23,8","20,9","18,9","17,2",83,70,74,359,"5,1","1,8"
2022/11/16,1400 UTC,0,"888,1","888,4","888,1","2503,6","24,4","18,1",25,"22,4","18,7","17,2",77,66,68,12,"4,8","2,3"
2022/11/16,1500 UTC,0,"887,9","888,1","887,9","2009,5","23,9","17,3","24,9","23,4","18,8","17,3",73,65,67,353,"5,5","2,9"
2022/11/16,1600 UTC,0,"886,8","887,9","886,8","3689,3","25,8","17,3","27,2","23,7","18,6","16,2",69,55,59,346,"5,2","2,2"
2022/11/16,1700 UTC,0,886,"886,8",886,"1114,8","25,6","17,7","25,8","25,2","18,1","16,9",64,58,62,103,6,"1,7"
2022/11/16,1800 UTC,"3,4",885,886,885,"1643,6","25,7","16,3","25,8","22,2","18,6","14,2",80,51,56,52,5,"1,3"
2022/11/16,1900 UTC,0,"884,7",885,"884,6","1163,7","23,7","16,5",26,"23,7","17,3","14,3",65,49,64,352,"5,1","2,9"
2022/11/16,2000 UTC,0,"884,7","884,9","884,2","829,9","22,2","15,9","23,7","22,2","18,2","15,7",73,64,67,345,"6,6","3,1"
2022/11/16,2100 UTC,0,"885,8","885,9","884,5","87,7","19,2","16,4","22,2","19,2","18,1","15,9",84,67,84,298,"7,5","2,9"
2022/11/16,2200 UTC,"9,4","886,6","887,3","885,8",,18,"16,7","19,2","17,5","16,7","15,9",92,84,92,7,"7,5",2
2022/11/16,2300 UTC,"0,2","886,2","886,9","886,2",,"18,4","17,1","18,4",18,"17,1","16,7",92,91,92,327,"3,8","1,6"
2022/11/17,0000 UTC,0,"886,7","886,7","886,2",,"18,4","17,2","18,6","18,4","17,4","17,1",93,92,93,317,"4,1","1,4"
2022/11/17,0100 UTC,0,"887,4","887,4","886,7",,"18,9","17,7","18,9","18,4","17,7","17,2",93,93,93,142,"2,9","0,4"
2022/11/17,0200 UTC,"0,2","887,1","887,4","887,1",,"18,4","17,3",19,"18,4","17,8","17,2",93,93,93,280,"1,6","0,9"
2022/11/17,0300 UTC,0,"886,6","887,1","886,6",,"17,9","16,7","18,5","17,9","17,4","16,7",93,92,92,24,"1,7","0,8"
2022/11/17,0400 UTC,0,"886,2","886,6","886,2",,"17,7","16,7",18,"17,2","16,9","16,1",94,92,94,330,"2,9","1,4"
2022/11/17,0500 UTC,0,"885,9","886,2","885,9",,"17,2","16,1",18,"17,2","16,9",16,94,93,93,182,"2,7","0,7"
2022/11/17,0600 UTC,0,"885,3","885,9","885,3",,"16,8","15,9","17,2","16,6",16,"15,6",94,93,94,15,"1,6","0,5"
2022/11/17,0700 UTC,0,"885,2","885,3","885,2",,"16,7","15,8",17,"16,6",16,"15,6",94,94,94,316,"1,3","0,7"
2022/11/17,0800 UTC,0,"885,1","885,2",885,,"17,1","16,2","17,2","16,4","16,3","15,5",94,94,94,98,"2,1","1,5"
2022/11/17,0900 UTC,0,"885,5","885,5",885,"27,2","17,1","16,2","17,4","16,5","16,5","15,6",95,94,94,27,"2,1","0,9"
2022/11/17,1000 UTC,0,"886,7","886,7","885,5","419,6","18,9","17,1",19,"17,1","17,6","16,3",95,89,89,126,"6,4",2
2022/11/17,1100 UTC,0,"887,2","887,2","886,6","921,9","19,7","17,4","19,7","18,9","17,6","16,9",90,87,87,146,"5,5","2,1"
2022/11/17,1200 UTC,0,"887,4","887,5","887,2","1718,1","21,7","17,5","21,9","19,6","18,2",17,87,77,77,133,"3,7",2
2022/11/17,1300 UTC,0,887,"887,4",887,"3041,3","23,3","18,1","23,3","21,4","18,5","17,2",79,70,73,128,"3,7","1,7"
2022/11/17,1400 UTC,0,"886,7",887,"886,7","3563,2","26,3","17,3","26,3","23,3","18,6","15,9",73,54,58,100,"3,9",2
2022/11/17,1500 UTC,0,"886,2","886,7","886,2","3861,2","27,1","15,9","27,5","25,4","17,4","14,1",59,45,51,96,"5,6",3
2022/11/17,1600 UTC,0,"885,3","886,2","885,3","3029,8","27,5","17,2","27,5","25,7","17,7","13,8",60,44,54,123,"6,5","2,7"
2022/11/17,1700 UTC,0,"884,7","885,3","884,6","3104,5","27,8","15,8","28,8","26,6","17,6","15,2",55,47,48,106,"8,1","3,4"
2022/11/17,1800 UTC,0,"883,8","884,7","883,7","2690,5","27,1","15,2","28,7","27,1","17,4","15,2",52,46,48,122,"8,1",3
2022/11/17,1900 UTC,0,"883,3","883,8","883,2","2095,6","28,2","13,9","28,9","26,8","15,5","13,8",50,41,42,149,"5,9","2,7"
2022/11/17,2000 UTC,0,"883,3","883,4","883,1","660,1","26,7","14,6","28,4","26,7","14,9",14,48,41,47,122,"5,9","2,6"
2022/11/17,2100 UTC,0,"883,5","883,5","883,2","405,2","26,3","15,2","26,8","26,3","15,5","14,4",51,47,50,130,"5,5","2,7"
2022/11/17,2200 UTC,0,"884,2","884,2","883,5","31,2","24,9","15,8","26,3","24,8",16,"15,1",58,50,57,135,"5,3","2,6"
2022/11/17,2300 UTC,0,"884,7","884,7","884,1",,"24,1","15,2","24,9","23,9","15,9",15,58,56,58,109,5,"2,5"
2022/11/18,0000 UTC,0,"885,4","885,4","884,7",,"23,3",16,"24,1","23,2","16,1","15,2",64,58,64,108,"5,6","3,1"
2022/11/18,0100 UTC,0,886,886,"885,4",,"22,4","16,1","23,3","22,4","16,1",16,68,64,68,100,"5,6","2,5"
2022/11/18,0200 UTC,0,"885,9",886,"885,9",,"22,1","16,2","22,5",22,"16,2","16,1",69,67,69,97,"5,2","2,6"
2022/11/18,0300 UTC,0,"885,1","885,9","885,1",,"21,6","16,5","22,2","21,6","16,5","16,2",73,69,73,81,5,"1,7"
2022/11/18,0400 UTC,0,"884,5","885,1","884,5",,"21,3","16,4","21,7","21,1","16,6","16,3",74,72,73,80,"3,9","1,6"
2022/11/18,0500 UTC,0,"884,1","884,5",884,,"21,5","16,3","21,5","21,1","16,4","16,2",74,72,72,88,"3,2","1,8"
2022/11/18,0600 UTC,0,884,"884,1",884,,"21,1",16,"21,7",21,"16,3",16,73,71,73,73,"3,7","1,8"
2022/11/18,0700 UTC,0,"884,4","884,4",884,,"20,6","15,8","21,2","20,6","16,1","15,8",74,72,74,60,"4,3","1,2"
2022/11/18,0800 UTC,0,"884,7","884,7","884,4",,"20,6","15,6","20,7","20,4","15,8","15,6",75,73,73,64,"4,5","2,4"
2022/11/18,0900 UTC,0,"885,1","885,1","884,6","32,3","20,4","15,8","20,6","19,8","15,8","15,5",77,73,75,56,"4,5","1,7"
2022/11/18,1000 UTC,0,"885,8","885,8","885,1","600,4","21,7","16,4","21,7","20,4","16,4","15,7",75,71,71,23,"4,3","1,8"
2022/11/18,1100 UTC,0,"886,5","886,5","885,8","1505,1","23,2","17,4","23,2","21,7","17,6","16,3",73,70,70,33,7,"3,3"
2022/11/18,1200 UTC,0,"886,9","886,9","886,5","1730,4","23,1","16,7","24,1","22,5","17,8","16,7",72,65,68,42,"7,2","3,2"
2022/11/18,1300 UTC,0,"886,8",887,"886,7","2655,9","25,9","17,3","25,9","22,9","17,5","16,3",70,58,59,49,"6,3","3,8"
2022/11/18,1400 UTC,0,"886,4","886,8","886,4","3265,8","25,6","15,8","27,2","24,6","17,3","15,4",61,51,55,55,"6,6","3,2"
2022/11/18,1500 UTC,0,"885,8","886,5","885,8","3743,6","28,2","15,5","28,2","25,6","16,2","14,5",56,45,46,63,"6,6","2,8"
2022/11/18,1600 UTC,0,"884,9","885,9","884,9","3976,5","28,3","14,8","28,8","27,5","15,9","13,3",47,40,44,93,"6,9","3,3"
2022/11/18,1700 UTC,0,"883,7","884,9","883,7","3150,1",28,"14,3",29,"27,3","15,3",12,45,38,43,51,"7,2","2,6"
2022/11/18,1800 UTC,0,883,"883,7",883,"2666,5","28,2","12,5","29,5",28,"15,3","11,2",44,34,38,74,"6,8",3
2022/11/18,1900 UTC,0,"883,2","883,2",883,"1642,8","28,2","12,1","29,3",28,"13,2","10,9",40,33,37,40,"6,8","2,4"
2022/11/18,2000 UTC,0,"882,8","883,2","882,7","582,8","27,2","14,3","28,4","27,2","14,7",11,46,34,45,57,6,3
2022/11/18,2100 UTC,0,"883,1","883,2","882,9","110,5","26,1","14,8","27,2","26,1","15,2","14,3",50,45,50,31,6,2
2022/11/18,2200 UTC,1,"884,1","884,3","883,1","2,7","20,4","17,6","26,2","20,4","18,2","14,6",84,49,84,314,"8,2","2,4"
2022/11/18,2300 UTC,"0,4","885,4","885,7",884,,"19,4",17,"20,4",19,"18,2","16,6",89,84,86,226,"7,7",2
2022/11/19,0000 UTC,"1,4","886,5","886,6","885,4",,"18,4","16,8","19,4","18,2","17,1","16,5",91,86,90,170,7,2
2022/11/19,0100 UTC,"0,2","885,9","886,6","885,6",,"19,5",18,"19,5","18,4",18,"16,9",92,90,91,11,"5,1",2
2022/11/19,0200 UTC,0,886,"886,1","885,8",,"19,6","18,2","19,6","18,9","18,2","17,4",92,89,92,105,"5,2","0,8"
2022/11/19,0300 UTC,0,"885,3",886,"885,2",,"18,9","17,7","19,6","18,8","18,2","17,5",93,91,93,197,"3,4","0,3"
2022/11/19,0400 UTC,0,"884,8","885,3","884,8",,"19,3","17,2","19,5","18,8","18,3","17,2",93,88,88,24,"3,7","1,6"
2022/11/19,0500 UTC,0,"885,3","885,3","884,5",,"18,8","16,9","19,9","18,8","17,3","16,9",89,84,89,297,"4,1","1,8"
2022/11/19,0600 UTC,0,"885,2","885,4","884,9",0,"17,2","12,7","18,8",17,"17,4","12,6",92,74,75,290,"8,4",3
2022/11/19,0700 UTC,"0,6","885,7","885,7","885,1",,"16,7","14,2","17,2","16,6","14,2","12,6",86,74,86,252,"6,3","2,5"
2022/11/19,0800 UTC,"4,4","886,6","886,6","885,6",,"16,1","14,6","16,7","16,1","14,8","14,2",91,86,91,295,"7,8","1,5"
2022/11/19,0900 UTC,"6,4","887,6","887,6","886,6",,"15,8","14,8","16,2","15,7","14,9","14,6",94,91,94,353,"6,9","3,8"
2022/11/19,1000 UTC,"6,6","887,6","888,1","887,6","16,5","16,1","14,6","16,2","15,8","15,1","14,6",94,91,91,26,"8,8","4,6"
2022/11/19,1100 UTC,"1,2","888,3","888,3","886,8","233,3","16,9","14,6",17,"16,1","14,7","13,3",91,80,86,112,"12,3","1,8"
2022/11/19,1200 UTC,0,"888,7","888,9","888,2","1476,1","20,3","13,1","20,8","16,9","15,4","13,1",87,63,63,50,"4,7","2,1"
2022/11/19,1300 UTC,0,"888,4","888,7","888,4","3095,9","22,7","12,4","22,8",20,"14,6",12,67,50,52,31,"5,2","2,7"
2022/11/19,1400 UTC,0,"887,8","888,5","887,8","3821,1","24,1","12,7","24,5","22,7","14,2","11,3",55,45,49,31,"7,1","3,1"
2022/11/19,1500 UTC,0,"887,6","887,9","887,5","3449,7","24,8","11,9","25,4","23,7","14,2","11,6",54,42,45,5,"5,5",2
2022/11/19,1600 UTC,0,"886,4","887,6","886,4","3494,9","26,3","10,8","26,8","24,7",13,9,47,34,38,348,"4,2",2
2022/11/19,1700 UTC,0,"885,5","886,4","885,5","3570,3","27,2","11,2","27,6",26,"12,5","9,6",41,33,37,44,"4,5","1,9"
2022/11/19,1800 UTC,0,"883,9","885,5","883,9","3038,2","27,7","12,3","28,2","26,9","13,1","10,1",41,34,39,121,"5,8",3
2022/11/19,1900 UTC,0,"883,4","883,9","883,4","1656,9","26,9","10,9","28,6","26,6","13,1",10,42,33,37,6,"5,8","1,3"
2022/11/19,2000 UTC,0,"883,6","883,7","883,4",619,"24,9","15,9","27,4","24,9","15,9","9,8",57,34,57,122,"6,2","3,7"
2022/11/19,2100 UTC,0,"884,1","884,1","883,5","95,1","22,7","15,9","24,9","22,7","16,6","15,4",67,57,65,120,"8,3",4
2022/11/19,2200 UTC,"0,2","886,6","886,6","884,1","1,8","18,9","14,2","22,7","18,9","16,1","13,7",74,62,74,26,"7,8","3,6"
2022/11/19,2300 UTC,"2,8","886,7","886,9","885,7",,"17,8","15,8","18,9","16,9","15,8","14,3",92,74,88,64,"11,6","3,2"
2022/11/20,0000 UTC,0,"887,1","887,2","886,6",,"18,1","15,1","18,1","17,8","15,8","15,1",88,82,83,34,"5,9","2,4"
2022/11/20,0100 UTC,0,"887,2","887,4","886,8",,"18,2","14,7","18,4","18,1",15,"14,6",83,79,80,68,6,"3,1"
2022/11/20,0200 UTC,"0,2","886,9","887,3","886,9",,"18,5",14,"18,5","18,1","14,7",14,80,75,75,57,"6,3","2,6"
2022/11/20,0300 UTC,0,"886,9",887,"886,8",,"18,2","14,9","18,5","18,1","14,9","14,1",81,75,81,40,"5,8","2,3"
2022/11/20,0400 UTC,0,"886,6","886,9","886,5",,"18,3","15,5","18,3","18,1","15,5","14,9",84,81,84,47,"5,6","1,8"
2022/11/20,0500 UTC,0,"886,9",887,"886,5",,"17,6","15,4","18,3","17,6","15,7","15,4",87,84,87,266,"4,7","1,3"
2022/11/20,0600 UTC,0,"886,4","886,9","886,4",,"17,1","15,3","17,6","17,1","15,4","15,3",90,87,89,288,"3,1","1,4"
2022/11/20,0700 UTC,0,"886,2","886,4","886,1",,"16,9","15,3","17,1","16,9","15,3","15,2",90,89,90,253,"2,3","1,1"
2022/11/20,0800 UTC,0,"886,1","886,2",886,,"17,3","15,7","17,3","16,9","15,7","15,3",91,90,90,74,"2,1","1,1"
2022/11/20,0900 UTC,0,"886,6","886,6","886,1","21,1","17,4","15,6","17,5","17,2","15,7","15,3",90,88,89,67,"3,9","2,1"
2022/11/20,1000 UTC,0,"886,9",887,"886,6","308,7","17,7","15,3","17,7","17,3","15,8","15,1",90,85,86,13,"5,6","2,8"
2022/11/20,1100 UTC,0,"887,3","887,5","886,9","741,1","18,4","15,2","18,5","17,7","15,5","14,9",86,82,82,12,6,"3,6"
2022/11/20,1200 UTC,0,"887,6","887,7","887,2","1750,2","20,4","16,2","20,4","18,4","16,2","15,2",83,75,77,359,"7,2","3,6"
2022/11/20,1300 UTC,0,"888,2","888,2","887,6","2048,8","20,8","15,8","21,1","20,1","16,3","15,2",76,71,73,354,"7,5","3,4"
2022/11/20,1400 UTC,0,"887,7","888,2","887,7","2803,7","22,3",16,"22,9","20,8","16,7","15,1",73,64,67,343,"5,6","2,8"
2022/11/20,1500 UTC,0,"887,4","887,7","887,4","2872,8","23,4",15,"23,7","22,3","16,4","14,8",68,58,59,342,"6,8","2,9"
2022/11/20,1600 UTC,0,"886,5","887,4","886,5","2264,1",24,"14,9","24,3",23,"15,9",14,61,55,57,351,"6,9","3,2"
2022/11/20,1700 UTC,0,"885,7","886,5","885,7","2306,4","24,2","15,1",25,24,"15,5","14,1",58,52,57,5,"6,8","2,7"
2022/11/20,1800 UTC,0,885,"885,7",885,1802,"24,9","14,7","25,2","24,1","15,4","13,2",57,49,53,307,"5,4","1,7"
2022/11/20,1900 UTC,0,"885,2","885,2","884,9","999,8","20,5","15,1",25,"20,5","15,8","14,1",72,51,71,58,"8,6",4
2022/11/20,2000 UTC,"4,4","884,8","885,3","884,7","147,8","19,2","17,4","20,5","18,3","17,5","14,3",90,71,89,334,"7,8","1,7"
2022/11/20,2100 UTC,0,"884,7","885,1","884,7","134,1",19,"16,9","19,3","18,8","17,5","16,5",90,86,88,283,"4,5","1,1"
2022/11/20,2200 UTC,0,"885,2","885,2","884,7","31,4","17,7",16,"19,1","17,7","16,9",16,90,86,90,342,"2,2","0,9"
2022/11/20,2300 UTC,0,886,886,"885,2",,"18,4","15,2","18,5","17,4","16,5","15,2",92,81,82,63,"2,1","1,1"
2022/11/21,0000 UTC,0,887,887,886,,"16,8","15,5","18,4","16,6","15,5","14,9",92,82,92,349,2,"0,9"
2022/11/21,0100 UTC,0,"887,2","887,4",887,,"16,4","15,2","16,9","16,2","15,7",15,93,92,93,24,"1,7","0,9"
2022/11/21,0200 UTC,0,"887,2","887,5","887,2",,"15,9","14,5","16,4","15,9","15,2","14,4",93,91,91,34,"1,9","0,6"
2022/11/21,0300 UTC,0,"886,6","887,2","886,6",,"16,7","15,6","16,7","15,5","15,6","14,2",93,91,93,42,"1,9",1
2022/11/21,0400 UTC,0,"885,9","886,6","885,9",,"18,5","15,7","18,5","16,7","16,1","15,3",93,84,84,100,"2,8","1,6"
2022/11/21,0500 UTC,0,"885,1","885,9","885,1",,"18,8","15,8","18,8","18,1","15,9","15,6",86,83,83,57,"3,2","1,3"
2022/11/21,0600 UTC,0,885,"885,1","884,9",,"18,8","15,4","18,9","18,4","15,8","15,4",84,81,81,68,"3,4","1,9"
2022/11/21,0700 UTC,0,"884,8","885,1","884,8",,"18,6","15,5","18,9","18,5","15,5","15,4",82,81,82,86,"4,9","2,1"
2022/11/21,0800 UTC,0,"884,8","884,8","884,7",,"18,2","15,3","18,7","18,2","15,5","15,3",83,82,83,65,"4,4","1,5"
2022/11/21,0900 UTC,"0,2","885,2","885,2","884,8","35,8",18,"15,4","18,3","17,7","15,5","15,2",86,83,85,48,"3,7","1,4"
2022/11/21,1000 UTC,0,"886,1","886,1","885,2","606,3","19,2","15,6","19,4",18,16,"15,4",85,79,80,40,"5,6","2,5"
2022/11/21,1100 UTC,0,"887,1","887,1","886,1","1305,9","20,6","16,3","20,6","19,1","16,5","15,5",81,76,77,73,"5,6","2,6"
2022/11/21,1200 UTC,0,"887,1","887,2","886,9","2019,1","21,5","16,6","21,8","20,2","17,2","15,8",78,73,74,51,"5,6",2
2022/11/21,1300 UTC,0,"887,1","887,2",887,"3096,7","23,4","16,4","23,7","21,5","17,5","16,3",75,64,65,69,7,"3,5"
2022/11/21,1400 UTC,0,"886,4","887,1","886,4","3301,2",25,"16,1","25,1","23,4","17,6","14,8",67,54,58,72,"7,3","3,1"
2022/11/21,1500 UTC,0,886,"886,4",886,"3686,5","25,5","15,8","26,6","24,4","17,2","14,9",62,51,55,47,"7,3",3
2022/11/21,1600 UTC,0,"884,9","886,1","884,9","2203,7",26,"15,2",26,"24,3","16,4","14,8",59,50,51,75,"7,4","3,5"
2022/11/21,1700 UTC,0,"884,2",885,"884,2","2354,5","25,9","13,7","27,4","25,6",16,"13,5",55,46,47,37,"7,4","2,2"
2022/11/21,1800 UTC,0,883,"884,2",883,"2400,3","26,4","15,4","26,9","25,4","16,3","13,3",54,45,51,354,"7,2","2,3"
2022/11/21,1900 UTC,"2,2","883,5","883,5","882,9","607,9","19,5","16,4","26,7","19,5","17,2","14,8",83,49,83,100,"7,3","3,3"
2022/11/21,2000 UTC,"5,4","883,2","883,5","883,2","87,1","18,9","16,7","19,6","18,9",17,16,88,81,87,306,"6,9","2,1"
2022/11/21,2100 UTC,"0,2","883,5","883,5","883,2","87,5","19,1","17,2","19,1","18,8","17,2","16,6",89,86,89,76,"4,6","0,3"
2022/11/21,2200 UTC,0,"884,3","884,3","883,5","10,9","19,8","17,1","19,8",19,"17,7","16,9",90,83,84,113,"6,3","1,7"
2022/11/21,2300 UTC,0,"884,7","884,7","884,2",,"19,1","17,1",20,"18,8","17,1",16,88,78,88,10,"3,4","1,6"
2022/11/22,0000 UTC,0,"885,8","885,8","884,7",,"18,7","17,2","19,5","18,7","17,6","16,6",91,85,91,276,"2,5","0,5"
2022/11/22,0100 UTC,0,"886,2","886,2","885,8",,19,"17,7",19,"18,6","17,7","17,1",93,91,93,323,"1,2","0,6"
2022/11/22,0200 UTC,"0,2","886,2","886,4","886,2",,19,"17,4","20,2","18,9","18,3",17,93,83,90,325,"1,6",1
2022/11/22,0300 UTC,0,886,"886,2","885,9",,19,"16,9","19,8","18,9","17,9","16,9",92,86,88,14,"2,5",1
2022/11/22,0400 UTC,0,"885,7",886,"885,7",,20,"16,1","20,3","18,9","17,1",16,88,76,78,12,"3,8","2,1"
2022/11/22,0500 UTC,0,"885,1","885,8","885,1",,"19,3","16,2",20,"19,2","16,3","16,1",83,78,82,7,"3,8","1,8"
2022/11/22,0600 UTC,0,"884,6","885,1","884,6",,"18,3",16,"19,5","18,3","16,3","15,9",86,81,86,336,"2,8","1,5"
2022/11/22,0700 UTC,0,"884,8","884,8","884,5",,"17,4","15,8","18,7","17,4","16,2","15,6",90,85,90,43,"2,6","0,5"
2022/11/22,0800 UTC,0,"885,2","885,2","884,8",,17,"15,1","18,1",17,"16,3","15,1",92,87,89,352,"2,1","1,4"
2022/11/22,0900 UTC,0,"886,1","886,1","885,2","29,9","17,3","15,7","17,6","16,8",16,"15,1",91,89,91,334,"2,5","0,9"
2022/11/22,1000 UTC,0,"887,2","887,2","886,1","399,8","20,1","16,5","20,1","17,3","16,9","15,8",91,80,80,25,"1,5","0,7"
2022/11/22,1100 UTC,0,"887,3","887,4","887,2","838,5","21,4",17,"21,4","20,1",17,"16,2",80,76,76,38,"2,8","1,3"
2022/11/22,1200 UTC,0,"887,7","887,7","887,3",1908,"22,5","17,1","22,7","21,4","17,7","16,5",76,69,72,33,"4,8","2,2"
2022/11/22,1300 UTC,0,"887,6","887,8","887,6","1340,2","22,9",17,"23,1","22,4","17,3","16,3",72,67,69,23,"7,5","3,3"
2022/11/22,1400 UTC,0,"887,1","887,6","887,1","2505,5","24,1","16,5","24,9","22,9","17,7","15,9",69,60,63,55,"7,5","3,4"
2022/11/22,1500 UTC,0,886,"887,1",886,"3793,4","25,1","16,6","25,8","24,1","17,9","15,6",64,56,59,37,"6,4",3
2022/11/22,1600 UTC,0,"885,2",886,"885,2","3388,4","26,6","16,1","26,9","24,5","17,6","15,7",62,53,53,17,"7,7","3,5"
2022/11/22,1700 UTC,0,884,"885,2",884,"2835,9","26,5","15,9","27,1","25,1","16,8","15,3",57,50,52,48,"7,7",3
2022/11/22,1800 UTC,0,883,884,883,"1594,3","26,1","15,1","27,1","25,4","16,3","14,3",53,48,51,65,"6,4","2,9"
2022/11/22,1900 UTC,0,"882,4",883,"882,4","1126,9","25,6","15,4","26,6","25,6","15,9","14,3",54,48,53,27,"5,2","2,6"
2022/11/22,2000 UTC,0,"882,6","882,6","882,2","659,3","25,3","15,4","25,7","25,3","16,7","15,2",58,52,54,23,"5,2","2,5"
2022/11/22,2100 UTC,0,"882,9","882,9","882,5","267,3","24,4",16,"25,3","24,4","16,2","15,4",60,54,59,20,"5,7","1,6"
2022/11/22,2200 UTC,0,"883,7","883,7","882,9","17,9","23,6","16,1","24,5","23,6","16,2","15,8",63,59,62,53,"4,7","1,9"
2022/11/22,2300 UTC,0,"884,7","884,7","883,7",,"22,3","16,4","23,7","22,3","16,4","16,1",69,62,69,19,"4,3","1,8"
2022/11/23,0000 UTC,0,"885,4","885,4","884,7",,"21,4","17,2","22,3","21,3","17,2","16,5",77,69,77,1,"3,1","1,4"
2022/11/23,0100 UTC,0,"885,6","885,7","885,4",,"20,7","16,9",22,"20,3","17,1","16,4",80,72,79,5,"2,7","1,5"
2022/11/23,0200 UTC,0,"885,8","885,8","885,5",,"19,6","16,8","21,3","19,4","16,8","16,1",84,74,84,357,"2,9","0,7"
2022/11/23,0300 UTC,0,"885,1","885,9","885,1",,20,17,"20,2","19,3",17,"16,5",85,81,83,327,"2,3","1,2"
2022/11/23,0400 UTC,0,"884,3","885,1","884,3",,"19,4","16,7","20,1","19,3",17,"16,7",86,83,85,321,"2,1",1
2022/11/23,0500 UTC,0,"883,7","884,3","883,7",,19,"17,3","19,3","18,3","17,3","16,4",90,85,90,8,"1,6","0,6"
2022/11/23,0600 UTC,0,"883,5","883,7","883,5",,"18,8","16,7","19,1","18,5","17,3","16,7",90,87,88,332,"1,8","0,9"
2022/11/23,0700 UTC,0,"883,7","883,7","883,5",,"18,5","16,2",19,"18,5",17,"16,2",89,86,87,345,"1,9","0,9"
2022/11/23,0800 UTC,0,"884,2","884,2","883,7",,"18,1","16,5","18,5",18,"16,7","16,2",91,87,90,334,"1,4","0,3"
2022/11/23,0900 UTC,0,"884,4","884,4","884,1","27,3",18,"16,6","18,1","17,6","16,6","16,2",92,90,91,329,"1,8","0,8"
2022/11/23,1000 UTC,0,"885,1","885,1","884,4","474,1","20,7","16,3","20,7","18,1","17,6","16,2",91,76,76,354,"2,1","1,3"
2022/11/23,1100 UTC,0,"885,6","885,6","885,1","926,5","21,8","16,7","21,8","20,7","16,9","16,1",77,72,73,336,"4,5","1,9"
2022/11/23,1200 UTC,0,"885,9",886,"885,6","1960,6","23,6","16,7",24,"21,8","17,5","16,2",74,64,65,312,4,"1,7"
2022/11/23,1300 UTC,"13,4","886,3","886,5","885,9","873,2","18,1",16,"24,5",18,"18,1","15,9",88,63,88,298,"8,4","3,5"
2022/11/23,1400 UTC,"7,2","886,1","886,4",886,"561,2","19,3","17,6","19,8",18,"18,2","16,1",91,88,90,110,"8,4","0,6"
2022/11/23,1500 UTC,"0,6","885,5","886,2","885,5","792,6","21,1","19,6","21,1",19,"19,6","17,3",91,88,91,212,5,"1,5"
2022/11/23,1600 UTC,0,"884,7","885,5","884,6","2674,9","23,6","18,4","23,7","20,9","19,7",17,91,68,73,238,"6,5","1,9"
2022/11/23,1700 UTC,0,884,"884,7",884,"3171,5",25,"16,6","25,8","23,5","18,2","15,3",72,56,60,240,6,3
2022/11/23,1800 UTC,0,"883,3",884,"883,3","1956,2","25,8",15,"25,8","24,4",17,"14,4",62,51,51,306,"5,7","2,4"
2022/11/23,1900 UTC,0,"883,1","883,4","883,1","1311,3","21,5","16,8","26,3","21,5","17,8","15,5",76,50,75,107,"7,5","3,5"
2022/11/23,2000 UTC,0,"882,9","883,1","882,8","836,9",21,"17,3","22,2",21,"17,9","16,7",80,74,80,112,"5,6","3,4"
2022/11/23,2100 UTC,0,"883,2","883,2","882,8","337,8","20,2","17,4","21,3","20,2","17,9","17,3",85,80,84,87,"5,6","2,2"
2022/11/23,2200 UTC,0,"883,9","883,9","883,2",14,"19,9","17,1","20,3","19,8","17,6","16,9",85,83,84,62,"4,9","2,1"
2022/11/23,2300 UTC,0,"884,7","884,7","883,9",,"19,8",18,20,"19,8",18,"16,7",89,82,89,52,"4,9","1,3"
2022/11/24,0000 UTC,0,"885,5","885,5","884,7",,"19,8","17,5","19,9","19,8",18,"17,4",89,86,86,106,"3,4","1,2"
2022/11/24,0100 UTC,0,"885,4","885,5","885,3",,"19,7",17,"19,9","19,7","17,4",17,86,83,84,32,"2,9",1
2022/11/24,0200 UTC,0,"885,6","885,6","885,2",,"19,3","16,8","19,7","19,1",17,"16,7",86,83,86,57,"3,3","0,6"
2022/11/24,0300 UTC,0,"885,3","885,7","885,3",,"19,2","17,1","19,4","19,2","17,1","16,8",87,85,87,352,"2,1",1
2022/11/24,0400 UTC,"0,2","884,6","885,3","884,6",,"18,8","16,7","19,3","18,8","17,2","16,7",88,86,88,320,"2,3","1,2"
2022/11/24,0500 UTC,"1,8","883,6","884,6","883,6",,"18,5","17,3","18,8","18,4","17,3","16,8",92,88,92,332,"2,1",1
2022/11/24,0600 UTC,"0,8","882,5","883,6","882,5",,"18,5","17,2","18,6","18,4","17,3","17,2",93,92,92,8,"3,5","2,1"
2022/11/24,0700 UTC,0,"882,8","882,8","882,5",,"18,1",17,"18,5","18,1","17,2","16,8",93,92,93,330,"3,5","1,5"
2022/11/24,0800 UTC,0,"882,8","882,9","882,7",,"18,1","16,8","18,3",18,"17,1","16,8",93,92,92,348,"4,4","2,8"
2022/11/24,0900 UTC,0,883,883,"882,8","30,1","17,9","16,8","18,1","17,8","16,8","16,6",93,92,93,343,"5,1","3,1"
2022/11/24,1000 UTC,0,"884,1","884,1",883,"449,7",19,"17,6",19,"17,9","17,7","16,8",93,92,92,308,"5,7","1,7"
2022/11/24,1100 UTC,0,"884,8","884,8","884,1","875,8","20,9","18,3","20,9",19,"18,4","17,5",92,85,85,276,"3,7","1,7"
2022/11/24,1200 UTC,0,"884,9","884,9","884,7","1952,2","22,7","17,8","23,2","20,8",19,"17,2",85,72,74,282,"4,7","2,3"
2022/11/24,1300 UTC,0,"884,7",885,"884,7","1965,2","24,4","16,5","24,7","22,1","18,2","15,9",75,59,62,270,"5,9","2,5"
2022/11/24,1400 UTC,0,"884,4","884,7","884,4","2148,3","24,1","16,9","25,8","23,8","17,3","15,6",67,53,64,302,6,"2,5"
2022/11/24,1500 UTC,0,"883,6","884,4","883,6","1975,3","24,9","16,6","25,9","24,2","17,3","15,9",64,56,60,327,"6,9","2,4"
2022/11/24,1600 UTC,0,"882,7","883,6","882,7","1368,8","25,4","17,4","25,5","24,1","17,8","16,1",66,58,61,319,"6,9","2,4"
2022/11/24,1700 UTC,0,"882,3","882,8","882,3","1681,8","23,4","17,1","26,7",23,"18,3","16,2",69,56,68,137,"7,8","4,1"
2022/11/24,1800 UTC,0,"881,6","882,3","881,5","2189,8","22,2","17,2","25,4","22,2","18,1","16,6",74,59,73,77,"7,7","4,8"
2022/11/24,1900 UTC,0,"881,4","881,8","881,4","1041,6","23,2","18,3","23,2","21,3","18,6",17,79,73,74,25,"7,4","2,7"
2022/11/24,2000 UTC,"0,2","881,7","881,7","881,2","339,3","21,1",18,"23,2","21,1","18,2","17,2",83,73,82,325,"5,4","1,7"
2022/11/24,2100 UTC,"1,8","882,1","882,3","881,4",336,"20,8","18,3","21,1","20,3","18,6","18,1",89,82,86,99,"5,2","2,1"
2022/11/24,2200 UTC,0,"882,8","882,8","881,9","54,2","19,9","17,8","20,8","19,7","18,2","16,6",88,79,88,63,"5,2","1,1"
2022/11/24,2300 UTC,"0,2","883,5","883,5","882,8",,"19,8","18,3","19,9","19,6","18,3","17,6",91,88,91,47,"2,9","1,1"
2022/11/25,0000 UTC,"0,8","885,3","885,3","883,5",,"19,2","16,6","19,9","19,2","18,5","16,6",92,85,85,157,"7,2","3,6"
2022/11/25,0100 UTC,0,"884,7","885,6","884,6",,"18,5","16,4","19,2","17,9","16,5","15,8",89,85,88,95,8,"3,1"
2022/11/25,0200 UTC,0,"884,9","884,9","884,2",,"17,7","16,2","18,5","17,6","16,4","15,7",91,85,91,301,"5,6","1,8"
2022/11/25,0300 UTC,0,"884,8","885,1","884,8",,"17,6","16,5","17,9","17,6","16,7","16,2",93,91,93,344,"5,9","3,3"
2022/11/25,0400 UTC,0,"884,1","884,8","884,1",,"17,5","16,4","17,6","17,4","16,5","16,4",94,93,94,345,6,"3,1"
2022/11/25,0500 UTC,0,"883,1","884,1","883,1",,"17,4","16,3","17,5","17,3","16,5","16,3",94,94,94,341,"5,4","2,3"
2022/11/25,0600 UTC,0,"882,9","883,2","882,9",,"17,3","16,2","17,4","17,3","16,3","16,2",94,94,94,323,"3,8","1,9"
2022/11/25,0700 UTC,0,"883,1","883,3","882,9",,"17,2","16,2","17,3","17,2","16,2","16,1",94,93,93,318,"4,2","2,1"
2022/11/25,0800 UTC,0,"883,5","883,5","883,1",,"17,4","16,3","17,4","17,2","16,3","16,1",94,93,93,304,5,"2,6"
2022/11/25,0900 UTC,0,"883,5","883,7","883,2","7,1","17,5","16,3","17,5","17,2","16,3",16,93,92,93,337,"4,7","1,3"
2022/11/25,1000 UTC,0,"884,2","884,2","883,5","212,8","18,3","16,9","18,3","17,4","16,9","16,2",93,92,92,333,"3,6","1,9"
2022/11/25,1100 UTC,0,"884,6","884,6","884,2","868,1","20,3","17,7","20,3","18,3","17,9","16,9",92,85,85,293,"3,6","1,4"
2022/11/25,1200 UTC,0,885,885,"884,6","2060,8","22,7","18,1","22,9","20,1","18,8","17,4",87,75,75,285,4,"1,2"
2022/11/25,1300 UTC,0,"885,2","885,2",885,1560,"22,8","17,8","23,5","22,4","18,8","17,1",78,69,73,311,"5,2","2,6"
2022/11/25,1400 UTC,0,885,"885,3",885,"1664,1","23,5","17,6","24,2","22,6","18,5","16,9",73,65,70,342,"5,9",3
2022/11/25,1500 UTC,0,"884,6",885,"884,6","2010,8","24,7",17,"25,4","23,4","18,1","16,8",71,61,63,317,6,3
2022/11/25,1600 UTC,0,"884,7","884,7","884,2","2194,8","21,3","16,3","26,4","21,2","18,1",15,73,56,73,122,"7,2","3,3"
2022/11/25,1700 UTC,"0,2","883,6","884,7","883,6","1882,2","24,1",17,"24,1","19,2","18,3","16,4",89,64,64,74,9,"3,2"
2022/11/25,1800 UTC,0,"882,7","883,6","882,7",2573,"23,8","15,3","24,6","22,9","17,5","15,2",69,59,59,23,"6,9","2,1"
2022/11/25,1900 UTC,0,"882,1","882,7",882,"871,4","24,4","16,5","24,4","23,7",17,15,64,56,62,346,"3,8","1,8"
2022/11/25,2000 UTC,"0,2","881,9","882,1","881,8","555,5",24,17,"24,9",24,"17,3","16,3",65,60,65,40,"3,5","1,3"
2022/11/25,2100 UTC,"5,2","882,6","882,6","881,9","252,7","19,8","16,8",24,"18,9","17,8","16,1",85,65,83,57,"7,7","1,4"
2022/11/25,2200 UTC,0,"882,7","882,7","882,4","85,2","19,1","16,7","19,8","19,1","17,3","16,1",87,79,86,9,5,"1,6"
2022/11/25,2300 UTC,0,"882,9","883,4","882,7",,"18,4",16,"19,5","18,4","17,2",16,88,81,86,356,5,"1,5"
2022/11/26,0000 UTC,0,884,884,"882,9",,"19,1","16,9","19,2",18,"17,1","16,1",90,86,87,320,"2,6","1,2"
2022/11/26,0100 UTC,"5,6","884,8","884,9",884,,"18,8","17,2","19,4","18,5","17,2","16,5",91,85,90,190,"2,9","0,9"
2022/11/26,0200 UTC,"25,4",885,"885,6","884,8","0,3","17,7","16,7","19,2","17,1","17,4","15,5",94,88,94,24,"6,3","2,1"
2022/11/26,0300 UTC,1,"884,4",885,"884,4",,"17,6","16,5","17,9","17,6","16,9","16,5",94,93,93,356,"4,9","1,6"
2022/11/26,0400 UTC,0,"883,2","884,4","883,2",,"17,9","16,6","17,9","17,6","16,6","16,4",93,92,92,349,"3,4","1,8"
2022/11/26,0500 UTC,"0,2","883,1","883,3","882,9",,"18,2","16,9","18,3","17,9",17,"16,6",92,92,92,176,"4,9","2,3"
2022/11/26,0600 UTC,"5,4","883,2","883,4","883,1",,17,"15,7","18,3","16,9",17,"15,5",92,88,92,137,"5,6","1,2"
2022/11/26,0700 UTC,"1,6","883,1","883,3","883,1",,17,16,"17,2","16,9","16,2","15,7",94,92,94,353,"3,7","1,9"
2022/11/26,0800 UTC,0,"883,3","883,4","883,1",,"16,9","15,9","17,1","16,9","16,1","15,9",94,94,94,320,"3,3","1,1"
2022/11/26,0900 UTC,0,"883,9","883,9","883,3",6,"17,2","16,2","17,2","16,9","16,2",16,94,94,94,332,"2,7","1,3"
2022/11/26,1000 UTC,0,"884,4","884,4","883,9",214,"18,2","16,9","18,2","17,2","16,9","16,2",94,92,92,309,"2,4","0,7"
2022/11/26,1100 UTC,0,885,885,"884,4",648,19,"16,9",19,"18,2","17,4","16,5",92,87,88,335,"3,8","2,4"
2022/11/26,1200 UTC,0,"885,7","885,7",885,"1765,8","21,4",17,"21,6",19,"17,9","16,9",89,76,76,353,4,"2,5"
2022/11/26,1300 UTC,0,"886,2","886,3","885,7","1702,6","22,6","18,2","22,7","21,3","18,6","17,2",80,74,76,330,"6,6","3,4"
2022/11/26,1400 UTC,0,"886,1","886,4","886,1",1527,"21,8","17,6","22,7","21,1","18,2","17,2",81,74,77,327,"7,2","3,4"
2022/11/26,1500 UTC,0,"885,7","886,3","885,7","1741,4","22,5","17,4","22,9","21,5","18,1","17,3",79,72,73,330,"7,3","2,9"
2022/11/26,1600 UTC,0,"885,2","885,7","885,2","2719,5","24,1","17,1","24,4","22,4","18,2","16,2",74,63,65,319,6,"2,1"
2022/11/26,1700 UTC,0,"884,4","885,2","884,4","2086,9","24,4","16,7",25,"23,4","17,6","16,5",68,62,62,304,"5,6","2,2"
2022/11/26,1800 UTC,0,"883,7","884,4","883,7","1684,1","24,3","17,3","24,9","23,8","17,4","16,4",66,60,65,314,"5,6","2,3"
2022/11/26,1900 UTC,0,"883,4","883,7","883,4","1741,3","25,1","15,5","25,7",24,"17,6","15,5",65,55,55,300,"6,5","2,1"
2022/11/26,2000 UTC,0,"883,4","883,5","883,4",1251,"23,2","17,2","25,9","23,2",18,"15,5",71,55,69,136,"5,7",2
2022/11/26,2100 UTC,0,"883,8","883,8","883,4","223,4","22,9","17,8","23,5","22,8","17,9","17,1",74,68,73,85,"3,6","0,9"
2022/11/26,2200 UTC,0,"884,2","884,2","883,8","19,1","21,5","17,4","22,9","21,5","17,8","17,1",78,71,78,224,"3,7","0,6"
2022/11/26,2300 UTC,0,"884,5","884,5","884,1",,"21,9","17,8",22,"21,4","18,1","17,4",80,76,78,31,"2,6","1,3"
2022/11/27,0000 UTC,0,"884,8","884,9","884,5",,"20,8","17,7",22,"20,8","17,8",17,83,74,82,348,5,"2,7"
2022/11/27,0100 UTC,0,"885,5","885,6","884,8",,"19,7","17,5","20,8","19,7","17,7","17,4",87,83,87,325,5,"1,7"
2022/11/27,0200 UTC,0,"885,6","885,7","885,5",,20,"17,7","20,2","19,6","17,8","17,4",88,86,86,341,"3,9",2
2022/11/27,0300 UTC,0,885,"885,6",885,,"19,9","17,8","20,1","19,9",18,"17,7",89,86,88,348,"3,7","2,2"
2022/11/27,0400 UTC,0,"884,4",885,"884,4",,"19,5","17,1","19,9","19,5","17,8","17,1",88,85,86,325,"4,7","1,5"
2022/11/27,0500 UTC,0,884,"884,4",884,,"19,1",17,"19,5","19,1","17,2",17,88,86,88,332,3,"1,7"
2022/11/27,0600 UTC,0,"883,7",884,"883,7",,"18,7","17,1","19,1","18,5","17,1","16,8",91,88,90,342,"3,6","1,4"
2022/11/27,0700 UTC,0,"883,5","883,7","883,4",,"18,9","17,1","18,9","18,7","17,3",17,91,89,89,314,"2,4","1,3"
2022/11/27,0800 UTC,0,"883,7","883,7","883,4",,"18,9","16,7",19,"18,8","17,1","16,7",89,87,87,325,"2,7","1,6"
2022/11/27,0900 UTC,0,884,884,"883,6","24,2","18,7","16,9","18,9","18,7","16,9","16,6",89,87,89,331,3,"1,6"
2022/11/27,1000 UTC,0,"884,5","884,5",884,"440,7","20,2","17,7","20,2","18,7","17,7","16,9",90,85,85,306,"4,4",2
2022/11/27,1100 UTC,0,"885,1","885,2","884,5","1108,8","21,8","17,8","21,8","20,2",18,"17,2",85,78,78,307,"5,2","2,1"
2022/11/27,1200 UTC,0,"885,4","885,4","885,1","1788,2","22,6","17,7",23,"21,5",18,17,79,72,74,322,"5,9","2,9"
2022/11/27,1300 UTC,0,"885,3","885,5","885,3","2225,3","23,2","16,5","24,7","22,1","18,4","16,5",75,63,66,284,7,"2,6"
2022/11/27,1400 UTC,0,"885,1","885,3",885,"1815,8","24,4",17,25,"23,1","17,3","15,8",68,57,63,291,"6,1","2,5"
2022/11/27,1500 UTC,0,"884,6","885,1","884,5",1023,"24,6","16,7","24,7",22,"17,6","16,2",73,60,61,254,"6,4","2,1"
2022/11/27,1600 UTC,0,"883,8","884,6","883,8","1791,6","25,5","17,2","26,4","24,5","17,7",16,63,56,60,292,"6,4",3
2022/11/27,1700 UTC,0,"882,9","883,8","882,8","3472,2","26,7","15,9","26,9","24,7","18,5","15,9",64,52,52,300,"7,5",3
2022/11/27,1800 UTC,0,882,"882,9",882,2250,"25,5","15,9","27,4","25,4","16,7","14,5",56,48,55,350,"6,8",4
2022/11/27,1900 UTC,0,882,"882,3",882,1071,"23,1","16,2","25,5","23,1","18,2","15,9",70,55,65,312,"10,4","3,6"
2022/11/27,2000 UTC,0,"882,4","882,4",882,"928,6","23,1","16,6","23,6","22,8","17,5","16,1",71,65,67,283,"8,9","3,3"
2022/11/27,2100 UTC,0,"882,9","883,1","882,3","337,5","22,4","17,2","23,4","22,3","17,2","15,9",73,63,73,280,"7,6","1,8"
2022/11/27,2200 UTC,0,"882,8",883,"882,4","47,8","21,6",17,"22,4","21,5","17,3","16,6",75,71,75,300,"4,2","1,8"
2022/11/27,2300 UTC,0,"883,3","883,3","882,6",,21,"17,9","21,6",21,"17,9","17,1",82,75,82,168,"3,5","0,9"
2022/11/28,0000 UTC,0,"884,2","884,2","883,3",,"20,5","17,9",21,"20,3","18,1","17,8",87,82,85,145,"2,7","0,7"
2022/11/28,0100 UTC,0,"884,3","884,3",884,,"20,6","17,8","20,8","20,1","18,1","17,6",87,83,84,205,"3,3","1,1"
2022/11/28,0200 UTC,0,"884,1","884,3","884,1",,"20,2","17,6","20,6","20,1","17,9","17,6",86,84,85,215,2,"0,6"
2022/11/28,0300 UTC,0,"883,5","884,1","883,4",,"19,4","17,6","20,5","19,3","17,6","17,1",89,83,89,338,"1,8","1,1"
2022/11/28,0400 UTC,0,883,"883,5",883,,"19,5","17,9","19,8","19,4",18,"17,6",90,89,90,156,"1,9","0,4"
2022/11/28,0500 UTC,0,"882,4",883,"882,4",,"19,6",18,"19,7","19,4","18,2","17,8",91,90,91,320,1,"0,7"
2022/11/28,0600 UTC,0,"881,9","882,4","881,9",,19,"16,1","19,7","18,7","18,1",16,91,82,84,335,"2,4","1,3"
2022/11/28,0700 UTC,0,"881,7","881,9","881,6",,"19,2","16,6","19,3","18,9","16,8","16,2",86,84,85,337,"2,7","1,6"
2022/11/28,0800 UTC,0,"881,6","881,7","881,5",,"18,6",17,"19,2","18,6","17,2","16,5",90,85,90,3,"2,7",1
2022/11/28,0900 UTC,0,"881,5","881,6","881,4","36,4","18,7","17,5","18,7","18,1","17,5","16,7",93,90,93,344,3,"1,9"
2022/11/28,1000 UTC,0,"882,1","882,1","881,5","358,8","19,6","18,1","19,6","18,7","18,2","17,6",93,91,91,337,"4,4","2,4"
2022/11/28,1100 UTC,0,"882,4","882,4","882,1","992,2","21,5","18,4","21,5","19,6","18,7","17,9",91,82,83,340,"5,9","3,1"
2022/11/28,1200 UTC,0,"882,7","882,7","882,4","1724,1","22,5","17,3","23,2","21,5","18,6","16,8",83,70,73,315,"7,1","2,5"
2022/11/28,1300 UTC,0,"882,7","882,7","882,6","2215,3","24,4","17,8","24,4","22,5","18,4","16,9",74,66,67,320,"6,1","2,8"
2022/11/28,1400 UTC,0,"882,1","882,7","882,1",2721,"24,9","16,2","25,8","23,1",18,"16,2",70,57,59,315,6,"3,1"
2022/11/28,1500 UTC,0,"881,2","882,1","881,2","2207,9","25,1","17,5","26,4","24,4","17,8","15,4",65,52,63,334,"7,3","3,9"
2022/11/28,1600 UTC,0,"879,9","881,2","879,9","3109,3","26,1","18,2",27,"24,5","18,5","16,3",64,55,62,17,"7,3","3,4"
2022/11/28,1700 UTC,0,879,"879,9","878,8","2452,8","25,7","16,4","27,5","25,5","18,6","15,5",63,50,56,265,"7,5","3,1"
2022/11/28,1800 UTC,0,"878,4",879,"878,3","838,4","26,2","17,4","26,4","24,6","17,8","16,3",62,57,58,275,9,"3,7"
2022/11/28,1900 UTC,0,"878,7","878,7","877,6","1000,7","22,1","16,8","26,4","21,8","17,9","16,1",73,58,72,98,"7,3","2,4"
2022/11/28,2000 UTC,0,878,"878,7",878,"603,9","23,1","16,7","23,3",22,"17,4","16,5",72,67,67,50,"5,3","2,2"
2022/11/28,2100 UTC,0,"879,1","879,1","877,9","647,2","22,8","17,2","23,6","22,6","18,1","16,6",75,66,71,344,"7,3","2,7"
2022/11/28,2200 UTC,0,"879,5","879,6","879,1","54,1","21,9","17,4","22,9","21,9","17,5","16,4",76,67,76,345,5,"2,9"
2022/11/28,2300 UTC,0,"879,9",880,"879,5",,"20,4","16,9","21,9","20,4","17,4","16,6",80,75,80,116,"5,5","1,1"
2022/11/29,0000 UTC,0,"880,5","880,6","879,9",,"20,2","17,3","20,8","19,6","17,4","16,7",85,79,84,84,"3,9","1,4"
2022/11/29,0100 UTC,0,"880,9",881,"880,4",,"19,4","16,7","20,2","19,4","17,3","16,7",85,83,84,80,"3,6","1,6"
2022/11/29,0200 UTC,0,"881,3","881,4","880,9",,19,"17,2","19,4","18,3","17,2","16,1",90,84,89,145,"3,5","1,2"
2022/11/29,0300 UTC,"15,8","881,3","882,2","881,1",,16,"14,7","19,1","15,5","17,2","14,2",92,88,92,328,8,"2,1"
2022/11/29,0400 UTC,"0,8","880,1","881,3",880,,16,"14,7","16,9",16,"15,1","14,5",92,87,92,313,"7,2",2
2022/11/29,0500 UTC,0,"879,5","880,1","879,5",,"16,4","14,7","16,5","15,8","15,1","14,6",93,90,90,5,"4,6","2,2"
2022/11/29,0600 UTC,0,"879,1","879,5","879,1",,"15,3","13,6","16,7","15,3","14,7","13,6",91,87,90,357,"3,3","1,6"
2022/11/29,0700 UTC,0,"879,4","879,4","879,1",,15,"13,3","15,3","14,9","13,7","13,3",91,89,89,359,"2,8","1,7"
2022/11/29,0800 UTC,0,"879,2","879,4","879,1",,"15,7","13,7","15,7","14,8","13,9","13,2",90,88,88,331,"3,8","2,2"
2022/11/29,0900 UTC,0,"879,3","879,4","879,2","56,8","16,6","14,6","16,6","15,7","14,6","13,6",89,87,88,344,"4,7","2,9"
2022/11/29,1000 UTC,0,"880,2","880,2","879,3",577,"18,6","15,4","18,6","16,6","15,4","14,6",88,81,82,331,"5,1","3,1"
2022/11/29,1100 UTC,0,"880,4","880,5","880,2","1524,3","20,7","17,4","20,9","18,6","17,6","15,3",84,81,81,323,7,"3,3"
2022/11/29,1200 UTC,0,"880,8","880,8","880,4","2136,3","23,1","17,6","23,1","20,7",18,"17,1",82,71,71,319,"7,3","3,1"
2022/11/29,1300 UTC,0,"880,9","881,1","880,8","3075,3","24,7","15,9",25,"23,1",18,"15,7",72,57,58,307,"7,7",4
2022/11/29,1400 UTC,0,"880,5","880,9","880,5","2542,3","24,2","16,7","25,8","23,9","17,4","15,9",65,56,63,300,"8,1","4,1"
2022/11/29,1500 UTC,0,"879,6","880,5","879,6","2718,1","25,4","16,4","26,4","23,9",18,"15,4",66,54,58,285,8,"3,2"
2022/11/29,1600 UTC,0,"879,1","879,6","879,1","2254,6","25,2","17,3","26,4","24,4","17,8","15,8",63,55,62,315,"9,3","3,5"
2022/11/29,1700 UTC,0,"877,8","879,1","877,8",1962,"24,9","16,6","26,4","24,8","17,7","15,9",62,53,60,309,"8,7","3,5"
2022/11/29,1800 UTC,0,"877,7",878,"877,7","1339,7","24,4","16,8","26,2","23,8","17,5","16,2",66,55,63,269,"8,1","2,7"
2022/11/29,1900 UTC,0,"877,6","877,7",877,"1160,3","23,3","15,9","24,4","23,2","17,4","15,9",69,62,63,305,"8,5","3,8"
2022/11/29,2000 UTC,0,"877,3","877,6","877,3","1801,8","22,4","16,2","24,5","22,4","17,1","15,8",69,60,68,13,"8,4","3,3"
2022/11/29,2100 UTC,0,"878,3","878,3","877,3","407,4","20,9","17,9","22,7","20,9","17,9",16,83,67,83,334,"6,8","3,2"
2022/11/29,2200 UTC,"1,4","878,6","878,6","878,2","17,6",19,"16,7","20,9","18,6","17,2","15,3",90,78,87,349,"8,4","1,4"
2022/11/29,2300 UTC,0,"879,9","879,9","878,6",,"18,6","17,3",19,"18,2","17,3","16,4",92,87,92,323,"2,6","1,3"
2022/11/30,0000 UTC,"0,2","880,2","880,3","879,9",,"18,6",17,"19,2","18,6","17,7",17,92,90,91,269,"3,7","0,5"
2022/11/30,0100 UTC,0,"880,3","880,4","880,2",,"18,7","17,3","18,8","18,3","17,5","16,8",93,91,92,334,"3,4","1,5"
2022/11/30,0200 UTC,0,"880,6","880,6","880,2",,"18,5","16,9","18,8","18,5","17,4","16,9",92,91,91,296,"4,6","1,6"
2022/11/30,0300 UTC,0,"880,4","880,9","880,3",,"18,3","16,7","18,7","18,3","17,1","16,7",92,90,91,315,"3,2","1,4"
2022/11/30,0400 UTC,0,"879,7","880,4","879,7",,"17,8","16,5","18,3","17,6","16,8","16,2",92,91,92,333,"2,5","1,1"
2022/11/30,0500 UTC,0,"878,5","879,7","878,5",,"17,7","16,6","17,8","17,3","16,6",16,93,92,93,341,"4,1","2,3"
2022/11/30,0600 UTC,0,"878,4","878,6","878,3",,"17,6","16,5","17,8","17,6","16,6","16,4",93,93,93,343,"4,2","1,9"
2022/11/30,0700 UTC,"0,2","878,5","878,5","878,2",,"17,4","16,2","17,6","17,2","16,5","16,1",93,93,93,327,"4,4","2,1"
2022/11/30,0800 UTC,0,"878,7","878,7","878,3",,"17,8","16,5","17,9","17,4","16,6","16,2",93,92,92,309,"5,5","2,1"
2022/11/30,0900 UTC,0,"879,8","879,8","878,7","2,1",18,"16,8",18,"17,7","16,8","16,5",93,92,93,304,"4,2",2
2022/11/30,1000 UTC,0,"880,4","880,4","879,7",127,"18,4","17,2","18,4",18,"17,2","16,8",93,92,92,321,"5,1","2,7"
2022/11/30,1100 UTC,0,"881,1","881,2","880,4","392,8","19,3","17,6","19,4","18,4","17,7","17,2",92,90,90,329,"7,2","3,9"
2022/11/30,1200 UTC,0,"881,3","881,6","881,1","787,7","19,4","17,1","19,5","19,1","17,6","16,9",90,86,87,321,"9,5","4,9"
2022/11/30,1300 UTC,0,"881,6","881,6","880,6",1347,"21,3","16,3","21,3","19,4","17,3","16,2",87,73,73,330,"10,3","4,7"
2022/11/30,1400 UTC,0,"881,8","881,9","881,6","1702,2","20,7","13,1","21,9","20,4",17,13,74,61,62,331,"9,9","5,3"
2022/11/30,1500 UTC,0,"881,2","881,9","881,1","1217,6","21,1","12,1","21,3","20,6","13,4","11,9",62,55,56,314,"10,9","4,3"
2022/11/30,1600 UTC,0,"880,7","881,2","880,7","947,2","21,7","12,6","21,7","21,1","12,8","11,9",59,55,56,325,9,"3,4"
2022/11/30,1700 UTC,0,880,"880,7",880,"1199,6","23,1","13,3","23,1","21,7","13,9","12,1",57,54,54,305,8,"2,6"
2022/11/30,1800 UTC,0,"879,3",880,"879,3","2279,9",24,12,"24,1","22,4","13,8","11,7",55,47,47,291,"8,1","3,4"
2022/11/30,1900 UTC,0,"878,6","879,3","878,6","2401,7","24,6","12,5","24,9","23,7","13,4","11,8",50,45,47,306,"7,5","2,9"
2022/11/30,2000 UTC,0,"878,8","878,9","878,5","1498,2","24,6","13,2","25,2","24,1","13,4","11,6",50,45,49,316,"6,7","2,2"
2022/11/30,2100 UTC,0,"879,2","879,3","878,8","445,5","21,6","15,2","24,8","21,6","15,3","12,8",67,48,67,342,"6,2","2,2"
2022/11/30,2200 UTC,0,"879,9","879,9","879,2","24,1","19,8","15,3","21,6","19,8","15,5","15,1",75,67,75,350,"4,1","1,6"
2022/11/30,2300 UTC,0,"880,5","880,5","879,9",,19,"15,4","19,9",19,"15,5","15,3",80,75,80,350,"3,1","1,8"
2022/12/01,0000 UTC,0,"881,4","881,4","880,5",,"18,5","15,4","19,2","18,3","15,7","15,2",84,79,82,310,"2,6","1,4"
2022/12/01,0100 UTC,0,"881,9","881,9","881,4",,"18,8","15,7","18,8","18,1","15,8","15,2",84,82,82,330,"2,9","1,9"
2022/12/01,0200 UTC,0,"882,6","882,6","881,9",,"18,1","15,6","18,8",18,"15,8","15,4",85,82,85,312,"2,9","1,3"
2022/12/01,0300 UTC,0,882,"882,7",882,,"17,6","15,3","18,1","17,6","15,6","15,1",86,85,86,320,"3,3","1,4"
2022/12/01,0400 UTC,0,"881,6","882,1","881,6",,"17,5","15,4","17,8","17,4","15,5","15,1",87,86,87,305,"3,4","1,9"
2022/12/01,0500 UTC,0,881,"881,6",881,,"17,6","15,4","17,9","17,5","15,6","15,3",88,86,87,333,"4,4","2,4"
2022/12/01,0600 UTC,0,"880,7",881,"880,7",,"17,8","15,6","17,9","17,5","15,7","15,4",88,87,87,333,"4,7","2,2"
2022/12/01,0700 UTC,0,"880,9","880,9","880,6",,"17,7",16,"17,9","17,4",16,"15,4",90,87,90,327,"4,1","2,2"
2022/12/01,0800 UTC,0,"881,4","881,4","880,9",,"17,3",16,"17,7","17,3","16,2","15,9",92,90,92,321,"4,1","1,8"
2022/12/01,0900 UTC,0,882,882,"881,4","26,1","17,3",16,"17,5","17,3","16,1","15,9",92,91,92,342,"3,9","1,3"
2022/12/01,1000 UTC,0,"882,7","882,7",882,469,"19,5","16,5","19,6","17,3","16,9",16,93,83,83,313,4,"1,9"
2022/12/01,1100 UTC,0,"883,5","883,5","882,7","1305,1","21,3","16,8","21,3","19,5","17,2","16,4",83,75,76,330,"5,5","2,5"
2022/12/01,1200 UTC,0,"884,1","884,2","883,5","2334,3","24,4",17,"24,4",21,"17,4","16,1",77,62,63,328,"7,1","3,7"
2022/12/01,1300 UTC,0,"884,3","884,4","884,1","2881,7","24,9","15,7","25,1","23,4","17,4","15,2",66,55,56,316,"6,8",3
2022/12/01,1400 UTC,0,"884,4","884,5","884,2","3112,9","24,5",16,"25,9","24,3","16,9","15,2",60,54,59,322,"7,5","3,2"
2022/12/01,1500 UTC,0,"883,4","884,4","883,4","2859,8","26,2","16,2",27,24,"17,3","14,4",61,51,54,305,"7,3","2,2"
2022/12/01,1600 UTC,0,"882,4","883,4","882,4","2956,1","27,4","14,7","27,6","24,9","16,7","14,5",59,46,46,276,"6,8","2,7"
2022/12/01,1700 UTC,0,"881,5","882,4","881,5","1987,1","25,5","15,5","27,7","25,4","16,5","14,3",55,45,54,25,"6,6","2,4"
2022/12/01,1800 UTC,"7,8","881,8","882,5","881,5","444,6","18,3",17,"25,7","17,9","17,1","15,2",92,53,92,288,"9,1","3,6"
2022/12/01,1900 UTC,"1,4","881,4","881,8","881,4","756,2","21,3","18,2","21,4","18,3","18,6","17,1",92,83,83,118,"7,5","1,3"
2022/12/01,2000 UTC,0,"881,2","881,5","881,1",1103,"21,2",18,"21,7","20,8","18,9","17,6",86,79,82,143,"3,8",2
2022/12/01,2100 UTC,0,881,"881,2","880,9","450,8","22,4","17,6","22,5","20,7","18,5","16,7",85,70,74,82,"3,2","0,8"
2022/12/01,2200 UTC,0,"881,9","881,9",881,"46,2","20,3","17,5","22,4","20,3","18,3","17,1",84,72,84,74,"2,1","0,9"
2022/12/01,2300 UTC,0,"882,7","882,7","881,9",,"18,4","16,9","20,3","18,4","17,7","16,8",91,84,91,163,"1,3","0,3"
2022/12/02,0000 UTC,0,"883,4","883,4","882,7",,"18,6","17,2","18,9","18,1","17,6","16,7",93,91,91,37,"1,8",1
2022/12/02,0100 UTC,0,"883,9","883,9","883,4",,"19,2","16,5","19,7","18,2","17,4","16,3",91,84,84,82,2,"1,1"
2022/12/02,0200 UTC,0,"884,2","884,2","883,9",,"19,9","16,5","19,9","18,1","17,5","16,1",90,81,81,75,"2,8","1,6"
2022/12/02,0300 UTC,0,"884,2","884,5","884,2",,"18,2","16,8",20,"17,5","16,9","15,5",92,80,92,338,"2,8","0,3"
2022/12/02,0400 UTC,0,"883,4","884,2","883,4",,"18,6","17,2","18,6","18,1","17,3","16,8",93,91,92,33,"1,9","1,1"
2022/12/02,0500 UTC,0,"883,2","883,4",883,,18,"16,3","18,8",18,"17,3","16,2",92,89,90,3,"2,2","1,1"
2022/12/02,0600 UTC,0,883,"883,2",883,,"17,9","16,4","18,3","17,9","16,5",16,91,87,91,320,"1,6","0,8"
2022/12/02,0700 UTC,0,"883,1","883,1",883,,"17,1","15,8","17,9","17,1","16,3","15,8",92,91,92,334,"1,4","1,1"
2022/12/02,0800 UTC,0,"883,2","883,2","883,1",,"17,2",16,"17,4",17,"16,2","15,8",93,92,92,150,"1,4","0,2"
2022/12/02,0900 UTC,0,"883,9","883,9","883,2","21,5","16,9","15,6","17,3","16,9",16,"15,5",92,91,92,69,1,"0,3"
2022/12/02,1000 UTC,0,"884,9","884,9","883,9","535,9",21,"16,4","21,1","16,9","17,8","15,7",93,75,75,353,"2,3","1,4"
2022/12/02,1100 UTC,0,"885,3","885,3","884,9",1091,"21,8","17,3",22,"20,9","17,3","16,4",78,73,76,74,"3,6","1,7"
2022/12/02,1200 UTC,0,886,886,"885,3","994,4","19,7","17,3","21,9","19,7","18,3",17,86,75,86,109,"6,1","3,3"
2022/12/02,1300 UTC,2,886,"886,3",886,"758,1","19,7","18,2","19,8","18,8","18,3","17,2",92,86,91,94,"7,2","3,1"
2022/12/02,1400 UTC,0,"885,7",886,"885,6","1773,1","21,6","18,2",22,"19,7","19,5","17,8",92,80,81,102,"5,1","2,1"
2022/12/02,1500 UTC,0,"884,5","885,7","884,5","2809,3","23,9","17,8","23,9","21,5","18,8","17,6",82,69,69,93,"4,8","1,9"
2022/12/02,1600 UTC,0,"883,4","884,5","883,4","3122,6","24,6","17,9","25,2","23,5","18,9","17,1",71,62,67,108,"5,8","3,1"
2022/12/02,1700 UTC,0,"882,7","883,4","882,7","2157,3","25,2","17,2","25,8","24,6","18,9","16,9",68,61,61,53,"5,8","2,2"
2022/12/02,1800 UTC,0,"881,8","882,7","881,8","1809,8","25,7","18,5","26,4","23,3",19,"16,6",73,58,64,117,"6,5","1,8"
2022/12/02,1900 UTC,0,"881,4","881,8","881,3",1840,"23,9","18,4","26,9","23,9","18,5","15,2",71,50,71,62,"11,7","5,3"
2022/12/02,2000 UTC,0,"881,5","881,7","881,3","418,3","22,2","17,8","23,9","21,5","18,5","17,1",80,71,76,13,"11,7","2,4"
2022/12/02,2100 UTC,0,"882,2","882,2","881,4",130,"22,5",18,"22,5","22,2","18,1","17,8",77,75,76,40,4,"1,5"
2022/12/02,2200 UTC,0,"882,8","882,8","882,2","1,4","21,1","18,3","22,6","20,9","18,4",18,85,75,85,193,"2,8","0,9"
2022/12/02,2300 UTC,0,"883,9","883,9","882,8",,"21,2","18,2","21,2","20,6","18,7","18,2",88,83,83,113,"2,5","1,5"
2022/12/03,0000 UTC,0,"884,7","884,7","883,9",,"20,8","17,7","21,4","20,8","18,3","17,7",83,81,82,113,5,"2,7"
2022/12/03,0100 UTC,0,885,885,"884,7",,"20,4","18,1","20,8","20,3","18,2","17,7",88,82,87,85,"5,6",2
2022/12/03,0200 UTC,0,"885,4","885,4",885,,"20,5","17,9","20,5","20,3","18,3","17,9",88,85,85,74,"4,4",2
2022/12/03,0300 UTC,0,"885,1","885,4","885,1",,"20,3","17,6","20,5","20,3",18,"17,5",86,83,84,84,"4,8","2,5"
2022/12/03,0400 UTC,0,"884,3","885,1","884,3",,"19,4","17,5","20,3","19,4","17,6","17,4",89,84,89,61,"7,4","2,3"
2022/12/03,0500 UTC,0,884,"884,4",884,,"18,9","17,3","19,4","18,9","17,5","17,3",91,89,91,36,"4,6",1
2022/12/03,0600 UTC,0,"883,8",884,"883,7",,"18,5","16,1",19,"18,5","17,4","16,1",91,86,86,9,"2,9","0,7"
2022/12/03,0700 UTC,0,"883,4","883,8","883,4",,"17,3","15,9","18,5","17,3","16,1","15,8",92,86,92,44,"1,7","0,8"
2022/12/03,0800 UTC,0,"884,2","884,2","883,3",,"18,1","16,3","18,1","17,1","16,6","15,7",92,90,90,106,"1,8",1
2022/12/03,0900 UTC,0,"885,1","885,1","884,2","18,7","18,7","16,6","18,8",18,"16,7","16,1",90,86,88,85,"4,1","1,8"
2022/12/03,1000 UTC,0,"885,9","885,9","885,1",354,"19,8","16,5","19,8","18,7","16,8","16,3",88,81,82,56,"5,7",3
2022/12/03,1100 UTC,0,"886,6","886,6","885,9","1655,7","21,1",17,"21,4","19,7","17,5","16,5",83,76,78,55,7,"2,3"
2022/12/03,1200 UTC,0,"887,2","887,2","886,6","1124,8","20,3","17,4","21,3","20,2","17,4","16,9",83,77,83,68,"5,9","2,8"
2022/12/03,1300 UTC,2,"887,4","887,6","887,2","1348,5","21,4","18,2","21,4","19,7","18,4","17,2",89,82,82,75,6,"3,3"
2022/12/03,1400 UTC,0,"886,8","887,4","886,8","1962,6","21,7","17,5","22,1","21,3","18,3","17,3",82,76,77,81,"7,1","4,1"
2022/12/03,1500 UTC,0,"886,1","886,8","886,1","2078,6","23,1","18,3","23,5","21,5","18,7","17,3",79,71,75,21,"7,8","3,5"
2022/12/03,1600 UTC,0,"885,1","886,1","885,1","2980,4","23,3","16,7","23,8","22,5","19,4","16,7",78,66,66,35,"7,8","2,7"
2022/12/03,1700 UTC,0,"884,3","885,1","884,3","2363,1","24,5",17,"24,6","23,1",18,"16,4",70,62,63,37,"6,2","2,7"
2022/12/03,1800 UTC,0,"883,5","884,3","883,5","2454,7","24,3","16,9","25,8","23,8","18,2","16,3",66,59,64,69,"6,6","2,8"
2022/12/03,1900 UTC,0,"882,9","883,5","882,8",908,"23,7","16,9","24,3","23,5","17,2","16,3",67,63,66,72,"6,6","3,1"
2022/12/03,2000 UTC,0,883,883,"882,7","488,8",23,"16,6","23,7",23,17,"16,3",68,65,67,72,6,"2,4"
2022/12/03,2100 UTC,0,"883,4","883,5",883,"180,4","21,3","17,4",23,"21,3","17,5","16,5",78,66,78,329,"5,8","2,2"
2022/12/03,2200 UTC,0,"883,8","883,8","883,3","17,4","20,5","17,6","21,3","20,5","17,7","17,4",84,78,84,343,"3,7","1,2"
2022/12/03,2300 UTC,0,"884,6","884,6","883,8",,"20,4","17,7","20,9","20,4","17,7","17,1",85,79,85,44,"5,4","2,1"
2022/12/04,0000 UTC,"6,6","885,6","885,6","884,6",,"18,2","16,9","20,4","18,2","18,2","16,7",92,85,92,6,8,"4,6"
2022/12/04,0100 UTC,"2,6","885,8","885,8","885,6",,"18,7","17,6","18,7","18,2","17,6","16,9",94,92,93,360,8,"1,3"
2022/12/04,0200 UTC,0,"885,9","886,1","885,8",,"18,7","17,6","18,8","18,7","17,7","17,6",94,93,94,339,"3,1","1,7"
2022/12/04,0300 UTC,0,"885,3","885,9","885,3",,"18,8","17,7","18,8","18,6","17,7","17,6",94,93,93,30,"3,4","1,4"
2022/12/04,0400 UTC,"8,4","884,5","885,3","884,5",,18,"16,9",19,18,"17,7","16,9",93,92,93,26,"7,6","2,4"
2022/12/04,0500 UTC,"1,8",884,"884,5",884,,"18,1","16,9","18,1","17,9",17,"16,8",93,93,93,19,"6,5","2,6"
2022/12/04,0600 UTC,"0,4","883,4",884,"883,4",,"17,9","16,8","18,1","17,9","16,9","16,8",93,93,93,9,"5,2","2,5"
2022/12/04,0700 UTC,0,"883,3","883,4","883,1",,18,"16,7",18,"17,9","16,8","16,7",93,92,92,41,"4,8","2,2"
2022/12/04,0800 UTC,0,"883,5","883,6","883,3",,"18,1","16,6","18,1","17,9","16,7","16,6",92,91,91,57,"4,4","1,7"
2022/12/04,0900 UTC,"0,2","884,2","884,2","883,5","9,6","18,2","16,6","18,2","18,1","16,7","16,5",91,90,91,77,"3,9",2
2022/12/04,1000 UTC,0,"884,9","884,9","884,2","149,4","18,6","17,1","18,6","18,2","17,1","16,6",92,91,91,66,"3,7","1,3"
2022/12/04,1100 UTC,0,"885,4","885,4","884,9","822,9","20,1",18,"20,1","18,6",18,"17,1",91,86,88,18,"4,4",2
2022/12/04,1200 UTC,0,886,886,"885,4","1937,2","22,8",17,"22,8","20,1","18,2","16,6",88,70,70,21,7,"3,4"
2022/12/04,1300 UTC,0,"886,1","886,1",886,"2602,6","22,5","16,9","23,6","22,4",18,16,72,65,71,34,8,"3,3"
2022/12/04,1400 UTC,0,"885,9","886,2","885,9",2108,24,"16,6",24,"22,4","17,1","15,9",71,63,63,47,"7,5","3,5"
2022/12/04,1500 UTC,0,"885,2","885,9","885,2","3733,8",25,"16,2","25,5","23,3","17,5","15,6",66,56,58,57,"7,4",4
2022/12/04,1600 UTC,0,"884,3","885,2","884,3","3204,7","24,6","15,8","24,9","23,8","17,2","15,7",63,57,58,48,"7,1",3
2022/12/04,1700 UTC,0,"883,3","884,3","883,3","1882,2","23,5","15,9","25,4","23,3","17,2","15,5",68,55,62,47,"7,1","3,2"
2022/12/04,1800 UTC,"2,4","882,8","883,3","882,8","882,6","20,3","18,1","24,4","20,2","18,1","15,7",87,61,87,296,"7,3","1,7"
2022/12/04,1900 UTC,0,"882,4","882,8","882,4","887,7","21,3","17,7","21,3","20,3","18,3","17,3",88,80,80,339,"4,7","2,7"
2022/12/04,2000 UTC,0,"882,5","882,6","882,3",702,"21,1","17,1",22,"21,1","18,2","16,9",81,77,78,315,"5,4","1,6"
2022/12/04,2100 UTC,"0,2","882,7","882,7","882,4",203,"20,9","17,5","21,2","20,9","17,8","17,1",81,78,81,292,"2,9",1
2022/12/04,2200 UTC,0,"883,6","883,6","882,7","22,8","20,1",18,"20,9",20,18,"17,1",88,79,88,271,"2,3","0,5"
2022/12/04,2300 UTC,0,"884,6","884,6","883,6",,"20,5","17,9","20,8","20,1","18,1","17,8",88,84,85,132,"4,4",2
2022/12/05,0000 UTC,0,"885,4","885,4","884,6",,"20,1","16,5","20,6","20,1",18,"15,5",86,72,80,100,"4,3",2
2022/12/05,0100 UTC,0,886,886,"885,4",,"19,7","17,2",20,"19,6","17,6","16,9",88,82,86,100,"4,6","2,1"
2022/12/05,0200 UTC,0,886,"886,1","885,9",,"19,7","16,7","19,8","19,6","17,3","16,7",86,83,83,84,"5,6","2,7"
2022/12/05,0300 UTC,0,"885,6","886,1","885,6",,"19,2","16,7","19,7","19,2",17,"16,7",86,83,86,68,"7,3","2,7"
2022/12/05,0400 UTC,0,"884,8","885,6","884,8",,"18,8",17,"19,2","18,8",17,"16,7",89,86,89,70,5,"1,9"
2022/12/05,0500 UTC,0,"884,4","884,8","884,4",,"18,8","16,6","18,8","18,6",17,"16,6",89,87,87,45,"5,2","1,7"
2022/12/05,0600 UTC,0,884,"884,4",884,,"18,9","16,4",19,"18,7","16,6","16,4",87,85,86,74,"4,9","2,6"
2022/12/05,0700 UTC,0,"884,1","884,1",884,,"18,8",17,"18,9","18,7",17,"16,4",90,86,90,97,"4,9","1,2"
2022/12/05,0800 UTC,0,"884,5","884,5","884,1",,"18,9","17,3","18,9","18,8","17,3",17,90,90,90,78,5,"2,6"
2022/12/05,0900 UTC,0,"884,9","884,9","884,5","17,8",19,"17,4",19,"18,9","17,4","17,3",91,90,90,77,6,"3,1"
2022/12/05,1000 UTC,0,"885,8","885,8","884,9","232,9","19,5","17,2","19,6",19,"17,4","17,1",90,86,86,54,"6,7","2,4"
2022/12/05,1100 UTC,0,"886,2","886,3","885,8","583,1","20,5","17,5","20,5","19,4","17,6","17,1",87,82,83,74,"6,1","3,3"
2022/12/05,1200 UTC,0,"886,7","886,7","886,2","1396,4","21,6","17,2",22,"20,5","18,1","16,8",83,75,76,35,"6,6","3,6"
2022/12/05,1300 UTC,0,"886,9","886,9","886,7","2188,3","23,8",18,"23,8","21,6",18,"16,6",77,69,70,36,7,"2,6"
2022/12/05,1400 UTC,0,"886,6",887,"886,6","2831,7","24,1","16,7","24,9","23,1","18,5","16,7",70,63,63,49,7,"3,1"
2022/12/05,1500 UTC,0,"886,2","886,6","886,2","1736,9","22,6","17,5","24,6","22,5",18,"16,1",75,61,73,351,"7,9","4,3"
2022/12/05,1600 UTC,"0,2","885,2","886,2","885,2","1954,3","23,3",18,"23,3","21,6","18,4","16,1",79,67,72,54,"7,4","2,3"
2022/12/05,1700 UTC,0,"884,3","885,2","884,3","2699,3","26,8","16,9","26,9","23,3","18,3","15,7",72,54,55,29,"6,5","2,7"
2022/12/05,1800 UTC,0,"883,4","884,3","883,4","1910,3","26,2","14,8","26,8","24,8","17,3","14,8",61,49,50,43,8,4
2022/12/05,1900 UTC,0,"883,5","883,6","883,1","1380,7","22,7","17,1","26,4","22,7","17,2","14,5",70,49,70,327,"7,4","4,5"
2022/12/05,2000 UTC,0,"884,1","884,1","883,5","363,4","21,5",17,"22,7","21,2","17,4",17,78,71,76,314,8,2
2022/12/05,2100 UTC,0,"884,5","884,5","883,8",199,"21,6","17,2","21,7","21,4","17,3","16,8",77,74,76,154,"3,5",1
2022/12/05,2200 UTC,0,"885,4","885,4","884,5","30,5","20,2","17,4","21,6","20,2","17,8","17,2",84,76,84,168,"2,8","1,3"
2022/12/05,2300 UTC,0,"886,4","886,4","885,4",,"19,8","17,4","20,2","19,5","17,6","17,2",88,84,86,141,"2,1",1
2022/12/06,0000 UTC,0,"887,1","887,1","886,4",,"19,6","17,7","20,2","19,5","17,7","17,1",89,84,89,356,"1,8","0,3"
2022/12/06,0100 UTC,0,"887,7","887,7","887,1",,"20,4","17,5","20,4","19,6","18,3","17,3",89,83,84,119,"2,8","1,4"
2022/12/06,0200 UTC,0,"888,1","888,1","887,7",,20,"17,3","20,4",20,"17,7","17,2",86,83,84,98,"4,7","2,1"
2022/12/06,0300 UTC,0,"887,9","888,3","887,9",,20,"17,7","20,1","19,9","17,7","17,3",87,84,87,79,"4,1","0,9"
2022/12/06,0400 UTC,0,"887,4","887,9","887,3",,"19,9","17,6",20,"19,6","17,8","17,5",88,86,87,124,"1,6","0,7"
2022/12/06,0500 UTC,1,887,"887,4",887,,"19,3","17,7","19,9","19,2","17,7","17,5",91,87,91,115,"2,4","1,1"
2022/12/06,0600 UTC,21,"887,3","887,3",887,,"16,7","15,6","19,3","16,7","17,7","15,3",93,88,93,296,"5,9","0,9"
2022/12/06,0700 UTC,"11,4","887,4","887,4","887,1",,"16,7","15,7","16,9","16,5","15,8","15,4",94,93,94,20,"5,2","1,8"
2022/12/06,0800 UTC,"3,6","887,8","887,8","887,4",,"16,8","15,8","16,9","16,7","15,9","15,6",94,94,94,59,"3,2","1,1"
2022/12/06,0900 UTC,"0,4","888,2","888,2","887,8","11,2","16,9","15,8","16,9","16,8","15,8","15,7",94,93,93,129,"2,3","0,9"
2022/12/06,1000 UTC,"0,4","888,9","888,9","888,2","250,7","17,7","16,5","17,8","16,8","16,7","15,8",94,93,93,55,"3,5","1,4"
2022/12/06,1100 UTC,0,"889,4","889,4","888,9","890,7","19,5","16,6","19,6","17,7","17,3","16,6",93,83,83,57,"3,4","0,6"
2022/12/06,1200 UTC,0,"890,2","890,2","889,4","1283,9","20,4","16,3","20,5","19,5",17,"16,1",84,77,77,21,"3,5",1
2022/12/06,1300 UTC,0,"890,2","890,3","890,1","1304,1","21,8","16,8",22,"20,2","17,5","15,6",78,71,73,20,4,"1,8"
2022/12/06,1400 UTC,0,"889,9","890,2","889,9","1305,8","22,1","17,4","22,3","21,6","17,7","16,7",77,73,75,339,"3,8","1,5"
2022/12/06,1500 UTC,0,"889,4","889,9","889,4","1179,7","22,7","17,4","22,8",22,18,"17,1",77,71,72,5,"3,8","1,5"
2022/12/06,1600 UTC,0,"888,8","889,4","888,8","1209,1","23,3","17,3","23,4","22,7","17,9","16,8",74,68,69,337,4,"1,8"
2022/12/06,1700 UTC,0,"887,7","888,8","887,7",1958,24,"17,7","24,6","23,2","18,5","16,7",72,64,68,13,"6,1","2,9"
2022/12/06,1800 UTC,0,"887,2","887,7","887,2","1492,2",24,"16,6","24,9","23,7","17,8","16,3",68,62,63,343,"5,8","3,2"
2022/12/06,1900 UTC,0,887,"887,3","886,8","691,6","23,1","17,4","24,8","23,1","17,8","16,3",72,60,70,317,"6,7","2,6"
2022/12/06,2000 UTC,0,"886,7",887,"886,6","433,6","22,6","16,8","23,1","22,6","17,6","16,5",72,68,70,332,"5,9","1,5"
2022/12/06,2100 UTC,0,"886,8","886,9","886,7","316,5","22,4","16,7","22,6","22,4","17,1","16,4",71,68,70,350,"3,4","1,9"
2022/12/06,2200 UTC,0,"887,1","887,1","886,7","48,7","21,1",17,"22,4","21,1",17,"16,5",78,69,77,295,"3,4","0,9"
2022/12/06,2300 UTC,0,"888,1","888,1","887,1",,"20,9","18,3","21,1","20,5","18,4","16,9",85,77,85,135,"2,4","1,4"
2022/12/07,0000 UTC,0,"888,9","888,9","888,1",,"20,6","18,4","20,9","20,6","18,5","18,3",87,85,87,114,4,"1,8"
2022/12/07,0100 UTC,0,"889,2","889,2","888,8",,"20,2",18,"20,6","20,1","18,5",18,88,87,88,108,"3,8","1,2"
2022/12/07,0200 UTC,0,"889,1","889,3","889,1",,"19,8",18,"20,2","19,8","18,1","17,9",89,87,89,132,"3,4","1,8"
2022/12/07,0300 UTC,0,"888,6","889,2","888,6",,"19,8","17,6","19,8","19,6","18,1","17,6",90,87,87,109,"2,9","1,3"
2022/12/07,0400 UTC,0,"887,6","888,6","887,6",,"19,7","17,4","19,8","19,6","17,6","17,4",87,87,87,101,"2,5","1,6"
2022/12/07,0500 UTC,0,"887,3","887,6","887,3",,"19,3","17,5","19,8","19,3","17,6","17,3",89,86,89,137,3,"1,6"
2022/12/07,0600 UTC,0,"887,1","887,3","887,1",,"19,1","17,2","19,4","19,1","17,6","17,1",90,88,89,120,"4,3","1,5"
2022/12/07,0700 UTC,0,"887,1","887,2","887,1",,"18,7",17,"19,1","18,7","17,2",17,90,89,90,128,"3,8","1,5"
2022/12/07,0800 UTC,0,"887,1","887,1","886,9",,"18,2","16,9","18,7","18,2","17,1","16,9",92,90,92,163,"2,7","0,8"
2022/12/07,0900 UTC,0,"887,5","887,5","887,1","32,5","17,6","16,6","18,3","17,2",17,"16,1",94,92,94,231,"1,6","0,1"
2022/12/07,1000 UTC,0,"887,8","887,9","887,5","548,5","20,6","17,7","20,6","17,6","18,4","16,6",94,83,84,76,"3,2","1,4"
2022/12/07,1100 UTC,0,"888,4","888,4","887,8","1137,5","21,9","17,7","21,9","20,6",18,"17,3",84,77,77,89,"4,4","1,8"
2022/12/07,1200 UTC,0,"888,7","888,7","888,4","1946,9",23,"17,5","23,1","21,5",18,"17,2",78,70,71,27,"4,5","2,2"
2022/12/07,1300 UTC,0,"888,6","888,7","888,5","2661,6",24,"16,7","24,7","22,7","18,3","16,7",73,64,64,21,"5,4","1,8"
2022/12/07,1400 UTC,0,"887,9","888,6","887,9","3385,9","25,2","17,1",27,"23,7","18,3","16,2",67,56,61,360,"5,3","2,3"
2022/12/07,1500 UTC,0,"887,2","887,9","887,2","3463,8","27,1","17,4","27,1",25,"18,3","15,9",63,52,55,54,5,"2,6"
2022/12/07,1600 UTC,0,"886,5","887,2","886,5","2111,4","26,4","16,6","27,5","26,3",17,"14,9",56,48,55,302,"4,5","1,3"
2022/12/07,1700 UTC,0,"885,8","886,5","885,7","861,7","22,9","17,1","26,5","22,9","17,3","15,7",70,53,70,184,"6,4","3,5"
2022/12/07,1800 UTC,"0,4","885,5","885,9","885,5","429,1",21,"17,7","22,8","20,5","18,7","16,9",86,70,82,142,"6,8",2
2022/12/07,1900 UTC,"0,6","884,9","885,6","884,9","545,5","20,5","18,1","21,5","20,1","18,6","17,5",87,80,86,14,"5,3","0,7"
2022/12/07,2000 UTC,"0,2","884,4","884,9","884,3","622,3","23,2","18,5","23,2","20,5","19,3","18,3",87,75,75,151,2,"0,8"
2022/12/07,2100 UTC,0,"884,5","884,5","884,3",836,"23,9","18,7","24,8","23,2","18,7","17,4",75,66,73,123,"1,9","0,5"
2022/12/07,2200 UTC,0,"884,7","884,7","884,3","38,3","21,3","18,6","23,9","21,3","19,2","18,4",85,72,85,162,"2,5","0,8"
2022/12/07,2300 UTC,0,"885,1","885,1","884,7",,"20,5","19,1","21,3","20,2","19,1","18,3",92,85,92,358,"2,5","1,6"
2022/12/08,0000 UTC,0,"885,4","885,5","885,1",,20,"18,8","20,6","19,9","19,4","18,6",93,92,93,316,"2,5",1
2022/12/08,0100 UTC,0,"886,2","886,2","885,4",,"20,4",19,"20,6","19,9","19,3","18,7",93,91,92,357,"2,2","1,5"
2022/12/08,0200 UTC,0,"886,5","886,6","886,2",,"19,8","18,5","20,6","19,8","19,1","18,5",93,91,92,9,"2,2","0,5"
2022/12/08,0300 UTC,0,"886,1","886,7","886,1",,"19,4","18,2","19,9","19,4","18,7","18,2",93,92,93,304,"1,8","0,2"
2022/12/08,0400 UTC,0,"885,2","886,1","885,2",,"19,4","17,9","19,6",19,"18,3","17,9",94,91,91,214,"2,7","1,7"
2022/12/08,0500 UTC,0,"884,6","885,2","884,6",,"18,7","17,4","19,5","18,5",18,17,92,90,92,257,"2,6","0,4"
2022/12/08,0600 UTC,0,"883,9","884,6","883,9",,"20,2",18,"20,2","18,7","18,5","17,4",93,87,87,175,3,"0,9"
2022/12/08,0700 UTC,0,"883,6","883,9","883,5",,"19,6",18,"20,2","19,2",18,"17,5",91,86,90,66,"2,4","0,9"
2022/12/08,0800 UTC,0,"883,9","883,9","883,5",,"18,7","17,4","19,6","18,7",18,"17,4",92,90,92,323,"1,8","0,7"
2022/12/08,0900 UTC,0,"884,6","884,6","883,9","12,3","19,5","18,3","19,5","18,6","18,3","17,4",93,92,93,162,"2,2","0,9"
2022/12/08,1000 UTC,0,"884,9","884,9","884,6","235,2","20,2","18,5","20,2","19,5","18,6","18,3",93,90,90,151,"1,8","0,7"
2022/12/08,1100 UTC,0,885,885,"884,8","959,2","22,6",18,"22,6","20,2","18,6","17,3",90,74,75,224,"2,5",1
2022/12/08,1200 UTC,0,"885,4","885,4",885,"1697,8","23,7","16,6","23,9","22,6","18,2","16,6",75,65,65,238,"3,1","0,9"
2022/12/08,1300 UTC,0,"885,5","885,5","885,3","2278,3","24,7","17,5",25,"23,7","17,9","16,7",67,62,64,188,"4,5","1,9"
2022/12/08,1400 UTC,0,"885,1","885,5","885,1","2353,8","25,7","17,1","26,5","24,7","18,7","16,3",67,55,59,157,"4,3","1,4"
2022/12/08,1500 UTC,0,"884,5","885,1","884,5","1988,1","25,5","18,4","26,9","25,3","19,3","17,1",67,58,65,64,"5,1",1
2022/12/08,1600 UTC,0,"883,9","884,5","883,8","1562,1","26,6","17,8","27,2","24,9","19,1","17,3",66,58,59,34,"4,6","2,3"
2022/12/08,1700 UTC,0,"883,1","883,9",883,"2037,6","25,6","17,9","26,5","24,2","18,8","17,2",69,59,62,27,"6,8","3,5"
2022/12/08,1800 UTC,0,"882,3","883,1","882,3","1030,7","25,8","18,8","26,2","24,3",20,"17,9",73,62,65,356,6,"2,6"
2022/12/08,1900 UTC,"3,2","881,5","882,5","881,5","1162,5","25,3","18,9","25,8","23,9","20,8","18,3",79,64,68,274,5,"2,3"
2022/12/08,2000 UTC,0,"881,1","881,5",881,"1223,1","26,6","16,6","27,4","25,4","19,6","16,6",68,53,54,231,"5,5","2,4"
2022/12/08,2100 UTC,0,"881,5","881,5","881,1","527,5","24,9","18,1","26,7","24,9","18,6","16,5",67,54,66,247,"7,8","2,9"
2022/12/08,2200 UTC,0,"881,7","881,8","881,5","106,4","24,1","17,7",25,"24,1","18,3","17,4",68,65,68,266,"6,6","1,5"
2022/12/08,2300 UTC,0,"882,5","882,5","881,7",,"22,7","17,8","24,1","22,7",18,"17,5",74,67,74,287,"3,4","1,3"
2022/12/09,0000 UTC,0,"883,4","883,4","882,5",,"21,1","18,1","22,7","21,1","18,2","17,8",83,74,83,302,"2,6",1
2022/12/09,0100 UTC,0,"883,7","883,7","883,3",,"22,2","18,2","22,2","21,2","18,5","18,1",83,78,78,261,"3,3","1,6"
2022/12/09,0200 UTC,0,884,884,"883,5",,"22,1","18,8","22,9","22,1","18,8","18,1",82,75,82,128,"4,5","2,2"
2022/12/09,0300 UTC,0,"883,5","884,1","883,4",,"20,3","18,4",23,"20,3","19,1","18,3",89,75,89,41,"5,8","2,5"
2022/12/09,0400 UTC,"2,4","883,6",884,"883,1",,"19,9","18,4","20,3","19,9","18,7","18,4",91,89,91,124,6,"2,8"
2022/12/09,0500 UTC,"4,2","882,8","883,6","882,8",,"19,5","18,4","19,9","19,4","18,6","18,3",94,91,93,102,"5,4",2
2022/12/09,0600 UTC,8,883,"883,4","882,8",,"19,3","18,3","19,5","19,3","18,4","18,2",94,93,94,111,"5,2","1,5"
2022/12/09,0700 UTC,"1,4","883,3","883,3","882,8",,"19,1","18,1","19,4",19,"18,4","18,1",94,94,94,200,"3,4","0,9"
2022/12/09,0800 UTC,0,"883,6","883,6","883,3",,"18,6","17,5","19,2","18,6","18,2","17,5",94,93,93,356,"4,2","0,8"
2022/12/09,0900 UTC,"1,6","884,1","884,1","883,5","1,5","18,8","17,7","18,8","18,5","17,7","17,3",93,93,93,47,"4,2","2,3"
2022/12/09,1000 UTC,"0,8","885,2","885,3","884,1","82,4",19,"17,8",19,"18,6","17,9","17,5",93,93,93,70,"4,2","0,9"
2022/12/09,1100 UTC,"0,4","885,9","885,9","885,2","418,9",19,"17,7","19,1","18,7",18,"17,4",93,92,92,350,"6,5","3,4"
2022/12/09,1200 UTC,0,"885,9","886,1","885,8","660,7","18,6","17,3",19,"18,6","17,7","17,1",92,90,92,334,"7,5","3,8"
2022/12/09,1300 UTC,"0,2","885,5","885,9","885,4","1191,7","20,1","18,3","20,2","18,6","18,5","17,2",93,89,89,326,"7,9","4,1"
2022/12/09,1400 UTC,0,"885,3","885,5","885,1","2567,8","23,5",18,"23,5","19,9","19,2","17,8",89,71,71,292,"7,5","2,4"
2022/12/09,1500 UTC,0,"884,8","885,3","884,8","2998,8","24,9","18,1","25,6","23,4","18,6","17,1",73,62,66,289,"5,8","2,7"
2022/12/09,1600 UTC,0,"883,4","884,8","883,4","2608,9","26,6",18,"26,6","24,9","18,3","16,6",67,57,59,261,"5,3","1,8"
2022/12/09,1700 UTC,0,"882,5","883,4","882,5","2641,2","26,4","15,6","27,1","25,9",18,"15,6",60,51,51,204,"5,1","2,6"
2022/12/09,1800 UTC,0,"882,1","882,5","882,1","2445,1","26,7","17,8","27,4","25,9","18,5","16,1",61,52,58,203,"5,1","2,7"
2022/12/09,1900 UTC,0,"881,3","882,1","881,3","1938,8","25,4","18,4","27,6","25,4","18,8","16,7",66,54,65,164,"5,4","1,8"
2022/12/09,2000 UTC,0,"881,6","881,6","881,1","796,5","25,1",18,26,"24,7","19,5","17,6",69,60,65,354,"3,6","1,7"
2022/12/09,2100 UTC,0,"881,8","881,9","881,6",386,"23,7","19,3","25,2","23,7","19,4","18,3",77,65,76,354,"5,7","3,4"
2022/12/09,2200 UTC,0,"882,7","882,7","881,8","88,2","22,8","19,3","23,7","22,8","19,6","19,3",82,76,81,331,"6,5","2,8"
2022/12/09,2300 UTC,23,"884,1","884,3","882,7",,"20,3",17,"22,8","18,1","19,3","15,9",92,78,81,108,"9,1","3,2"
2022/12/10,0000 UTC,"5,4","884,9","884,9","884,1",,"19,2","15,9","21,3","19,1",18,"15,9",91,80,81,27,"8,2",3
2022/12/10,0100 UTC,"4,8","885,9","886,5","884,9",,"17,6","16,1","19,3","17,4","17,2","15,9",92,80,91,77,13,"3,4"
2022/12/10,0200 UTC,4,"884,8","886,4","884,8",,"17,2","16,1","17,6",17,"16,1","15,8",93,91,93,316,"7,4","1,7"
2022/12/10,0300 UTC,"0,2","884,6","885,5","884,6",,"17,4",16,"17,8","17,2","16,6",16,93,92,92,275,"5,7","2,6"
2022/12/10,0400 UTC,"0,2","885,2","885,5","884,6",,"17,8","16,4","17,9","17,4","16,4",16,92,90,91,59,"5,7","1,8"
2022/12/10,0500 UTC,0,"884,6","885,2","884,6",,"17,4","15,9","17,8","17,4","16,4","15,9",92,90,91,351,"4,6","1,4"
2022/12/10,0600 UTC,0,"884,7","884,9","884,6",,"17,2","15,9","17,4","17,1",16,"15,8",92,91,92,331,"4,8","2,2"
2022/12/10,0700 UTC,0,"883,7","884,7","883,7",,"17,5","16,4","17,5","17,2","16,4","15,9",93,92,93,313,"6,4",3
2022/12/10,0800 UTC,0,"884,4","884,4","883,7",,"17,7","16,4","17,7","17,5","16,6","16,3",93,93,93,318,"6,7","2,7"
2022/12/10,0900 UTC,0,"884,7","884,8","884,4","13,5","17,4","16,1","17,7","17,4","16,4","16,1",93,92,92,319,"8,6","3,6"
2022/12/10,1000 UTC,0,"885,5","885,5","884,7",193,"17,6","16,4","17,6","17,3","16,4","16,1",93,92,93,324,9,4
2022/12/10,1100 UTC,0,"886,4","886,4","885,5","607,3","18,2","16,1","18,3","17,6","16,7","16,1",93,87,87,323,"7,6","4,2"
2022/12/10,1200 UTC,0,"887,1","887,2","886,4","1087,3","19,8","16,7","19,8","18,2","16,7",16,88,82,82,324,9,"3,6"
2022/12/10,1300 UTC,0,"887,2","887,4","887,1",2526,"22,4",17,"22,6","19,7","17,7","16,2",82,71,71,349,"7,1","4,5"
2022/12/10,1400 UTC,0,"887,5","887,6","887,2","2777,1","23,4","17,1","23,4",22,"17,9","16,2",74,65,68,314,"7,9","3,7"
2022/12/10,1500 UTC,0,"887,1","887,6","887,1","3303,3","24,7","17,2","25,4","22,8","18,1","16,4",71,60,63,314,"7,8","3,6"
2022/12/10,1600 UTC,0,"887,2","887,2",887,"2556,7","24,1","17,8",25,"23,6","17,9","16,7",68,62,68,304,"8,3","3,3"
2022/12/10,1700 UTC,0,"886,4","887,2","886,3","2531,5","25,1","16,3","25,7","23,6",18,"16,2",68,57,58,298,"8,9","4,5"
2022/12/10,1800 UTC,0,"885,7","886,4","885,7","3478,6",25,"16,5","26,2","24,4","17,4","15,5",62,54,59,297,"9,7","3,7"
2022/12/10,1900 UTC,0,885,"885,7",885,"2398,9","24,1","16,5",26,"24,1","17,3","15,8",63,56,62,290,"8,5","3,3"
2022/12/10,2000 UTC,0,"884,6",885,"884,6","866,1","22,7","16,4","24,1","22,7","17,1",16,68,63,68,295,"7,6","2,8"
2022/12/10,2100 UTC,0,"884,6","884,7","884,4",486,22,"16,6",23,22,"16,8","16,1",72,66,71,312,"6,3",3
2022/12/10,2200 UTC,0,"885,2","885,2","884,6","77,2","20,8","16,5","22,1","20,7","16,8","16,3",77,71,76,300,"5,6","1,5"
2022/12/10,2300 UTC,0,"886,4","886,4","885,2",,"20,2",17,"20,8","20,1",17,"16,5",82,76,82,11,"3,8","2,3"
2022/12/11,0000 UTC,0,887,"887,1","886,4",,"19,8","17,5","20,2","19,7","17,5",17,86,82,86,8,"3,8","1,9"
2022/12/11,0100 UTC,0,"887,9","887,9",887,,"18,7",17,"19,8","18,7","17,6",17,90,86,90,5,"3,3","0,3"
2022/12/11,0200 UTC,0,"887,7",888,"887,7",,"19,3","17,4","19,3","18,7","17,4","16,9",90,89,89,324,"3,6","1,9"
2022/12/11,0300 UTC,0,887,"887,7",887,,"18,8","17,2","19,3","18,7","17,3",17,91,88,90,334,"3,2","1,4"
2022/12/11,0400 UTC,0,"886,7",887,"886,6",,"18,9","17,3","18,9","18,6","17,4",17,91,90,90,313,"3,1","1,4"
2022/12/11,0500 UTC,0,"886,4","886,6","886,4",,"19,2","17,2","19,3","18,9","17,5","17,2",90,88,88,323,"3,8","1,2"
2022/12/11,0600 UTC,0,"886,1","886,4","886,1",,"19,7","16,9","19,7","19,2","17,3","16,9",88,84,84,334,"3,3","1,7"
2022/12/11,0700 UTC,0,"886,4","886,4","886,1",,"19,4",17,"19,8","19,2",17,"16,7",86,83,86,338,"3,2","1,2"
2022/12/11,0800 UTC,0,"886,1","886,4","886,1",,"18,7","17,1","19,4","18,7","17,2",17,91,86,91,291,"1,9","0,9"
2022/12/11,0900 UTC,0,"886,5","886,5","886,1","3,1","18,9",17,19,"18,6","17,3","16,9",91,89,89,342,"2,5","1,4"
2022/12/11,1000 UTC,0,"886,9","886,9","886,5","204,2","20,2","17,2","20,2","18,9","17,2","16,8",89,83,83,285,"2,3","0,9"
2022/12/11,1100 UTC,0,"887,3","887,3","886,9","843,4","21,8","17,3","21,8","20,2","17,6","16,5",83,73,76,333,"3,1","1,6"
2022/12/11,1200 UTC,0,"887,6","887,6","887,3","1990,6","24,6","16,1",25,"21,8","17,7","15,8",76,58,59,266,"4,9","2,2"
2022/12/11,1300 UTC,0,"887,3","887,6","887,3",2972,"26,7","15,2","26,7","24,5","17,1","14,6",62,49,49,283,"5,4","2,5"
2022/12/11,1400 UTC,0,"887,3","887,4","887,3","3699,2","27,7","15,8","27,8","26,7","16,3","13,6",52,43,48,274,"7,4",3
2022/12/11,1500 UTC,0,887,"887,3",887,"2164,8","26,4","15,5","28,4","26,2","16,5","14,9",54,45,51,314,"6,8","2,4"
2022/12/11,1600 UTC,0,"886,3",887,"886,3","1432,2","24,3",16,"26,5","22,7","17,7","15,6",72,51,60,200,"6,9","3,3"
2022/12/11,1700 UTC,0,"884,9","886,3","884,9",2620,"27,2","14,6","27,7","24,3",17,"14,2",60,46,46,339,"6,2","2,3"
2022/12/11,1800 UTC,0,"884,3",885,"884,3","1983,6","28,4","15,8","28,4","26,7","16,8","14,8",52,46,46,340,7,"3,2"
2022/12/11,1900 UTC,0,"883,6","884,3","883,6","2555,3","27,8",15,29,"27,8","15,6",13,46,38,46,335,"6,4","3,1"
2022/12/11,2000 UTC,0,"883,7","883,8","883,3",1138,26,"16,6","28,3",26,"16,6","13,8",56,43,56,317,"8,5","3,5"
2022/12/11,2100 UTC,0,"884,2","884,2","883,7","340,1","22,7","16,9",26,"22,7","17,7","16,7",71,56,70,283,"8,1","3,6"
2022/12/11,2200 UTC,0,"884,7","884,7","884,2","55,6","21,5","16,3","22,7","21,5","16,9","16,2",72,69,72,288,"7,3","2,1"
2022/12/11,2300 UTC,0,"885,4","885,5","884,7",,"21,2","15,9","21,6","21,2","16,3","15,9",73,71,71,282,"5,1","1,2"
2022/12/12,0000 UTC,0,"886,1","886,1","885,4",,"21,3","15,4","21,4",21,16,"15,4",72,69,69,292,"4,5",2
2022/12/12,0100 UTC,0,"886,8","886,8","886,1",,"20,9","15,8","21,3","20,8","15,8","15,4",73,69,73,273,"5,4","1,9"
2022/12/12,0200 UTC,0,"886,4","886,8","886,4",,21,"16,2","21,1","20,6","16,2","15,8",74,73,74,251,"5,9","2,5"
2022/12/12,0300 UTC,0,"886,4","886,5","886,3",,"19,5",16,"21,1","19,5","16,6",16,80,74,80,251,"7,1","1,8"
2022/12/12,0400 UTC,0,"885,7","886,4","885,7",,"19,3","15,8","19,6","19,3","16,1","15,8",80,79,80,309,"5,4","1,1"
2022/12/12,0500 UTC,0,"885,2","885,7","885,2",,"18,5",16,"19,3","18,5","16,1","15,8",85,80,85,326,"2,5","0,9"
2022/12/12,0600 UTC,0,"884,8","885,2","884,7",,"18,6","15,9","18,8","18,2","16,2","15,6",86,83,84,311,"2,3","1,2"
2022/12/12,0700 UTC,0,"884,4","884,8","884,4",,"17,6","15,4","18,6","17,6",16,"15,4",87,84,87,295,"2,3",1
2022/12/12,0800 UTC,0,"884,4","884,5","884,3",,"16,9","15,2","17,7","16,9","15,7","15,2",90,87,89,297,"1,8","1,2"
2022/12/12,0900 UTC,0,"885,1","885,1","884,4","16,1","18,3","15,3","18,6","16,9","15,8","15,2",90,81,83,273,3,"0,8"
2022/12/12,1000 UTC,0,"885,5","885,5",885,458,"20,4","15,8","20,5","18,1","16,3","15,3",85,75,75,302,"2,9","1,6"
2022/12/12,1100 UTC,0,"885,6","885,6","885,4","1265,1","23,1","16,4","23,1","20,4","16,9","15,9",76,66,66,247,"4,9","2,6"
2022/12/12,1200 UTC,0,886,886,"885,6","1999,1","24,6","16,1",25,23,"17,1","15,6",67,57,59,228,"6,9","3,3"
2022/12/12,1300 UTC,0,"886,5","886,5",886,2790,"26,1","15,4","26,9","24,6","16,9","15,4",60,51,52,271,"6,5","2,3"
2022/12/12,1400 UTC,0,"886,4","886,5","886,4","3056,1","27,7","16,3",28,26,"16,8","14,9",55,48,50,292,"6,5",3
2022/12/12,1500 UTC,0,"885,9","886,4","885,9","3028,3","28,4","15,7","28,4","26,5","16,8","14,7",52,43,46,285,"6,9","2,9"
2022/12/12,1600 UTC,0,"884,9","885,9","884,9","3528,9","27,5","15,1","29,2","27,5","16,4","14,2",48,41,47,286,"7,7",3
2022/12/12,1700 UTC,0,"883,7","884,9","883,7","1753,1","27,7","15,9","27,7","24,3","17,7","14,5",64,45,49,240,"8,7","3,3"
2022/12/12,1800 UTC,0,"883,2","883,7","883,2","1594,5",26,"14,6","28,7","24,8","16,4","14,6",58,46,49,271,"9,8","3,7"
2022/12/12,1900 UTC,0,"882,6","883,2","882,6",1237,25,"15,6",26,"23,2","16,2","14,5",64,49,56,312,"9,9","3,9"
2022/12/12,2000 UTC,0,"882,3","882,6","882,3","1401,5","26,1","15,9","26,1","24,6","17,6","14,9",62,51,53,294,"7,4","3,6"
2022/12/12,2100 UTC,0,"882,8","882,8","882,3",544,"24,5","16,7","26,1","24,5","16,7","15,3",62,52,62,297,"7,7","2,7"
2022/12/12,2200 UTC,0,"883,3","883,3","882,7","81,1","22,5",17,"24,5","22,5","17,3","16,7",71,62,71,303,"6,6","2,2"
2022/12/12,2300 UTC,0,884,"884,1","883,3",,"21,8","17,3","22,5","21,7","17,4",17,76,71,76,306,"5,8","2,2"
2022/12/13,0000 UTC,0,"884,7","884,7",884,,"21,7","17,1","21,8","21,3","17,5","17,1",78,75,75,278,5,"2,2"
2022/12/13,0100 UTC,0,"885,3","885,3","884,7",,"21,8","17,1","21,9","21,7","17,1","16,9",75,74,75,279,"4,3","1,6"
2022/12/13,0200 UTC,0,"885,4","885,5","885,3",,"21,2","17,3","21,9","21,2","17,3","17,1",78,74,78,335,"4,5","2,2"
2022/12/13,0300 UTC,0,885,"885,4",885,,21,"17,7","21,2",21,"17,7","17,3",81,78,81,331,"4,7","2,2"
2022/12/13,0400 UTC,0,"884,4",885,"884,4",,"20,5","17,7",21,"20,5","17,8","17,7",84,81,84,327,"3,9","1,7"
2022/12/13,0500 UTC,0,"884,4","884,5","884,4",,"20,4","17,7","20,5",20,"17,9","17,6",87,84,85,328,"3,4","1,7"
2022/12/13,0600 UTC,0,"884,2","884,5","884,2",,"20,4","17,6","20,7","20,4","17,7","17,6",85,83,84,322,"4,4","1,8"
2022/12/13,0700 UTC,0,"883,6","884,2","883,6",,"20,1","17,9","20,4","20,1","17,9","17,6",87,84,87,335,"4,2","2,3"
2022/12/13,0800 UTC,0,884,884,"883,5",,20,"18,1",20,"19,9","18,2","17,8",89,87,89,323,"5,7","2,3"
2022/12/13,0900 UTC,0,"884,3","884,3",884,"24,8","20,1","18,4","20,1","19,8","18,4","18,1",91,89,90,332,"4,6","2,5"
2022/12/13,1000 UTC,0,"884,8","884,8","884,3",373,21,"18,5",21,"20,1","18,6","18,4",90,85,85,318,"5,9","2,7"
2022/12/13,1100 UTC,0,"885,7","885,7","884,7","1387,8","22,9","18,1","23,4",21,"19,1","18,1",86,74,75,302,7,"3,2"
2022/12/13,1200 UTC,0,"886,1","886,3","885,7","587,4","19,8","16,4","22,9","19,7","18,4",16,81,73,81,271,"11,9",4
2022/12/13,1300 UTC,0,"885,5","886,1","885,5","959,7","21,5","16,7","21,5","19,7","16,7","16,1",82,72,74,294,"8,6","2,3"
2022/12/13,1400 UTC,0,"885,6","885,7","885,5","1802,7","24,3","18,1","24,6","21,5","18,6","15,8",74,67,68,303,"7,6","3,1"
2022/12/13,1500 UTC,0,"884,7","885,6","884,7",3063,"26,6","18,4","26,8","23,7","19,1","17,6",71,61,61,281,"10,2","4,3"
2022/12/13,1600 UTC,0,885,"885,2","884,5","1967,5","20,7","16,8","26,6","20,7","18,8","14,8",84,60,78,260,"11,9","4,9"
2022/12/13,1700 UTC,0,"883,5",885,"883,5","883,1","19,9","16,3","20,7","19,8","16,6",16,81,74,80,280,11,"2,9"
2022/12/13,1800 UTC,0,"882,2","883,5","882,2","1063,6","22,4","16,6","22,4","19,8","17,2","16,1",81,69,70,290,"6,6","3,1"
2022/12/13,1900 UTC,0,"881,7","882,2","881,6","1698,3","25,2","14,9","25,3","22,4","16,7","14,9",70,53,53,282,8,"3,8"
2022/12/13,2000 UTC,0,"881,8","881,8","881,7","1427,7",25,"15,6","25,2","24,1","15,9","14,7",58,53,56,285,"9,4","3,9"
2022/12/13,2100 UTC,0,"882,3","882,3","881,8","701,8","23,7","15,4","25,4","23,7","15,9","15,3",60,55,60,286,"8,4","2,9"
2022/12/13,2200 UTC,0,883,883,"882,3","68,8","22,1","15,2","23,7",22,"15,5","15,1",65,59,65,305,"5,7","1,5"
2022/12/13,2300 UTC,0,"883,8","883,8",883,,"21,1","15,4","22,1","21,1","15,4","15,2",70,65,70,298,"3,5","1,5"
2022/12/14,0000 UTC,0,"884,3","884,3","883,8",,"20,6","17,9","21,1","20,5","17,9","15,4",85,70,85,319,"3,5","1,8"
2022/12/14,0100 UTC,0,"884,5","884,5","884,4",,"20,4","18,1","20,7","20,3","18,2",18,87,85,87,313,"4,6","1,6"
2022/12/14,0200 UTC,0,"884,5","884,7","884,4",,"19,8",18,"20,4","19,7","18,1","17,8",89,87,89,308,4,"1,8"
2022/12/14,0300 UTC,0,"884,2","884,5","884,2",,"19,5","17,7","19,9","19,5","18,1","17,7",89,88,89,276,"3,9","0,8"
2022/12/14,0400 UTC,0,"883,8","884,2","883,8",,"19,7",18,"19,7","19,4","18,1","17,6",90,89,90,281,2,"0,7"
2022/12/14,0500 UTC,0,"882,8","883,8","882,7",,"19,8","18,2","19,8","19,4","18,2","17,9",91,90,91,339,"3,3","1,8"
2022/12/14,0600 UTC,0,"882,9","882,9","882,7",,"19,4",18,"19,9","19,3","18,3","17,9",92,90,92,297,"3,3","1,3"
2022/12/14,0700 UTC,0,"882,9",883,"882,8",,"18,9",17,"19,5","18,8","18,1",17,92,88,89,293,"4,7","1,7"
2022/12/14,0800 UTC,0,"882,9",883,"882,8",,"18,5","17,1","18,9","18,5","17,2",17,92,89,92,296,"3,7","1,3"
2022/12/14,0900 UTC,0,"883,6","883,6","882,9","8,6",19,"17,8",19,"18,5","17,8","17,1",93,92,93,298,"3,2","1,2"
2022/12/14,1000 UTC,0,"884,1","884,1","883,6",153,"19,5","18,1","19,5",19,"18,1","17,8",93,91,91,275,"3,1","0,9"
2022/12/14,1100 UTC,0,"884,4","884,4","884,1","782,9","21,4","17,6","21,4","19,5","18,2","17,6",91,79,79,278,"3,5","1,8"
2022/12/14,1200 UTC,0,885,885,"884,4","883,5","22,1","17,6","22,2","21,4","17,9","17,3",80,75,76,284,"3,8","1,6"
2022/12/14,1300 UTC,0,"885,1","885,2",885,"1644,4","23,6",16,"23,9","22,1","18,6",16,77,62,63,254,"4,9","2,2"
2022/12/14,1400 UTC,0,"884,8","885,1","884,8","2144,3","24,1","16,7","24,9","23,4","17,2","15,6",65,58,63,260,"5,9","2,2"
2022/12/14,1500 UTC,0,"884,2","884,8","884,2","2389,4","24,3","17,1","25,9","23,6","17,8","16,4",67,58,64,286,6,"2,3"
2022/12/14,1600 UTC,0,"883,5","884,2","883,5",1653,"22,9","18,6","24,7","22,2","19,4","16,9",83,62,77,254,"6,2","2,3"
2022/12/14,1700 UTC,"2,6",883,"883,5",883,"1225,3","21,3","18,8","23,2","20,1","19,3","17,7",91,76,86,268,"7,1","3,1"
2022/12/14,1800 UTC,"0,4","882,3",883,"882,3","1567,6","22,4","19,7","22,4","20,8","20,2","18,1",89,82,84,284,7,"2,9"
2022/12/14,1900 UTC,0,"881,5","882,3","881,5","1638,1","23,4","18,3","23,7","21,8",20,"18,2",85,72,73,304,7,"3,1"
2022/12/14,2000 UTC,0,"881,7","881,7","881,3","1603,2",24,"18,6","24,1","23,4",19,"18,1",75,70,72,287,6,3
2022/12/14,2100 UTC,0,"882,1","882,1","881,7","742,4","23,2","17,7","24,1","23,2","18,4","17,6",72,69,71,269,"6,4","1,9"
2022/12/14,2200 UTC,0,"882,7","882,7","882,1","55,9","21,8",18,"23,2","21,8","18,1","17,5",79,71,79,314,"4,6","1,8"
2022/12/14,2300 UTC,"3,6","883,6","883,6","882,7",,"19,8","18,3","21,8","19,8","18,7","17,8",91,79,91,201,"5,6","1,7"
2022/12/15,0000 UTC,2,884,884,"883,6",,20,"18,8",20,"19,5","18,9","18,1",93,91,93,297,"3,8","1,5"
2022/12/15,0100 UTC,0,"884,6","884,7",884,,"19,7","18,5",20,"19,7","18,9","18,5",93,93,93,294,"4,3","1,4"
2022/12/15,0200 UTC,0,"884,4","884,7","884,4",,"19,5","18,3","19,7","19,5","18,5","18,3",93,93,93,309,"4,4","1,8"
2022/12/15,0300 UTC,0,"884,3","884,6","884,3",,"19,3","17,9","19,5","19,3","18,3","17,9",93,92,92,303,"4,6","2,1"
2022/12/15,0400 UTC,0,"883,8","884,3","883,8",,"19,1","17,7","19,3","19,1","17,9","17,7",92,92,92,304,"3,9","1,6"
2022/12/15,0500 UTC,"0,4","883,3","883,8","883,3",,19,"17,8","19,2",19,"17,8","17,7",93,92,93,309,4,"2,2"
2022/12/15,0600 UTC,"0,6","883,2","883,3","883,1",,"19,1",18,"19,1","18,9",18,"17,8",93,93,93,312,"4,9","1,8"
2022/12/15,0700 UTC,0,"883,1","883,3","883,1",,19,"17,9","19,1",19,18,"17,9",94,93,93,306,"4,8","1,8"
2022/12/15,0800 UTC,0,"883,4","883,4","883,1",,"18,9","17,9",19,"18,9",18,"17,9",94,93,93,308,"3,3","1,4"
2022/12/15,0900 UTC,0,884,884,"883,4","24,3","18,9","17,8",19,"18,8","17,9","17,7",94,93,94,319,"3,7","0,9"
2022/12/15,1000 UTC,0,"884,7","884,7",884,"167,3","19,3","18,1","19,3","18,9","18,1","17,9",94,93,93,297,"4,2","1,6"
2022/12/15,1100 UTC,0,"885,3","885,3","884,7","595,7","19,3","17,6","19,6","19,3","18,2","17,4",93,89,90,322,"6,4",3
2022/12/15,1200 UTC,"2,4","885,9","885,9","885,3","674,4","18,7","17,5","19,3","18,6","17,6","17,3",93,89,93,334,"8,2","3,6"
2022/12/15,1300 UTC,"4,2","886,1","886,2","885,9","698,4","19,6","18,5","19,6","18,7","18,5","17,6",94,93,93,308,"6,3","2,3"
2022/12/15,1400 UTC,"0,6",886,"886,1","885,9","1260,5","20,7","18,4","21,1","19,5",19,"18,3",93,86,87,300,6,"2,6"
2022/12/15,1500 UTC,"3,2","885,6",886,"885,6","771,9","20,3","18,8","20,6","19,5","19,1",18,93,87,91,302,8,"3,2"
2022/12/15,1600 UTC,"0,4","885,1","885,6","885,1","1093,9","21,3","19,4","21,3","20,3","19,4","18,5",91,87,89,280,7,"3,2"
2022/12/15,1700 UTC,0,"884,3","885,1","884,3","1603,7","21,4","17,8","22,2","21,2","19,9","17,6",89,78,80,298,"7,5","3,6"
2022/12/15,1800 UTC,0,"883,5","884,3","883,5","1527,3","21,9","17,5","22,3","21,4","18,1","17,2",80,75,76,298,"7,5","3,3"
2022/12/15,1900 UTC,0,883,"883,5",883,"1207,5",22,"17,7","22,4","21,5","17,9","16,9",78,74,77,310,7,"3,3"
2022/12/15,2000 UTC,0,"882,7",883,"882,7","734,7","21,9",18,"22,3","21,3",18,"17,3",80,75,79,320,"6,4","2,4"
2022/12/15,2100 UTC,0,"883,2","883,2","882,6","443,6","20,6","17,7",22,"20,6","17,9","17,4",83,77,83,316,"6,5","2,5"
2022/12/15,2200 UTC,0,"883,4","883,5","883,2","29,4","19,9","17,7","20,7","19,9","17,8","17,6",87,83,87,299,"5,9","1,7"
2022/12/15,2300 UTC,0,"883,4","883,4","883,2",,"19,3","17,4","19,9","19,3","17,7","17,4",89,87,89,308,"4,8","2,4"
2022/12/16,0000 UTC,0,"884,2","884,2","883,4",,19,"17,2","19,3",19,"17,4","17,2",89,89,89,310,"4,9","2,2"
2022/12/16,0100 UTC,0,"884,5","884,6","884,2",,"18,9","17,2",19,"18,7","17,2","17,1",90,89,90,316,"6,1","1,6"
2022/12/16,0200 UTC,0,"884,4","884,5","884,3",,"19,1","17,3","19,1","18,9","17,3","17,2",90,89,89,306,"4,7","2,4"
2022/12/16,0300 UTC,0,"883,6","884,4","883,6",,"18,7",17,"19,1","18,7","17,3",17,90,89,90,335,"4,7","2,4"
2022/12/16,0400 UTC,0,"883,2","883,6","883,2",,"18,7",17,"18,7","18,6",17,"16,9",90,90,90,328,"4,3","2,4"
2022/12/16,0500 UTC,0,"882,9","883,2","882,9",,"18,8",17,"18,8","18,5",17,"16,9",90,90,90,335,"4,3","1,9"
2022/12/16,0600 UTC,0,"882,5","882,9","882,5",,"18,7","17,1","18,8","18,6","17,1","16,9",91,89,91,322,"3,8","1,5"
2022/12/16,0700 UTC,0,"882,2","882,5","882,2",,"18,6",17,"18,7","18,6","17,1",17,91,90,90,324,"4,2",2
2022/12/16,0800 UTC,0,882,"882,2",882,,"18,7","16,9","18,7","18,5",17,"16,9",90,90,90,335,"4,2","2,2"
2022/12/16,0900 UTC,0,"882,5","882,6",882,"12,8","18,4","16,5","18,7","18,3","16,9","16,4",90,88,89,324,5,"2,4"
2022/12/16,1000 UTC,0,"883,2","883,2","882,5","200,2","19,1","16,6","19,1","18,3","16,6","16,4",89,85,85,314,"4,9","1,7"
2022/12/16,1100 UTC,0,"883,6","883,6","883,2","365,3",20,"17,3",20,"19,1","17,4","16,5",86,85,85,308,"4,1","2,1"
2022/12/16,1200 UTC,0,"883,8",884,"883,6","818,7","21,3","17,4","21,4",20,"17,8","17,2",85,78,78,302,"5,6","2,5"
2022/12/16,1300 UTC,0,"884,1","884,1","883,8","1037,4","21,9","17,6","22,1","21,1",18,"17,2",80,75,77,319,"4,9","1,6"
2022/12/16,1400 UTC,0,"883,6","884,1","883,5","1602,3","22,6","17,3","23,8","21,8","18,4","17,3",78,68,72,326,7,"2,8"
2022/12/16,1500 UTC,7,"883,7","883,8","883,4","336,1","18,6","17,5","22,6","18,5","17,7","16,8",93,72,93,328,"9,1","3,4"
2022/12/16,1600 UTC,"6,4","883,2","883,7","883,1","340,6","18,9","17,9","19,2","18,6","18,2","17,5",94,93,94,303,"6,7","2,1"
2022/12/16,1700 UTC,3,"882,2","883,2","882,2","673,4","20,1",19,"20,1","18,8",19,"17,8",94,93,93,278,"5,6",2
2022/12/16,1800 UTC,0,"881,2","882,2","881,2","1452,4","21,8","18,6","21,8",20,"19,5","18,2",93,81,82,284,"6,1",3
2022/12/16,1900 UTC,0,"880,8","881,3","880,8","1705,4",23,"18,2","23,3","21,8","18,9","17,6",83,72,74,268,"5,4","1,8"
2022/12/16,2000 UTC,0,"880,7","880,8","880,6","794,3",22,"17,5",23,22,"18,1","17,1",76,71,76,285,5,"2,1"
2022/12/16,2100 UTC,0,881,"881,1","880,7","207,7","20,9","18,2",22,"20,9","18,2","17,6",85,76,85,317,"4,5","1,9"
2022/12/16,2200 UTC,1,"881,6","881,6",881,"12,7","19,4","17,9","20,9","19,4","18,2","17,8",91,85,91,309,"5,3","1,2"
2022/12/16,2300 UTC,"0,2","882,5","882,5","881,6",,"19,3","18,2","19,4","19,3","18,2","17,9",93,91,93,331,"3,2","1,7"
2022/12/17,0000 UTC,"0,8","882,7","882,8","882,5",,19,18,"19,3",19,"18,2",18,93,93,93,333,"4,3","2,2"
2022/12/17,0100 UTC,0,883,883,"882,7",,"19,1","18,1","19,1",19,"18,1","17,9",94,93,94,337,"4,4","2,1"
2022/12/17,0200 UTC,0,"883,3","883,3",883,,19,18,"19,1",19,"18,1","17,9",94,94,94,324,"4,4","1,7"
2022/12/17,0300 UTC,0,"882,7","883,3","882,7",,"18,7","17,7",19,"18,7",18,"17,7",94,94,94,327,"5,6","2,6"
2022/12/17,0400 UTC,0,"881,7","882,7","881,7",,"18,6","17,7","18,7","18,5","17,7","17,6",94,94,94,322,"5,7","2,1"
2022/12/17,0500 UTC,"0,2","881,1","881,7","881,1",,"18,5","17,6","18,6","18,4","17,7","17,5",95,94,95,341,"4,7","2,6"
2022/12/17,0600 UTC,0,"880,8","881,1","880,7",,"18,5","17,6","18,5","18,5","17,6","17,6",95,94,95,334,"5,9",3
2022/12/17,0700 UTC,0,"880,5","880,8","880,5",,"18,5","17,6","18,5","18,4","17,6","17,5",95,95,95,338,"6,8",4
2022/12/17,0800 UTC,0,"880,9","880,9","880,5",,"18,3","17,4","18,5","18,3","17,6","17,4",95,94,94,335,"9,9","4,3"
2022/12/17,0900 UTC,"1,2","881,7","881,7","880,9",,"18,2","17,2","18,4","18,2","17,4","17,2",94,94,94,333,"9,4","4,2"
2022/12/17,1000 UTC,"5,2","882,3","882,3","881,7","19,5","17,7","16,8","18,2","17,7","17,2","16,8",94,94,94,312,"9,5","3,9"
2022/12/17,1100 UTC,"1,6","883,1","883,1","882,3","156,2","17,7","16,5","17,8","17,6","16,8","16,5",94,93,93,316,"8,4","4,2"
2022/12/17,1200 UTC,0,"883,8","883,8","883,1","359,9",18,"16,5",18,"17,7","16,6","16,4",93,91,91,318,8,"3,1"
2022/12/17,1300 UTC,"0,6","883,8","883,9","883,8","492,1","18,3","16,9","18,3","17,9","16,9","16,5",92,91,92,312,"7,1",3
2022/12/17,1400 UTC,"0,6","883,5","883,8","883,5","833,3",19,"17,5","19,1","18,3","17,5","16,9",92,90,91,317,"5,6","2,3"
2022/12/17,1500 UTC,"0,2",883,"883,5",883,"1221,2","19,9",18,"19,9",19,"18,2","17,5",92,88,89,318,"6,6","2,6"
2022/12/17,1600 UTC,0,"882,2",883,"882,2","1626,9","21,1","18,2","21,2","19,8","18,7","17,6",89,82,83,326,"5,8","2,8"
2022/12/17,1700 UTC,0,"881,7","882,2","881,7","1783,7","22,3","17,6","22,6","21,1","18,7","17,6",84,74,75,305,"6,4","3,1"
2022/12/17,1800 UTC,0,881,"881,7","880,9","1773,4","23,3","17,8","23,5","22,3","18,5","17,2",76,70,71,327,"7,3","3,9"
2022/12/17,1900 UTC,0,"880,8",881,"880,7","638,7","22,5","17,6","23,3","22,2","17,9",17,77,70,74,314,"7,3","2,2"
2022/12/17,2000 UTC,0,"880,6","880,8","880,6","1012,4","22,7","17,9","23,3","22,5",18,"16,9",75,69,74,299,"5,7","2,3"
2022/12/17,2100 UTC,0,"881,3","881,3","880,6","470,3","21,6","17,4","22,8","21,6","17,9","16,9",77,71,77,302,"5,8","2,4"
2022/12/17,2200 UTC,0,"881,9","881,9","881,3","29,2","20,7","17,2","21,7","20,7","17,9","17,2",81,76,81,324,"4,8","2,1"
2022/12/17,2300 UTC,0,"882,9","882,9","881,9",,"19,9","17,4","20,7","19,9","17,4","17,2",86,81,86,316,4,"1,2"
2022/12/18,0000 UTC,0,"883,9","883,9","882,9",,"19,8","18,2",20,"19,8","18,2","17,4",90,86,90,352,"3,5","2,1"
2022/12/18,0100 UTC,0,"884,4","884,4","883,9",,"19,5",18,"19,8","19,5","18,2","17,9",91,90,91,336,"3,5","1,9"
2022/12/18,0200 UTC,0,"884,3","884,5","884,3",,"19,4","17,8","19,6","19,4",18,"17,8",91,90,90,344,"3,8",2
2022/12/18,0300 UTC,0,884,"884,3",884,,"18,9","17,4","19,4","18,8","17,8","17,2",91,90,91,337,"4,2","2,4"
2022/12/18,0400 UTC,0,"883,7",884,"883,7",,"18,5","17,2","18,9","18,5","17,4","17,2",93,91,92,349,"4,5","2,1"
2022/12/18,0500 UTC,0,"883,2","883,7","883,2",,"18,1","16,9","18,5","18,1","17,3","16,9",93,92,93,336,4,2
2022/12/18,0600 UTC,0,"883,1","883,2",883,,"17,3","16,3","18,1","17,3",17,"16,2",94,93,94,299,"3,2","1,2"
2022/12/18,0700 UTC,0,"883,2","883,3","883,1",,"17,3","16,3","17,5","17,2","16,6","16,2",94,94,94,300,"2,3","1,5"
2022/12/18,0800 UTC,0,"883,5","883,6","883,2",,"16,8","15,8","17,4","16,7","16,5","15,7",94,94,94,288,3,"1,3"
2022/12/18,0900 UTC,0,"884,1","884,1","883,5","15,3","17,2","16,3","17,5","16,8","16,6","15,9",95,94,94,2,"2,9","1,4"
2022/12/18,1000 UTC,0,"884,8","884,8","884,1","291,8","19,1","18,1","19,1","17,2","18,1","16,3",95,94,94,313,"3,4","1,5"
2022/12/18,1100 UTC,0,"885,7","885,7","884,8","653,4","20,2","18,3","20,2","19,1","18,3","17,5",94,89,89,324,"3,5","1,6"
2022/12/18,1200 UTC,0,"885,9",886,"885,7","1999,8","22,8","18,3",23,"20,2","18,7","17,5",88,73,76,278,"4,4","1,2"
2022/12/18,1300 UTC,0,"885,7","885,9","885,7","2569,5","23,8","16,8","24,1","22,7","18,8","16,8",76,65,65,39,"4,3","1,4"
2022/12/18,1400 UTC,0,"885,5","885,7","885,5","1955,5","23,5","17,5","24,5","21,7","18,6","16,5",77,62,69,251,"5,7","2,2"
2022/12/18,1500 UTC,0,"884,6","885,5","884,6","4027,7","25,1","18,3","25,3","23,1","18,3","16,6",71,61,66,320,"4,5","2,5"
2022/12/18,1600 UTC,0,884,"884,5","883,9","2469,2","21,9","17,7","26,4","21,9","18,5","16,6",77,58,77,329,"7,5","3,7"
2022/12/18,1700 UTC,"1,2","883,6",884,"883,3","1346,7","23,3","18,3","23,7","20,7","20,1","17,5",89,73,73,331,"7,5",2
2022/12/18,1800 UTC,"14,2","882,9","883,9","882,9","277,9","19,1",18,"23,3","18,4","18,2","17,3",94,72,93,337,"10,6","3,1"
2022/12/18,1900 UTC,"0,4","881,8","882,9","881,8","630,6","20,2","18,1","20,2","19,1","18,8",18,93,88,88,340,"5,8","3,1"
2022/12/18,2000 UTC,0,"881,9","881,9","881,7","744,2","21,1","18,2","21,1","20,2",19,"18,1",89,84,84,357,"5,6","3,6"
2022/12/18,2100 UTC,0,"881,6","881,9","881,6","374,7","20,5",18,"21,1","20,5","18,2","17,9",86,82,86,326,6,"3,4"
2022/12/18,2200 UTC,0,"882,9","882,9","881,6",69,"19,9","17,8","20,5","19,9","18,1","17,7",88,85,88,312,"5,6","1,5"
2022/12/18,2300 UTC,0,"883,8","883,8","882,9",,"19,4","17,7","19,9","19,4","17,9","17,6",90,88,90,329,"3,9","2,2"
2022/12/19,0000 UTC,0,"885,2","885,2","883,9",,"19,2","17,6","19,4","19,1",18,"17,6",91,90,91,320,"4,3","2,2"
2022/12/19,0100 UTC,0,"885,4","885,4","885,2",,"18,8","17,3","19,2","18,8","17,6","17,3",91,90,91,290,"4,6","1,5"
2022/12/19,0200 UTC,0,"885,9","885,9","885,4",,"18,7","17,3","18,9","18,7","17,5","17,3",92,91,92,305,"3,4","1,8"
2022/12/19,0300 UTC,0,"885,7","885,9","885,7",,"18,4","17,2","18,7","18,4","17,3","17,2",93,92,93,332,"4,6","2,3"
2022/12/19,0400 UTC,0,"884,9","885,7","884,9",,"18,5","17,4","18,5","18,2","17,4","17,1",93,93,93,322,"4,5","2,1"
2022/12/19,0500 UTC,0,"884,1","884,9","884,1",,"18,6","17,4","18,7","18,5","17,5","17,4",93,93,93,321,"4,7",2
2022/12/19,0600 UTC,0,"883,8","884,1","883,7",,"18,4","17,4","18,6","18,4","17,5","17,4",94,93,94,320,"5,3",2
2022/12/19,0700 UTC,0,"883,7","883,8","883,6",,"18,3","17,3","18,4","18,3","17,4","17,2",94,94,94,314,"5,2","1,7"
2022/12/19,0800 UTC,0,"884,1","884,1","883,6",,"18,7","17,6","18,7","18,3","17,6","17,2",94,93,93,335,"4,2","2,2"
2022/12/19,0900 UTC,0,"884,8","884,8","884,1","8,1",18,"16,8","18,8",18,"17,6","16,8",93,93,93,308,"5,6",2
2022/12/19,1000 UTC,0,"885,5","885,5","884,8","219,8","18,8","17,5","18,8","17,9","17,5","16,7",93,92,92,251,"3,8","0,5"
2022/12/19,1100 UTC,0,886,886,"885,5","953,3","20,4","17,9","20,4","18,8","17,9",17,92,85,86,330,"3,6","1,6"
2022/12/19,1200 UTC,0,"886,5","886,5",886,"1537,3","22,6",18,"22,6","20,4",18,"17,1",86,75,75,297,"5,7","2,3"
2022/12/19,1300 UTC,0,887,887,"886,5",2221,"21,9","17,2",23,"21,9","18,2","16,9",76,71,75,319,"7,8","3,9"
2022/12/19,1400 UTC,0,"886,4",887,"886,4","2721,4","23,7","17,6","23,9","21,8","18,2","16,9",77,67,69,312,"8,3","3,9"
2022/12/19,1500 UTC,0,"885,4","886,4","885,4","2138,7","24,4","17,8","24,8","23,4","18,5",17,71,64,67,314,"6,9","3,2"
2022/12/19,1600 UTC,0,"884,4","885,4","884,4","2622,3","25,6","17,8",26,24,"18,3","16,7",67,59,62,299,"7,2","2,7"
2022/12/19,1700 UTC,0,"883,7","884,4","883,7","1697,5","25,3","17,5","25,6","24,4","17,9","16,5",64,58,62,337,"7,9","3,8"
2022/12/19,1800 UTC,0,"882,6","883,7","882,6","2071,3","25,9","16,8","26,7","24,7","17,7",16,62,53,57,336,7,"2,8"
2022/12/19,1900 UTC,0,"882,4","882,6","882,3","1875,2","25,9","17,2","26,7","25,2","17,8","16,4",61,55,59,330,"7,1","3,2"
2022/12/19,2000 UTC,0,"882,5","882,5","882,2","1656,8","25,5","17,5","25,9",25,"17,6","16,2",62,56,61,334,"7,3","3,6"
2022/12/19,2100 UTC,0,"883,4","883,4","882,5","364,4","21,7","18,1","25,4","21,6","18,2","16,4",81,61,80,349,9,"4,8"
2022/12/19,2200 UTC,0,"883,8",884,"883,4","36,7",21,"17,5","21,7",21,"18,2","17,4",81,79,81,329,"8,4","3,5"
2022/12/19,2300 UTC,0,"884,1","884,2","883,8",,"20,2","18,1",21,"20,2","18,2","17,5",88,81,88,342,"6,6","3,4"
2022/12/20,0000 UTC,0,"884,8",885,"884,1",,"19,7","17,6","20,2","19,7","18,2","17,6",90,88,88,333,"7,2","3,6"
2022/12/20,0100 UTC,0,"885,3","885,4","884,8",,"19,2","17,2","19,7","19,1","17,6","17,1",89,88,88,324,"7,2","2,7"
2022/12/20,0200 UTC,0,"885,3","885,5","885,3",,"19,2","17,4","19,4","19,1","17,4","17,2",89,87,89,354,5,2
2022/12/20,0300 UTC,0,"884,8","885,3","884,7",,"19,1","17,4","19,2",19,"17,5","17,3",91,89,90,330,"4,1","1,8"
2022/12/20,0400 UTC,0,"884,4","884,8","884,4",,19,"17,4","19,1",19,"17,4","17,4",91,90,91,343,"4,6",2
2022/12/20,0500 UTC,0,884,"884,4",884,,"18,7","17,3",19,"18,7","17,5","17,3",92,91,92,330,"5,3","2,6"
2022/12/20,0600 UTC,0,"883,7",884,"883,7",,"18,5","17,1","18,7","18,4","17,3","17,1",92,91,91,331,"6,1","2,7"
2022/12/20,0700 UTC,0,"883,6","883,7","883,5",,"18,4","16,6","18,7","18,4","17,1","16,6",91,89,89,328,6,3
2022/12/20,0800 UTC,0,"883,6","883,7","883,5",,"18,2","16,3","18,4","18,2","16,6","16,3",89,89,89,326,"6,9","3,1"
2022/12/20,0900 UTC,0,"884,1","884,1","883,6",7,18,"16,2","18,2",18,"16,3","16,1",89,88,89,316,"6,9","2,4"
2022/12/20,1000 UTC,0,"884,5","884,5","884,1","325,7","19,1","16,7","19,1",18,"16,7","16,1",89,86,86,327,"6,8","3,6"
2022/12/20,1100 UTC,0,"885,3","885,3","884,5",678,"19,6","16,6","19,8","19,1",17,"16,4",86,82,83,322,"11,2","4,6"
2022/12/20,1200 UTC,0,"885,8","885,8","885,3","727,6",21,"16,9",21,"19,6",17,"16,5",83,77,77,319,"11,2","4,8"
2022/12/20,1300 UTC,0,"886,1","886,1","885,7","1330,7",22,"17,6",22,"20,6","17,6","16,6",80,76,76,321,"9,9","4,1"
2022/12/20,1400 UTC,0,"886,2","886,2",886,1464,"21,3","16,7","22,2","21,2","17,4","16,5",77,72,75,320,"11,4","5,3"
2022/12/20,1500 UTC,0,"885,8","886,2","885,8",1617,"21,8","17,3","22,2","21,2",18,"16,6",78,72,76,321,"11,4",4
2022/12/20,1600 UTC,"0,6","885,4","885,9","885,4","1249,1","20,8",18,"21,8","19,4","18,6","16,9",90,76,84,318,"9,8","3,9"
2022/12/20,1700 UTC,"0,6","884,7","885,4","884,7","1184,3","20,3","18,2","21,2","20,1","18,6","17,5",90,80,88,318,11,"4,1"
2022/12/20,1800 UTC,"0,2","883,7","884,7","883,7","1501,2","21,4","17,9","21,7","20,1","19,1","17,8",89,80,80,328,"10,9","5,2"
2022/12/20,1900 UTC,0,883,"883,7","882,9","1404,1",22,"17,4","23,1","21,4","18,5","16,8",80,73,75,313,"10,7","4,7"
2022/12/20,2000 UTC,0,"882,9",883,"882,7","1182,9","21,8","16,6","22,9","21,8","17,6",16,75,68,72,311,"9,9","3,9"
2022/12/20,2100 UTC,0,"883,3","883,3","882,9","323,3","20,5","17,2","21,8","20,4","17,2","16,5",82,72,82,325,"9,2","3,6"
2022/12/20,2200 UTC,0,884,884,"883,3","26,4","20,3","16,7","20,5","20,3","17,2","16,7",82,80,80,327,"7,6","3,2"
2022/12/20,2300 UTC,0,"884,7","884,7",884,,"19,7","17,4","20,3","19,7","17,5","16,7",87,80,86,339,"6,3","3,1"
2022/12/21,0000 UTC,0,"885,2","885,2","884,7",,"19,3","17,2","19,7","19,3","17,4","17,2",88,86,88,347,"6,4","3,4"
2022/12/21,0100 UTC,0,"885,7","885,7","885,2",,19,"16,9","19,3",19,"17,2","16,8",88,87,88,340,"7,5","3,3"
2022/12/21,0200 UTC,0,"885,6","885,7","885,6",,"18,4","16,7",19,"18,4","16,9","16,7",90,88,90,328,"7,7","2,8"
2022/12/21,0300 UTC,0,"885,3","885,6","885,3",,"18,4","16,6","18,4","18,4","16,7","16,6",90,89,89,328,"6,8","3,2"
2022/12/21,0400 UTC,"0,2","884,6","885,3","884,6",,18,"16,6","18,4",18,"16,6","16,5",92,89,92,324,"6,7","2,9"
2022/12/21,0500 UTC,"1,2",884,"884,6",884,,"17,9","16,9",18,"17,9","16,9","16,6",94,92,94,321,"6,1",3
2022/12/21,0600 UTC,"0,4","883,4",884,"883,3",,"17,9","16,8",18,"17,8",17,"16,8",94,94,94,316,"6,4",3
2022/12/21,0700 UTC,0,883,"883,4",883,,"18,1","16,8","18,1","17,8","16,8","16,6",94,92,92,319,"7,5","3,3"
2022/12/21,0800 UTC,0,"883,1","883,1","882,8",,"18,2","16,7","18,2","18,1","16,8","16,7",92,91,91,319,"8,6","3,5"
2022/12/21,0900 UTC,0,"883,5","883,5","883,1","8,7","18,2","16,9","18,3","18,1","16,9","16,6",92,90,92,317,"7,9",3
2022/12/21,1000 UTC,0,"884,2","884,2","883,5",160,"18,9",17,"18,9","18,2","17,1","16,9",92,89,89,316,"6,5","2,6"
2022/12/21,1100 UTC,0,"884,6","884,6","884,1","367,4","19,3","17,1","19,3","18,9","17,1","16,8",89,87,87,311,"7,4","3,2"
2022/12/21,1200 UTC,0,885,"885,1","884,6",722,"19,9",17,"19,9","19,3","17,3","16,9",87,83,84,321,"7,7","2,8"
2022/12/21,1300 UTC,4,"885,4","885,5","884,9","562,6","18,8","17,5","20,1","18,8","17,5","16,8",92,82,92,296,"7,8","2,6"
2022/12/21,1400 UTC,"2,6",885,"885,4",885,"464,9","19,2",18,"19,2","18,6",18,"17,3",93,92,93,319,"7,3","2,3"
2022/12/21,1500 UTC,"0,4","884,4",885,"884,4","1357,8","20,5",18,"20,6","19,2","18,5","17,9",93,85,85,309,"7,1","3,4"
2022/12/21,1600 UTC,0,"883,8","884,4","883,8","1427,2","20,9","17,9","21,8","20,5","18,8","17,6",86,80,83,292,"7,6","3,9"
2022/12/21,1700 UTC,0,"883,4","883,8","883,3","838,9","20,6","17,7",21,"20,2","18,3","17,4",87,80,84,293,"8,2","3,1"
2022/12/21,1800 UTC,0,"882,4","883,4","882,4","877,5","21,2","17,4","21,2","20,6",18,"17,1",84,79,79,294,7,"2,8"
2022/12/21,1900 UTC,0,"882,1","882,4","882,1","1076,2",21,"17,3","21,8",21,"17,7",17,80,76,79,301,"6,4","2,8"
2022/12/21,2000 UTC,0,"881,8","882,2","881,8",962,"21,8","17,7","21,9","20,9","17,8","16,9",81,75,78,299,"5,5","1,8"
2022/12/21,2100 UTC,0,"882,1","882,1","881,8","575,1","21,5","17,6","22,2","21,5","17,8","17,2",79,75,79,296,5,"1,6"
2022/12/21,2200 UTC,0,"882,3","882,3","881,9","161,1","20,3","17,5","21,5","20,3","17,8","17,5",84,78,84,288,"3,1","1,3"
2022/12/21,2300 UTC,0,"883,3","883,3","882,3",,"18,9","17,2","20,3","18,9","17,5",17,90,84,90,283,"2,4",1
2022/12/22,0000 UTC,0,"884,6","884,7","883,3",,"19,1","17,4","19,3","18,7","17,7","17,1",91,90,90,306,"3,8","1,5"
2022/12/22,0100 UTC,0,"884,8","884,9","884,6",,"18,9","17,5","19,1","18,9","17,5","17,3",91,90,91,7,"3,8","1,8"
2022/12/22,0200 UTC,0,"884,8",885,"884,8",,"18,7","17,5","18,9","18,7","17,6","17,3",93,91,93,340,"2,6","1,6"
2022/12/22,0300 UTC,0,"884,3","884,8","884,2",,"18,4","17,4","18,7","18,4","17,5","17,2",94,93,94,341,"3,8","2,3"
2022/12/22,0400 UTC,0,"883,7","884,3","883,7",,18,"17,1","18,4",18,"17,4","17,1",95,94,95,320,4,"1,6"
2022/12/22,0500 UTC,0,"882,9","883,8","882,9",,"17,9",17,18,"17,8","17,1",17,95,95,95,358,"3,3","1,6"
2022/12/22,0600 UTC,0,"882,9","883,1","882,9",,"17,8",17,"17,9","17,8",17,"16,9",95,95,95,311,"2,6","1,1"
2022/12/22,0700 UTC,0,"882,6",883,"882,4",,18,"17,2","18,1","17,7","17,2","16,9",95,95,95,349,"2,7","1,6"
2022/12/22,0800 UTC,0,"882,7","882,9","882,6",,"17,7","16,8",18,"17,6","17,2","16,8",95,95,95,351,"2,8","1,6"
2022/12/22,0900 UTC,0,"883,2","883,2","882,8","9,1","17,9",17,"17,9","17,7","17,1","16,9",95,95,95,347,"2,4","1,2"
2022/12/22,1000 UTC,0,"883,7","883,7","883,2","208,5","18,6","17,7","18,7","17,9","17,8",17,95,95,95,307,"3,3","1,5"
2022/12/22,1100 UTC,0,"884,1","884,1","883,7","992,1","20,1","17,6","20,3","18,5","18,3","17,1",95,84,86,303,"4,4",2
2022/12/22,1200 UTC,0,"884,5","884,5","884,1","1508,6","21,9","17,5",22,"19,9",18,"16,8",86,76,76,277,"3,8","1,2"
2022/12/22,1300 UTC,0,"884,8","884,8","884,5","2538,8","22,6","17,2","24,2","21,6","18,1","16,7",77,65,71,263,"3,6","1,7"
2022/12/22,1400 UTC,0,"884,6","884,8","884,6","2889,8","24,6","16,6","24,9","22,6","17,9","15,7",73,57,61,260,"4,9","1,4"
2022/12/22,1500 UTC,0,"884,2","884,6","884,2","2634,2","25,5","17,4","25,9","24,3","17,6","15,4",64,55,61,302,"4,4","2,1"
2022/12/22,1600 UTC,0,"883,6","884,2","883,5","2625,8","27,4","15,5","27,5","24,7","17,3","13,8",61,45,48,241,"5,7","2,6"
2022/12/22,1700 UTC,0,"882,4","883,6","882,4","3246,1","27,6","12,9",28,"25,8","16,2","12,6",54,40,40,259,6,"2,9"
2022/12/22,1800 UTC,0,"881,7","882,4","881,7","3310,6",28,"13,6","28,4","26,8","16,1","12,2",49,39,41,262,"6,3","2,8"
2022/12/22,1900 UTC,0,"881,1","881,7","881,1","2618,5","28,4","14,3","28,4","26,9","15,4","12,8",49,39,42,233,"7,7","3,4"
2022/12/22,2000 UTC,0,881,"881,2","880,9","853,4","25,9","15,3","28,3","25,8","15,6","13,5",53,42,52,215,"7,7","2,8"
2022/12/22,2100 UTC,0,"881,3","881,3",881,"561,8","25,5",16,"26,6","25,2","16,5",15,58,50,56,259,"5,3","1,7"
2022/12/22,2200 UTC,0,"882,2","882,2","881,3","74,5","22,8","17,7","25,5","22,8","17,7","15,3",73,53,73,307,"4,6","1,9"
2022/12/22,2300 UTC,0,"883,1","883,1","882,2",,"22,6","16,9",23,"22,6","17,8","16,7",74,68,70,290,"5,3","2,3"
2022/12/23,0000 UTC,0,"884,4","884,4","883,1",,"21,6","15,7","22,6","21,6","16,9","15,5",71,66,69,208,"6,9","1,9"
2022/12/23,0100 UTC,"1,2",885,885,"884,4",,"19,2","17,1","21,6","18,8","17,1","15,7",88,69,88,169,"4,8","0,6"
2022/12/23,0200 UTC,"0,4","885,6","885,7",885,,"18,3","16,5","19,6","18,3","17,6","16,5",90,87,89,360,"4,8","2,9"
2022/12/23,0300 UTC,"2,2",885,"885,8",885,,"18,1","16,9","18,3","17,8",17,"16,5",93,89,93,360,"6,7","2,4"
2022/12/23,0400 UTC,"0,2","884,3",885,"884,3",,"17,8","16,7","18,1","17,7","16,9","16,6",94,93,94,305,"4,1","0,9"
2022/12/23,0500 UTC,"0,2",884,"884,3",884,,"17,8","16,7","17,8","17,7","16,8","16,7",94,93,93,301,"2,3","1,1"
2022/12/23,0600 UTC,0,"883,6",884,"883,6",,18,"16,8","18,1","17,7","16,9","16,6",93,92,92,3,"2,1","1,1"
2022/12/23,0700 UTC,0,"883,4","883,6","883,4",,"17,2",16,18,"17,2","16,7",16,93,92,93,339,"1,7","1,1"
2022/12/23,0800 UTC,0,"883,7","883,7","883,4",,"16,8","15,7","17,2","16,7",16,"15,6",93,93,93,293,"2,3","1,3"
2022/12/23,0900 UTC,0,"884,1","884,1","883,7","9,4","17,6","16,4","17,9","16,8","16,7","15,8",94,92,92,275,"2,9","1,1"
2022/12/23,1000 UTC,0,"885,1","885,1","884,1","242,5","18,6","17,3","18,6","17,6","17,3","16,4",93,92,92,314,"2,4","1,3"
2022/12/23,1100 UTC,0,"885,5","885,5","885,1","942,9","20,7","18,1","20,7","18,6","18,3","17,2",92,85,85,289,"3,7","1,8"
2022/12/23,1200 UTC,0,"885,8","885,8","885,5","1584,5","22,6","18,1","22,6","20,5","18,5","17,4",86,74,76,293,"4,2","2,1"
2022/12/23,1300 UTC,0,"885,9",886,"885,7","1937,7","23,4","16,7","24,3",22,"18,2","15,9",75,62,66,268,4,"1,1"
2022/12/23,1400 UTC,0,"885,8",886,"885,8","2267,5","24,7","16,4","25,1","23,3",18,"16,1",68,59,60,309,"3,5","1,3"
2022/12/23,1500 UTC,0,"885,2","885,8","885,2","1801,7",25,"16,8","25,6","24,2","16,8","14,8",61,54,60,316,"3,2","1,3"
2022/12/23,1600 UTC,0,"884,8","885,2","884,8","915,5","21,8","16,2","25,1","21,4","18,4","15,6",76,59,71,105,"6,6","2,9"
2022/12/23,1700 UTC,1,"884,1","884,8","884,1","574,1","21,2","15,5","22,6","21,1","16,6","15,3",73,67,70,92,"6,6","3,3"
2022/12/23,1800 UTC,"1,4","883,5","884,1","883,5","711,4","20,6","16,9","21,4","19,8","17,9","15,8",84,70,79,13,5,"2,6"
2022/12/23,1900 UTC,0,"882,6","883,5","882,6","1272,7","22,8","17,1","22,8","20,3","17,6","16,5",83,68,70,333,"4,9","1,1"
2022/12/23,2000 UTC,0,"882,8","882,8","882,5","453,4",22,"18,2","22,9","21,4","18,2",17,82,70,79,342,"3,4","1,7"
2022/12/23,2100 UTC,0,"883,1","883,1","882,5","603,4","22,5","17,1",23,22,"18,4","16,5",80,69,72,330,"3,2","1,5"
2022/12/23,2200 UTC,0,"883,6","883,6","883,1","57,8","20,6","18,5","22,5","20,6","18,8","17,2",88,72,88,22,3,"0,7"
2022/12/23,2300 UTC,"3,8","884,3","884,4","883,6",,"20,3","17,7","21,4","20,3","18,8","17,5",88,79,85,255,"2,5","0,5"
2022/12/24,0000 UTC,14,"884,8","884,8","884,2",,"19,1","17,7","20,4","19,1","18,4","17,7",92,85,92,358,"5,6",3
2022/12/24,0100 UTC,"1,2","885,3","885,3","884,7",,"19,3",18,"19,3",19,18,"17,7",92,92,92,37,"3,3",1
2022/12/24,0200 UTC,"0,2","885,9","885,9","885,3",,"19,5","18,3","19,7","19,3","18,4",18,93,92,93,174,"3,3","0,8"
2022/12/24,0300 UTC,"1,2","885,7",886,"885,6",,"18,3","17,3","19,5","18,3","18,3","17,2",93,92,93,187,"5,1","2,7"
2022/12/24,0400 UTC,"0,4","884,9","885,7","884,9",,"18,1","17,1","18,4","18,1","17,3","17,1",94,93,94,212,5,"1,4"
2022/12/24,0500 UTC,"0,4","884,1","884,9","884,1",,18,17,"18,1",18,"17,1",17,94,94,94,323,"2,5","0,5"
2022/12/24,0600 UTC,"0,2","883,9","884,1","883,9",,"18,2","17,3","18,2",18,"17,3",17,94,94,94,28,2,"1,2"
2022/12/24,0700 UTC,0,"883,7",884,"883,7",,"18,7","17,6","18,7","18,2","17,6","17,2",94,93,93,58,"7,8","3,2"
2022/12/24,0800 UTC,0,"884,3","884,3","883,7",,"18,6","17,4","18,7","18,6","17,6","17,4",93,92,92,48,"7,8",2
2022/12/24,0900 UTC,0,"884,8","884,8","884,3","11,1","18,7","17,1","18,7","18,6","17,3","17,1",92,91,91,16,"4,5","1,8"
2022/12/24,1000 UTC,0,"885,5","885,5","884,8","240,5","19,2","17,4","19,2","18,5","17,5",17,92,89,89,64,"3,5","1,4"
2022/12/24,1100 UTC,0,"886,1","886,1","885,5","738,6","19,9","17,2","20,2","19,2","17,7","16,9",89,83,84,64,"5,3","2,4"
2022/12/24,1200 UTC,0,"886,4","886,5",886,"1420,2","21,2","16,9","21,2","19,7","17,5","16,6",86,76,77,74,"5,7","3,3"
2022/12/24,1300 UTC,0,"886,3","886,6","886,3","1563,1","21,8","17,1","22,1","20,6","17,7","16,1",81,73,75,115,"5,3","2,9"
2022/12/24,1400 UTC,0,"886,1","886,4","886,1","2156,6","23,4","16,7","23,6","21,2","17,9","16,4",77,66,66,82,"5,4","2,5"
2022/12/24,1500 UTC,0,"885,7","886,1","885,7","3660,8","23,8","16,3","24,5","23,2","18,1","15,9",70,61,63,94,"6,1",3
2022/12/24,1600 UTC,0,885,"885,7",885,"3809,4","25,2","16,9","25,3","23,8","17,6","15,5",66,56,60,84,"6,2",3
2022/12/24,1700 UTC,0,"884,3",885,"884,3","3363,1","25,6","16,4","26,3","24,3","17,8","14,6",63,51,57,92,"6,9","2,6"
2022/12/24,1800 UTC,0,"883,2","884,3","883,2",2538,"25,9","13,6","26,8","25,3","17,5","13,6",58,46,47,90,"6,6","2,7"
2022/12/24,1900 UTC,0,"882,7","883,2","882,7","1093,6","25,4","17,2","25,9","24,2",18,"14,1",68,47,61,121,"7,3","3,5"
2022/12/24,2000 UTC,0,"882,4","882,7","882,2","1269,9","25,7","16,9","25,9","24,5","17,5","15,9",61,57,58,115,"6,5",3
2022/12/24,2100 UTC,0,"883,3","883,3","882,4","494,1","22,7","17,3","25,8","22,7","17,6",16,72,56,72,57,"6,5","3,1"
2022/12/24,2200 UTC,0,884,884,"883,3","25,8","21,9","17,4","22,7","21,8",18,"17,2",78,72,76,55,"5,8","1,4"
2022/12/24,2300 UTC,"0,2","884,9","884,9",884,,22,"17,8","22,1","21,8","17,8","17,3",77,74,77,99,"6,3",3
2022/12/25,0000 UTC,0,"885,4","885,5","884,9",,"21,2","17,1",22,"21,1",18,"17,1",81,77,78,87,"7,1","2,4"
2022/12/25,0100 UTC,0,"885,7","885,9","885,4",,"19,1","15,4","21,2","19,1","17,5","15,3",83,78,79,103,"9,5","1,4"
2022/12/25,0200 UTC,0,"886,3","886,5","885,7",,"19,3","16,9","19,5","19,1","16,9","15,3",86,79,86,159,"4,7","1,2"
2022/12/25,0300 UTC,0,886,"886,4",886,,"19,8","17,8","19,8","19,2","17,8","16,9",89,86,88,68,"3,6","1,8"
2022/12/25,0400 UTC,0,"885,6",886,"885,5",,"19,8",18,"19,9","19,5",18,"17,6",89,88,89,76,"5,5","2,1"
2022/12/25,0500 UTC,"3,2","885,1","885,6","885,1",,"18,9","17,6","19,8","18,9","18,1","17,6",92,89,92,74,"5,4","2,4"
2022/12/25,0600 UTC,"1,4","884,4","885,2","884,4",,"18,9","17,8",19,"18,9","17,8","17,6",93,92,93,107,"4,6","1,6"
2022/12/25,0700 UTC,0,"884,2","884,4","884,2",,"18,7","17,5",19,"18,7","17,8","17,5",93,93,93,111,4,"1,6"
2022/12/25,0800 UTC,0,"884,4","884,4","884,2",,"18,5","17,4","18,7","18,5","17,5","17,4",93,93,93,108,"5,3","2,2"
2022/12/25,0900 UTC,0,"884,9","884,9","884,4","6,7","18,3","17,1","18,5","18,3","17,4",17,93,92,92,116,"5,3","2,9"
2022/12/25,1000 UTC,0,"885,4","885,5","884,9","105,1","18,6","17,3","18,6","18,3","17,4","17,1",93,92,92,90,"5,2","2,4"
2022/12/25,1100 UTC,0,"885,6","885,7","885,3","448,3","19,5",18,"19,5","18,6",18,"17,3",93,91,91,38,"4,9","1,8"
2022/12/25,1200 UTC,0,"885,5","885,6","885,5","1418,6","21,2","17,7","21,3","19,5","18,7","17,3",91,80,81,67,"4,9","2,4"
2022/12/25,1300 UTC,0,"885,5","885,6","885,4","1174,1","21,8","17,6","22,4","20,8","18,6","17,4",82,77,77,67,"5,2","2,3"
2022/12/25,1400 UTC,"0,6","885,3","885,6","885,2","2267,3","21,3","17,9",24,"21,3","19,1","17,3",81,68,81,31,"7,2","2,8"
2022/12/25,1500 UTC,"0,6","884,8","885,3","884,7",2462,"20,7",18,"24,4","20,7","20,3","17,6",87,67,84,58,"6,2","3,3"
2022/12/25,1600 UTC,"4,2","884,1","884,8","884,1","2307,9","23,4","18,9","23,6","20,1","20,1","17,7",90,74,76,76,"6,2","2,8"
2022/12/25,1700 UTC,0,"883,5","884,2","883,5","1960,1","22,2","18,3","24,1","21,2","19,4","18,1",87,69,79,23,7,"1,1"
2022/12/25,1800 UTC,0,"883,2","883,5","883,1","1377,7","22,9","18,6","23,8","22,2","19,3","17,8",79,72,77,92,"5,3","3,1"
2022/12/25,1900 UTC,"3,4","882,8","883,2","882,8","495,5","20,2","18,5","22,9","20,1","19,2","18,1",90,77,90,102,6,"3,2"
2022/12/25,2000 UTC,"0,8",883,"883,2","882,7","189,3","20,1","18,5","20,5","20,1","18,9","18,4",91,89,91,22,"5,9","1,9"
2022/12/25,2100 UTC,"5,8","883,3","883,4",883,"45,7","19,5","18,2","20,1","18,8","18,6","16,9",92,88,92,95,"4,3","2,1"
2022/12/25,2200 UTC,"0,4","883,7","883,7","883,3",27,"19,7","18,4","19,8","19,5","18,5","18,2",92,92,92,69,"4,9","1,9"
2022/12/25,2300 UTC,0,"884,2","884,2","883,7",,"19,6","18,4","19,7","19,6","18,5","18,4",93,92,93,99,"4,1","1,5"
2022/12/26,0000 UTC,0,"885,2","885,2","884,2",,"19,8","18,6","19,8","19,6","18,7","18,4",93,93,93,76,"3,9","1,9"
2022/12/26,0100 UTC,0,"885,8","885,8","885,2",,"19,8","18,6","19,8","19,7","18,6","18,6",93,93,93,56,"3,9","1,6"
2022/12/26,0200 UTC,0,"885,9",886,"885,7",,"19,8","18,6","19,9","19,8","18,7","18,6",93,92,93,48,"3,4","1,5"
2022/12/26,0300 UTC,"12,4","885,9",886,"885,8",,"18,9","17,8","19,9","18,8","18,7","17,7",94,92,94,33,"6,8","3,1"
2022/12/26,0400 UTC,"9,6","885,4","885,9","885,4",,"18,6","17,7","18,9","18,5","17,9","17,7",95,94,95,352,"6,8","3,3"
2022/12/26,0500 UTC,2,"885,1","885,4","885,1",,"18,6","17,7","18,6","18,5","17,7","17,6",95,95,95,8,"6,1",3
2022/12/26,0600 UTC,"1,4","884,8","885,1","884,8",,"18,7","17,8","18,7","18,6","17,8","17,7",95,95,95,13,"6,1",2
2022/12/26,0700 UTC,"1,2","884,9",885,"884,8",,"18,7","17,8","18,7","18,6","17,9","17,8",95,95,95,20,"5,5","1,5"
2022/12/26,0800 UTC,"1,6","885,1","885,1","884,9",,"18,5","17,7","18,7","18,5","17,8","17,6",95,95,95,356,"4,5","2,4"
2022/12/26,0900 UTC,"0,4","885,6","885,6","885,1","3,8","18,3","17,4","18,5","18,3","17,7","17,4",95,95,95,45,"4,2","1,9"
2022/12/26,1000 UTC,"0,8","886,2","886,2","885,6","73,9","18,3","17,5","18,4","18,2","17,5","17,3",95,95,95,33,"5,7","2,1"
2022/12/26,1100 UTC,0,"886,3","886,3","886,1","353,2","18,8","17,8","18,9","18,3",18,"17,4",95,94,94,21,"5,2","2,4"
2022/12/26,1200 UTC,"0,6","886,8","886,9","886,3","540,7","19,1",18,"19,1","18,8","18,1","17,7",94,93,94,22,"6,1","3,3"
2022/12/26,1300 UTC,"2,8","887,2","887,2","886,8","516,4","18,7","17,6","19,1","18,5",18,"17,4",94,93,94,6,"7,9","3,5"
2022/12/26,1400 UTC,"4,4",887,"887,2",887,"448,3","18,7","17,6","18,9","18,7","17,9","17,6",94,93,94,6,"9,2","4,3"
2022/12/26,1500 UTC,"2,8","886,9",887,"886,9","643,1","18,5","17,3","18,9","18,5","17,8","17,3",94,93,93,348,"9,9","5,1"
2022/12/26,1600 UTC,"1,4","886,3","886,9","886,3","733,5","19,3","18,1","19,5","18,5","18,3","17,3",93,92,92,358,"9,9","4,1"
2022/12/26,1700 UTC,0,"885,6","886,3","885,6","1350,5","19,9","17,7",20,"19,3","18,4","17,6",93,87,88,349,"8,2","4,7"
2022/12/26,1800 UTC,0,"884,9","885,6","884,9","845,4","19,8","17,7","20,2","19,8","18,2","17,4",88,86,88,324,"8,4","2,9"
2022/12/26,1900 UTC,"0,6","884,4","884,9","884,4","511,6","18,8","17,4","19,9","18,8","17,9","17,3",92,87,92,333,"7,8","3,8"
2022/12/26,2000 UTC,"1,6","884,1","884,5","884,1","330,6","18,6","17,5","18,9","18,6","17,7","17,3",93,92,93,357,"7,9","4,1"
2022/12/26,2100 UTC,"0,8","884,2","884,2",884,"260,6","18,4","17,3","18,7","18,3","17,7","17,1",94,92,93,347,"7,8","3,3"
2022/12/26,2200 UTC,0,"884,4","884,4","884,1","55,4","18,2","17,1","18,5","18,1","17,4",17,93,93,93,354,7,"2,3"
2022/12/26,2300 UTC,0,"885,1","885,1","884,4",,"18,2","17,1","18,2","18,1","17,1",17,94,93,93,5,"4,2","2,4"
2022/12/27,0000 UTC,"0,2","885,8","885,8","885,1",,"18,4","17,2","18,4","18,2","17,2","17,1",93,92,93,14,"4,6","2,1"
2022/12/27,0100 UTC,0,"886,4","886,4","885,8",,"18,4","17,4","18,5","18,3","17,4","17,2",94,93,94,9,"3,9","2,1"
2022/12/27,0200 UTC,"2,4","886,6","886,7","886,4",,"18,3","17,4","18,5","18,3","17,5","17,3",94,94,94,351,4,2
2022/12/27,0300 UTC,"0,6","886,1","886,7","886,1",,"18,4","17,5","18,4","18,3","17,5","17,4",95,94,95,349,"4,3","2,7"
2022/12/27,0400 UTC,"4,8","885,5","886,1","885,5",,"18,3","17,4","18,5","18,2","17,6","17,4",95,95,95,356,"6,8","3,8"
2022/12/27,0500 UTC,"1,4","885,3","885,5","885,3",,"18,3","17,4","18,3","18,2","17,4","17,3",95,95,95,355,"6,8","3,5"
2022/12/27,0600 UTC,0,"885,3","885,3","885,2",,"18,2","17,3","18,3","18,2","17,4","17,3",95,94,94,357,"5,8","2,9"
2022/12/27,0700 UTC,"0,2","885,5","885,5","885,2",,18,17,"18,2",18,"17,3",17,94,94,94,358,"4,7",3
2022/12/27,0800 UTC,0,"885,7","885,7","885,5",,"17,6","16,5","18,1","17,6",17,"16,5",94,93,93,7,"7,1","4,1"
2022/12/27,0900 UTC,"0,2","886,3","886,3","885,8","3,1","17,8","16,6","17,8","17,5","16,6","16,5",94,93,93,8,"7,1","3,4"
2022/12/27,1000 UTC,0,887,887,"886,3","142,3","18,1","16,7","18,1","17,8","16,7","16,6",93,91,91,360,"6,1","2,8"
2022/12/27,1100 UTC,0,"887,6","887,6",887,"444,1","18,6","16,8","18,6","18,1","16,9","16,6",91,89,89,346,"5,8","3,1"
2022/12/27,1200 UTC,0,"888,2","888,2","887,6","826,3","19,4","16,9","19,5","18,6","17,2","16,7",89,86,86,350,"6,8","3,7"
2022/12/27,1300 UTC,0,"888,4","888,4","888,2","1191,7","20,4","17,2","20,5","19,4","17,3","16,6",87,81,82,352,"7,6","4,2"
2022/12/27,1400 UTC,0,"888,3","888,5","888,3","1428,5","21,1","17,7","21,1","19,6","17,7","16,5",85,80,81,348,"8,5",4
2022/12/27,1500 UTC,0,888,"888,4",888,"1815,2","22,4","16,1","22,4","20,8","17,7",16,81,67,68,7,"8,4","4,3"
2022/12/27,1600 UTC,0,"887,3",888,"887,3","2415,7","23,3",16,24,"22,1",17,"15,5",70,62,64,15,9,"4,2"
2022/12/27,1700 UTC,0,"886,6","887,4","886,6","2175,8","23,6","16,5","23,9","22,4","16,6","15,6",67,61,64,10,"8,9","4,3"
2022/12/27,1800 UTC,0,"885,6","886,6","885,6","2021,5","23,7","16,2","24,5","23,4","16,9","15,6",65,60,63,359,"8,4","3,8"
2022/12/27,1900 UTC,0,"884,9","885,6","884,9","1666,7",24,"16,7","24,3","23,3",17,"15,7",65,59,64,1,"8,2","2,9"
2022/12/27,2000 UTC,0,"884,6",885,"884,5","1245,8","24,3","15,9","24,4","23,6","16,6","15,7",64,59,59,12,"6,2","2,8"
2022/12/27,2100 UTC,0,"884,6","884,6","884,5","611,2","23,5","15,7","24,3","23,4","16,4","15,3",63,59,62,9,"5,7","2,4"
2022/12/27,2200 UTC,0,"885,5","885,5","884,6","162,1","21,2","16,9","23,7","21,2","16,9","15,3",77,60,77,81,"4,5","0,3"
2022/12/27,2300 UTC,0,"886,2","886,2","885,5",,"20,5","17,4","21,5","20,5",18,17,82,76,82,31,"1,4","0,6"
2022/12/28,0000 UTC,0,"886,7","886,7","886,2",,"21,7","16,7","22,1","20,5","17,8","16,5",83,71,73,44,"3,1","1,4"
2022/12/28,0100 UTC,0,"887,3","887,3","886,7",,"20,8","17,3","21,8","20,8","17,4","16,7",81,73,81,1,"3,5","1,4"
2022/12/28,0200 UTC,0,"887,7","887,7","887,3",,"20,5","17,9","20,9","20,2",18,"17,3",86,80,85,66,"2,3","0,6"
2022/12/28,0300 UTC,0,"887,3","887,7","887,2",,"20,8","17,7","20,8","20,1",18,"17,5",85,82,83,81,"4,3","2,3"
2022/12/28,0400 UTC,0,"886,5","887,3","886,5",,"19,9",17,"20,9","19,9","17,7",17,83,79,83,17,"4,7","0,9"
2022/12/28,0500 UTC,0,"885,9","886,5","885,9",,"19,9","17,2","20,1","19,6","17,4",17,86,83,84,10,"4,2","1,8"
2022/12/28,0600 UTC,0,"885,9",886,"885,8",,"19,2","17,3","19,9","19,2","17,4","17,1",89,84,89,352,"2,8",1
2022/12/28,0700 UTC,0,"885,7","885,9","885,7",,"19,8","17,1","19,8","19,2","17,5","17,1",89,84,84,31,"2,9","1,2"
2022/12/28,0800 UTC,0,"886,2","886,2","885,6",,"18,6",17,"19,8","18,5",17,"16,6",90,84,90,327,"2,9","0,4"
2022/12/28,0900 UTC,0,"886,8","886,8","886,1","1,8","18,4","17,1","18,7","18,3","17,3","17,1",92,90,92,11,"1,2","0,7"
2022/12/28,1000 UTC,0,"887,1","887,1","886,8",301,"20,1",17,"20,1","18,4","18,1",17,93,82,82,16,"2,5","1,4"
2022/12/28,1100 UTC,0,"887,8","887,8","887,1","826,8","21,1","17,1","21,4","20,1","17,4","16,7",84,76,78,70,3,1
2022/12/28,1200 UTC,0,"887,9","887,9","887,7",1598,"22,4","17,4","22,9",21,18,"16,7",78,72,73,43,"4,6","2,7"
2022/12/28,1300 UTC,0,"887,7","887,9","887,7","1490,1",23,"17,5","23,2","22,2","18,2",17,75,70,71,33,5,"2,4"
2022/12/28,1400 UTC,0,"887,3","887,7","887,3","2153,8","24,6",17,"25,6",23,"18,4","16,6",74,59,63,32,"8,5","2,8"
2022/12/28,1500 UTC,0,"886,6","887,4","886,6","1284,8","24,8","17,2","24,9",24,"17,8","16,6",66,61,63,9,"6,8","3,3"
2022/12/28,1600 UTC,0,"886,1","886,6","886,1","2919,8","25,5","15,7",27,"24,8","18,1","15,7",63,51,55,358,8,"4,5"
2022/12/28,1700 UTC,0,"885,4","886,1","885,4","1448,5",25,"17,9","25,7","24,6","17,9","16,1",65,55,65,22,8,4
2022/12/28,1800 UTC,0,885,"885,5","884,9","2513,9","24,3","17,1",26,"24,3",19,16,68,57,64,355,"9,5",5
2022/12/28,1900 UTC,0,"885,2","885,4","884,9",549,"20,7","16,6","24,3","20,7","18,3","16,6",82,64,78,334,"9,6","5,2"
2022/12/28,2000 UTC,0,"885,3","885,5","885,1","191,4","20,5","16,7","20,7","20,5",17,"16,7",80,78,78,348,"9,4","3,7"
2022/12/28,2100 UTC,0,"885,5","885,5","885,1","199,9","20,5",17,"20,6","20,4",17,"16,7",80,79,80,341,"6,2","1,9"
2022/12/28,2200 UTC,0,"886,1","886,1","885,5","66,6","20,2","17,2","20,6","20,2","17,2","16,9",83,80,83,349,"5,5",2
2022/12/28,2300 UTC,0,"886,9","886,9","886,1",,"19,5","17,2","20,2","19,5","17,3","17,1",87,83,87,311,5,"1,6"
2022/12/29,0000 UTC,0,"887,4","887,4","886,8",,"19,4","17,5","19,5","19,3","17,5","17,2",89,87,89,319,"3,7","1,9"
2022/12/29,0100 UTC,0,"887,8","887,8","887,4",,"19,4","17,5","19,4","19,3","17,6","17,4",89,88,89,332,"4,2","1,9"
2022/12/29,0200 UTC,0,"887,8",888,"887,7",,"19,4","17,5","19,6","19,3","17,6","17,4",89,88,89,349,"4,5","1,9"
2022/12/29,0300 UTC,0,"887,6","887,8","887,6",,"19,1","17,5","19,4","19,1","17,6","17,4",90,89,90,341,"4,7","2,1"
2022/12/29,0400 UTC,0,"887,2","887,6","887,2",,"18,9","17,4","19,1","18,8","17,6","17,3",92,90,91,345,"4,7",2
2022/12/29,0500 UTC,0,"886,8","887,2","886,8",,"18,8","17,5",19,"18,7","17,5","17,3",92,91,92,348,"3,6","1,5"
2022/12/29,0600 UTC,0,"886,4","886,8","886,4",,"18,6","17,5","18,8","18,6","17,6","17,4",93,92,93,310,"2,7","1,4"
2022/12/29,0700 UTC,0,"886,7","886,7","886,2",,"18,8","17,6","18,8","18,6","17,6","17,5",93,93,93,323,"3,2","1,6"
2022/12/29,0800 UTC,0,"886,7","886,9","886,6",,"18,9","17,4",19,"18,8","17,6","17,4",93,91,91,341,"3,4","1,7"
2022/12/29,0900 UTC,0,"887,2","887,3","886,7","3,9","18,7","17,3","18,9","18,6","17,5","17,2",92,91,91,323,"3,4","1,8"
2022/12/29,1000 UTC,0,"887,8","887,8","887,2","376,7","19,7","17,3","19,7","18,7","17,5","17,2",91,86,86,339,"5,3","3,1"
2022/12/29,1100 UTC,0,"888,2","888,2","887,7","1183,6","21,3","17,4","21,4","19,7","17,8","17,1",87,78,79,352,"6,9","4,3"
2022/12/29,1200 UTC,0,"888,5","888,6","888,2","1394,8",22,17,"22,2","21,2","17,7","16,7",79,72,73,356,"7,9","3,7"
2022/12/29,1300 UTC,0,"888,9","888,9","888,5","1984,3","23,1","16,5","23,3",22,"17,6","16,3",74,66,66,337,"8,6","4,3"
2022/12/29,1400 UTC,0,"888,6","888,9","888,6","3346,4","24,2","16,5",25,"23,1","17,3","16,3",68,59,62,1,"9,6",5
2022/12/29,1500 UTC,0,"888,2","888,7","888,2","3443,5","25,8","16,5","26,1","24,2","17,5",16,65,56,56,16,"9,6","3,5"
2022/12/29,1600 UTC,0,"887,5","888,2","887,5","2820,7","25,8",17,"26,5","25,1","17,5","15,1",60,53,58,4,"6,8","2,5"
2022/12/29,1700 UTC,0,"886,7","887,5","886,7","2827,6",27,"16,7","27,4","25,2","17,4","15,1",58,50,53,353,"6,9","2,6"
2022/12/29,1800 UTC,0,"885,8","886,7","885,8","2308,3","26,5","16,4","28,2","25,9","17,9","15,4",57,49,54,338,"7,1","3,1"
2022/12/29,1900 UTC,0,"885,2","885,8","885,2","834,8","24,6","18,1","26,5","24,3","18,1","15,4",67,51,67,46,"6,3",1
2022/12/29,2000 UTC,"0,2","885,2","885,2","884,9","1342,2","25,1","17,1","27,1","24,6","18,5",16,69,52,61,69,"5,6","2,7"
2022/12/29,2100 UTC,0,"885,2","885,2","885,1","343,6","24,8","16,6","25,2","24,8","17,4","16,5",63,59,60,48,"5,2","2,1"
2022/12/29,2200 UTC,0,"885,8","885,8","885,1","94,6","24,1","16,9","24,9","24,1","17,2","16,7",64,60,64,47,"4,5","1,1"
2022/12/29,2300 UTC,0,"886,4","886,4","885,8",,23,"17,3","24,2",23,"17,5","16,8",70,64,70,37,"4,1","1,5"
2022/12/30,0000 UTC,0,"886,6","886,6","886,4",,"22,5","17,4",23,"22,5","17,4","17,3",73,70,73,31,"3,9","1,5"
2022/12/30,0100 UTC,0,"887,2","887,2","886,6",,"21,5","17,1","22,7","21,5","17,4","16,8",76,70,76,24,"3,9","0,9"
2022/12/30,0200 UTC,0,"887,5","887,6","887,2",,"20,7","17,3","21,8","20,7","17,5","17,1",81,76,81,9,3,"1,5"
2022/12/30,0300 UTC,0,"887,1","887,5","887,1",,"20,5","17,2","20,9","20,1","17,7","17,2",85,81,82,8,"2,5","1,2"
2022/12/30,0400 UTC,0,"886,6","887,1","886,6",,"19,6","17,2","20,5","19,6","17,5",17,87,82,86,79,"2,2","0,4"
2022/12/30,0500 UTC,0,"886,4","886,7","886,4",,"20,2","17,8","20,2","19,5","17,8","17,3",88,85,86,107,"1,5","0,8"
2022/12/30,0600 UTC,0,886,"886,4",886,,"18,7","17,3","20,2","18,5","17,7",17,91,86,91,38,"1,5","0,7"
2022/12/30,0700 UTC,0,"886,1","886,1",886,,"19,8","17,3","19,9","18,5","17,8","16,7",92,86,86,28,"2,8","1,3"
2022/12/30,0800 UTC,0,"886,3","886,4","886,1",,18,"16,6","19,8",18,"17,3","16,4",92,85,92,19,"2,9","0,4"
2022/12/30,0900 UTC,0,887,887,"886,3","11,1","17,8","16,6",18,"17,6","16,8","16,4",93,92,93,72,"1,1","0,6"
2022/12/30,1000 UTC,0,"887,3","887,3","886,9","439,4","21,1","17,8","21,1","17,8","18,7","16,6",94,81,82,10,"1,7","0,9"
2022/12/30,1100 UTC,0,"887,7","887,7","887,3","1389,6","23,2",18,"23,4","21,1","18,3","17,5",82,71,73,32,"4,5",2
2022/12/30,1200 UTC,0,"888,3","888,3","887,7","1117,8",23,"17,6","23,2","22,6","18,1","17,1",74,71,72,12,"4,6","1,8"
2022/12/30,1300 UTC,0,"888,3","888,4","888,2","1626,6","23,7","17,2","24,1",23,"18,3","16,9",73,65,67,360,"5,4","2,8"
2022/12/30,1400 UTC,0,"888,3","888,5","888,2",1173,24,"17,5","24,1","23,7","17,8","16,9",68,65,67,351,5,"1,9"
2022/12/30,1500 UTC,0,"888,1","888,3",888,608,"20,9","17,7","24,2","20,7","18,2","17,1",83,66,82,73,"7,7","4,1"
2022/12/30,1600 UTC,0,"887,5","888,1","887,5","423,8","20,7","17,6","21,2","20,7",18,"17,2",84,80,82,75,"7,7","2,5"
2022/12/30,1700 UTC,0,"887,2","887,6","887,2","513,2","21,6",17,"21,9","20,6","17,8","16,6",83,72,75,358,5,"3,2"
2022/12/30,1800 UTC,0,"887,1","887,4","887,1","811,3","21,7","17,2","22,2","21,4","17,8","16,9",78,74,76,354,"7,4",4
2022/12/30,1900 UTC,0,"886,1","887,1","886,1","598,1","21,2","16,8","21,7","21,2","17,7","16,5",80,74,76,11,"7,7","3,2"
2022/12/30,2000 UTC,0,"885,6","886,1","885,6","489,3","21,4","15,8","21,6","21,2",17,"15,2",76,68,71,15,"5,3","2,6"
2022/12/30,2100 UTC,0,886,"886,1","885,6","332,4","21,1","16,4","21,5","21,1","16,5","15,6",74,70,74,317,"5,1",1
2022/12/30,2200 UTC,0,"886,2","886,2","885,8","56,7","19,8","16,7","21,1","19,8","16,8","16,2",83,74,83,352,"4,3","0,4"
2022/12/30,2300 UTC,0,"886,7","886,8","886,3",,"18,9","16,9","19,8","18,9",17,"16,8",88,83,88,188,"1,1","0,3"
2022/12/31,0000 UTC,0,"887,2","887,2","886,7",,"19,5","16,7","19,7","18,9","17,1","16,6",88,84,84,124,"2,1","1,1"
2022/12/31,0100 UTC,0,"887,5","887,5","887,1",,"18,2","16,2","19,6","18,2","16,7","16,1",89,83,88,127,"1,8","0,3"
2022/12/31,0200 UTC,0,"887,7","887,8","887,5",,"18,7",17,"18,7","17,6",17,"16,1",92,88,90,113,"1,8","1,1"
2022/12/31,0300 UTC,0,"887,7","887,8","887,6",,"18,6","16,6","19,6","18,3","17,2","16,4",90,85,88,260,"2,4","0,7"
2022/12/31,0400 UTC,0,"887,1","887,7",887,,"18,1","16,7","18,7",18,"17,2","16,5",91,88,91,267,2,"1,3"
2022/12/31,0500 UTC,0,"886,7","887,2","886,6",,"17,8","16,6","18,1","17,5","16,8","16,2",93,91,93,170,2,"0,7"
2022/12/31,0600 UTC,0,"886,4","886,8","886,4",,"17,7","16,7","17,8","17,4","16,7","16,3",94,93,94,15,"1,4","0,3"
2022/12/31,0700 UTC,0,"886,1","886,4","885,9",,"17,3","16,4","17,8","17,3","16,8","16,3",94,94,94,10,"0,8","0,4"
2022/12/31,0800 UTC,0,"886,7","886,7",886,,"18,1","17,2","18,3","17,3","17,3","16,4",94,94,94,84,"1,4","0,7"
2022/12/31,0900 UTC,0,"887,4","887,4","886,7","4,4","18,9","17,9","18,9",18,"17,9",17,94,94,94,119,"2,2",1
2022/12/31,1000 UTC,0,888,888,"887,4","79,3",19,"17,7","19,2","18,9",18,"17,7",94,91,92,123,"3,8","1,8"
2022/12/31,1100 UTC,"10,4","888,8","888,8",888,"144,6","19,2","18,1","19,2","18,7","18,2","17,5",94,92,94,127,"4,7","1,3"
2022/12/31,1200 UTC,0,"889,3","889,3","888,8","536,9","19,8","18,6","19,8",19,"18,6",18,94,93,93,124,"3,2","1,9"
2022/12/31,1300 UTC,"0,2","889,5","889,6","889,3","971,6",20,"18,2","20,6","19,7",19,"17,8",93,86,89,140,"3,8","1,8"
2022/12/31,1400 UTC,0,"889,3","889,6","889,3","1718,2",23,"18,7",23,"19,9","19,4","17,6",89,77,77,68,4,"1,3"
2022/12/31,1500 UTC,0,"888,4","889,3","888,4","2962,6","24,1","18,9","24,1","22,4","19,1","17,6",77,70,73,78,5,"1,5"
2022/12/31,1600 UTC,0,888,"888,4","887,9","1178,3","22,1","17,8","24,1","22,1","18,8","17,2",77,66,77,71,"7,1","3,6"
2022/12/31,1700 UTC,0,"887,6","888,1","887,6","672,2","20,8","18,2","22,1","20,5","18,2","17,2",85,76,85,79,"7,2","2,1"
2022/12/31,1800 UTC,0,"886,6","887,6","886,6","827,1","22,4","17,8","22,6","20,8","18,3","17,1",85,71,75,51,"4,4","1,8"
2022/12/31,1900 UTC,0,"885,7","886,6","885,7","1563,5","23,9","18,1","24,4","22,4",19,"17,5",75,68,70,19,"4,2","1,9"
2022/12/31,2000 UTC,"0,2","885,7","885,8","885,6","751,9","22,8","19,6","24,7","22,7","19,6","17,8",82,67,82,27,"4,7","0,6"
2022/12/31,2100 UTC,0,"886,2","886,2","885,7","226,5","22,5","17,9","23,1","22,5","20,1","17,6",85,73,75,311,"2,1",1
2022/12/31,2200 UTC,"0,2","886,8","886,8","886,2","32,5","20,8","18,9","22,7","20,8","19,2","17,6",89,73,89,253,"1,9","0,3"
2022/12/31,2300 UTC,0,"887,2","887,2","886,8",,"20,1","18,4","20,8","19,9","18,9","18,3",91,88,90,165,"1,4",1